
===== STAGE 2 =====
Evaluated: 120 candidates
Best score: 0.1587  |  rS0: 0.115  |  rS1: 0.118  |  rS2: 0.269  |  rNND: 0.133
Best params:
  -      merge_prob: 0.960512
  -        adhesion: 0.910375
  -   fragment_rate: 0.00553153
  -   heading_sigma: 0.509149
  -          dist_s: 0.504068
  -      dist_scale: 3.69152
  - init_n_clusters: 1019
