
===== STAGE 3 =====
Evaluated: 160 candidates
Best score: 24.144  |  NND RMSE: 11.787  |  S0 RMSE: 11.296  |  Penalty: 1.062
Best params:
  -      merge_prob: 0.959892
  -        adhesion: 0.672779
  -   fragment_rate: 0.00034127
  -   heading_sigma: 0.279204
  - init_n_clusters: 895
  -          dist_s: 0.573913
  -      dist_scale: 3.68491
