time_min,step,agent_id,x,y,radius,size,speed
25.0,25,1,104.10641207131381,939.6686305118425,7.755538950942392,1.0,1.0
25.0,25,2,953.2406109772012,453.39638105548494,7.755538950942392,1.0,1.0
25.0,25,3,949.8051154373935,310.6642690705523,12.311150689306297,4.0,1.0
25.0,25,6,454.3951926546384,93.87861918660477,7.755538950942392,1.0,0.9999999999999999
25.0,25,8,357.61428158017736,215.97033833624644,15.511077901884784,8.0,1.0
25.0,25,9,1077.7401176889541,402.5512784203643,7.755538950942392,1.0,1.0
25.0,25,10,1152.9928030053145,310.4884317276226,7.755538950942392,1.0,1.0
25.0,25,11,854.1358926458939,943.3929336643693,9.77136677757192,2.0,1.0
25.0,25,14,1226.4308246941252,409.68514066473904,7.755538950942392,1.0,1.0
25.0,25,15,1007.7717940096621,307.781964730422,7.755538950942392,1.0,1.0
25.0,25,17,194.13822944233831,268.3150943573588,7.755538950942392,1.0,1.0
25.0,25,18,652.7263487096196,644.0835464121135,7.755538950942392,1.0,1.0
25.0,25,19,483.3796338418125,812.0909274204333,7.755538950942392,1.0,1.0
25.0,25,20,341.68659405361063,954.7622722768825,7.755538950942392,1.0,1.0
25.0,25,21,264.07366586168115,82.97455777989092,7.755538950942392,1.0,1.0
25.0,25,22,146.55905588859855,461.7240306031321,9.77136677757192,2.0,1.0
25.0,25,23,11.30994666884312,818.2333617693238,9.77136677757192,2.0,0.9999999999999999
25.0,25,27,519.2672223739324,548.4500198444149,7.755538950942392,1.0,1.0
25.0,25,28,911.1935026403368,902.0877055028257,7.755538950942392,1.0,1.0
25.0,25,29,1111.7841659418555,1019.3837310177121,11.185422719499032,3.0,0.9999999999999999
25.0,25,31,970.5525357598826,133.8894880115231,7.755538950942392,1.0,1.0
25.0,25,35,198.98726529424434,746.9939380425794,7.755538950942392,1.0,0.9999999999999999
25.0,25,36,868.2160755017641,54.125463420627746,7.755538950942392,1.0,1.0
25.0,25,37,873.198315054696,910.8506096003864,7.755538950942392,1.0,1.0
25.0,25,38,966.0494821228936,716.3437043191335,7.755538950942392,1.0,1.0
25.0,25,39,1329.4242240228255,1002.3210554328592,7.755538950942392,1.0,1.0
25.0,25,40,963.851532998292,925.7040417132174,9.77136677757192,2.0,1.0
25.0,25,41,430.1564847661746,279.7953199091757,9.77136677757192,2.0,1.0
25.0,25,43,783.4203672126223,825.2897835374281,7.755538950942392,1.0,1.0
25.0,25,44,750.8850366701588,65.74993230606802,9.77136677757192,2.0,1.0
25.0,25,45,891.4047971431013,951.0421405024193,7.755538950942392,1.0,1.0
25.0,25,46,1145.641738533559,356.04848677462036,7.755538950942392,1.0,1.0
25.0,25,51,1325.9478743124332,238.82767997277043,9.77136677757192,2.0,1.0
25.0,25,52,155.47943909664366,187.37499949453044,7.755538950942392,1.0,1.0
25.0,25,53,135.3042088653481,107.03727512825016,7.755538950942392,1.0,0.9999999999999999
25.0,25,54,1334.888962673267,162.23127683584113,7.755538950942392,1.0,1.0
25.0,25,55,1250.6087857279515,609.814710032605,7.755538950942392,1.0,1.0
25.0,25,57,1054.7288372212934,725.0960122127806,12.311150689306295,4.0,1.0
25.0,25,59,40.89430217337172,148.48617515160032,7.755538950942392,1.0,1.0
25.0,25,60,50.20475836653578,232.48120937486834,9.77136677757192,2.0,0.9999999999999999
25.0,25,61,884.1045654032239,991.6174400187216,9.771366777571922,2.0,1.0
25.0,25,62,579.2272381866936,1022.9047561748779,7.755538950942392,1.0,1.0
25.0,25,63,1134.206545721343,633.7749133855514,7.755538950942392,1.0,1.0
25.0,25,65,700.8572208848767,833.0641297378904,7.755538950942392,1.0,1.0
25.0,25,66,959.5156221766712,1011.9166133916615,9.771366777571922,2.0,1.0
25.0,25,67,1075.6311738705951,244.88356034400738,13.261785059625712,5.0,0.9999999999999999
25.0,25,68,1243.357347284002,659.037685124502,7.755538950942392,1.0,1.0
25.0,25,69,1158.8503803982112,67.74713808935455,7.755538950942392,1.0,1.0
25.0,25,70,1150.3040732451836,482.1675598535558,7.755538950942392,1.0,1.0
25.0,25,71,772.4165805688136,777.710574801192,7.755538950942392,1.0,1.0
25.0,25,73,530.6530856158248,310.5730119146272,7.755538950942392,1.0,1.0
25.0,25,77,425.26380848339943,830.5111114711162,11.185422719499032,3.0,1.0
25.0,25,78,1102.252579026547,180.88550404308438,7.755538950942392,1.0,1.0
25.0,25,79,826.6612239919762,237.58517170329011,9.77136677757192,2.0,1.0
25.0,25,80,1011.9875909364563,355.9501851079248,7.755538950942392,1.0,0.9999999999999999
25.0,25,81,608.6097362689654,16.655875069208342,7.755538950942392,1.0,1.0
25.0,25,82,57.88862092090269,759.1617371775737,7.755538950942392,1.0,0.9999999999999999
25.0,25,83,1199.3784005419163,416.93592892180004,7.755538950942392,1.0,1.0
25.0,25,84,292.7979551879088,663.8619416182696,7.755538950942392,1.0,1.0
25.0,25,85,117.35212494934689,785.514973776889,7.755538950942392,1.0,1.0
25.0,25,86,1029.7305863248396,514.6716109177246,9.77136677757192,2.0,0.9999999999999999
25.0,25,87,712.475017606827,123.1105555493602,7.755538950942392,1.0,1.0
25.0,25,88,76.2783374252292,509.6555972598487,7.755538950942392,1.0,1.0
25.0,25,90,802.0004391015696,416.8559432924057,7.755538950942392,1.0,1.0
25.0,25,91,56.61702636719778,26.664269937233843,7.755538950942392,1.0,0.9999999999999999
25.0,25,92,1098.6880153798409,702.3762254773143,7.755538950942392,1.0,1.0
25.0,25,93,286.7236383347186,288.77690044265165,7.755538950942392,1.0,1.0
25.0,25,94,653.5117427003063,884.6965491670517,9.77136677757192,2.0,1.0
25.0,25,97,951.374281687009,73.59102214373829,9.771366777571922,2.0,1.0
25.0,25,100,361.110962552699,813.348706385013,7.755538950942392,1.0,0.9999999999999999
25.0,25,101,12.460154454898682,619.1048693406035,7.755538950942392,1.0,1.0
25.0,25,103,214.2850378368121,21.138305740668187,7.755538950942392,1.0,1.0
25.0,25,104,375.97243057302694,579.6552597803418,7.755538950942392,1.0,0.9999999999999999
25.0,25,107,442.04159492118845,137.19250025407925,7.755538950942392,1.0,1.0
25.0,25,110,646.5337681629928,621.7361373469915,7.755538950942392,1.0,1.0
25.0,25,114,300.00826211859106,359.75700902021964,9.77136677757192,2.0,1.0
25.0,25,116,1162.1543584165026,43.569678034748456,9.77136677757192,2.0,0.9999999999999999
25.0,25,118,287.9100540185947,438.042351087044,9.77136677757192,2.0,1.0
25.0,25,119,1038.369738530368,555.8699005079008,11.185422719499032,3.0,1.0
25.0,25,120,113.17066396715852,267.2366955217252,7.755538950942392,1.0,1.0
25.0,25,121,106.96056373018482,216.53485942458173,9.77136677757192,2.0,1.0
25.0,25,122,848.3160069181966,256.40891423643825,12.311150689306297,4.0,1.0
25.0,25,123,1298.4988492157129,583.6888949347891,11.185422719499034,3.0,1.0
25.0,25,125,428.3764388664381,1002.7145945932277,9.77136677757192,2.0,0.9999999999999999
25.0,25,126,1332.147848586258,474.49479847228054,7.755538950942392,1.0,1.0
25.0,25,127,848.2273474723136,568.3851362808717,7.755538950942392,1.0,1.0
25.0,25,129,773.7359446685103,677.0890807298484,7.755538950942392,1.0,1.0
25.0,25,130,1192.4185038492071,437.822840044247,7.755538950942392,1.0,0.9999999999999999
25.0,25,131,1234.773031643257,304.6600172616297,7.755538950942392,1.0,1.0
25.0,25,132,1282.525646445274,189.28823391457482,11.185422719499032,3.0,0.9999999999999999
25.0,25,134,110.14969646498909,824.9247852578552,7.755538950942392,1.0,1.0
25.0,25,135,1009.7464744041013,593.5213189712628,7.755538950942392,1.0,1.0
25.0,25,136,853.5572884732759,861.511014334886,7.755538950942392,1.0,0.9999999999999999
25.0,25,138,481.016076925473,1024.0011879221613,7.755538950942392,1.0,1.0
25.0,25,140,387.92724008437597,654.028638409153,7.755538950942392,1.0,1.0
25.0,25,142,1290.9136071730438,293.1428300983139,7.755538950942392,1.0,1.0
25.0,25,143,616.0023292812275,113.47578512381958,13.261785059625712,5.0,0.9999999999999999
25.0,25,144,1271.133734506384,971.9032526396347,9.77136677757192,2.0,1.0
25.0,25,145,116.20956091368386,869.997291560899,9.77136677757192,2.0,1.0
25.0,25,146,1053.0344383266645,531.9845963838637,7.755538950942392,1.0,1.0
25.0,25,148,548.0535734044911,138.75553579785145,7.755538950942392,1.0,1.0
25.0,25,149,172.68726235724134,981.8581475069584,7.755538950942392,1.0,1.0
25.0,25,150,710.3644112368513,388.2644795897057,11.185422719499032,3.0,0.9999999999999999
25.0,25,151,469.28111246583717,671.2690868489968,7.755538950942392,1.0,1.0
25.0,25,152,1153.675111790277,673.9247678942035,7.755538950942392,1.0,1.0
25.0,25,153,57.59001318855226,543.1446869014229,9.77136677757192,2.0,1.0
25.0,25,156,873.5519294658445,807.6374732470642,7.755538950942392,1.0,0.9999999999999999
25.0,25,160,1050.3398762177878,759.6739337923793,7.755538950942392,1.0,1.0
25.0,25,163,80.03893685789836,72.0544709746052,7.755538950942392,1.0,1.0
25.0,25,164,365.92262837513505,80.14867386511611,7.755538950942392,1.0,1.0
25.0,25,165,149.94679088149238,9.328048524238573,7.755538950942392,1.0,1.0
25.0,25,166,491.89117518529616,88.24005866076747,11.185422719499032,3.0,1.0
25.0,25,168,1296.0026092420267,828.9066089851492,7.755538950942392,1.0,1.0
25.0,25,170,977.1265663461298,692.4485517102759,7.755538950942392,1.0,1.0
25.0,25,171,129.13515717291835,834.9120052452942,7.755538950942392,1.0,0.9999999999999999
25.0,25,172,826.3208400775429,814.873245642447,7.755538950942392,1.0,1.0
25.0,25,173,12.221890905616052,58.79654943549073,9.77136677757192,2.0,0.9999999999999999
25.0,25,174,967.6586023146767,747.17752498443,7.755538950942392,1.0,0.9999999999999999
25.0,25,175,1333.9660443599394,864.7468456823772,9.77136677757192,2.0,0.9999999999999999
25.0,25,178,1228.5068764214823,544.0465662933293,7.755538950942392,1.0,1.0
25.0,25,180,605.7743614979731,1022.0341967964949,7.755538950942392,1.0,1.0
25.0,25,181,462.11856803691563,935.72923922785,11.185422719499032,3.0,1.0
25.0,25,182,160.6767080553036,707.833095881513,7.755538950942392,1.0,1.0
25.0,25,186,225.56748436344097,618.5477873269076,11.185422719499034,3.0,0.9999999999999999
25.0,25,187,613.7562477718506,895.9064891494942,7.755538950942392,1.0,1.0
25.0,25,188,598.8127436108474,280.4608528681329,7.755538950942392,1.0,1.0
25.0,25,189,821.9300626427519,923.5677578126162,7.755538950942392,1.0,1.0
25.0,25,190,1084.264383954239,966.2411577690644,7.755538950942392,1.0,1.0
25.0,25,191,1077.1824688416175,753.9192818786094,9.77136677757192,2.0,1.0
25.0,25,193,351.3162725872388,96.03790410942936,7.755538950942392,1.0,1.0
25.0,25,198,202.2960630109101,624.5711363684678,7.755538950942392,1.0,1.0
25.0,25,199,193.584037087475,527.1877082361725,12.311150689306299,4.0,1.0
25.0,25,201,144.30452522758003,428.71612898379936,9.77136677757192,2.0,1.0
25.0,25,208,1037.9866784368573,281.7776364269541,9.77136677757192,2.0,1.0
25.0,25,210,104.93894086049823,6.196778197945658,9.77136677757192,2.0,0.9999999999999999
25.0,25,213,487.3228222082827,742.230564407246,7.755538950942392,1.0,1.0
25.0,25,214,32.23130613288724,243.4018183517747,7.755538950942392,1.0,1.0
25.0,25,215,343.21007415743634,438.00172607757474,9.77136677757192,2.0,0.9999999999999999
25.0,25,218,675.4533356246753,310.59442792073696,7.755538950942392,1.0,1.0
25.0,25,219,292.9425252956812,104.61426809027802,7.755538950942392,1.0,0.9999999999999999
25.0,25,220,310.84789803242836,918.1826128960196,11.185422719499032,3.0,1.0
25.0,25,221,110.30088789667037,173.54606798609433,11.185422719499032,3.0,1.0
25.0,25,224,561.6929098428332,249.53475976021258,7.755538950942392,1.0,1.0
25.0,25,228,891.3173752353259,36.31147987623335,7.755538950942392,1.0,1.0
25.0,25,230,1142.9538575719641,724.5821634960776,7.755538950942392,1.0,1.0
25.0,25,231,735.0498199062393,315.1507490145269,7.755538950942392,1.0,1.0
25.0,25,232,500.9080480997394,232.56117979972387,7.755538950942392,1.0,1.0
25.0,25,238,912.7600703515537,858.7799374411612,7.755538950942392,1.0,1.0
25.0,25,239,1198.3278123312377,925.1540962717751,7.755538950942392,1.0,1.0
25.0,25,241,1223.077840793094,519.7071876378245,11.185422719499032,3.0,1.0
25.0,25,242,738.4376076636172,28.51644242337165,7.755538950942392,1.0,0.9999999999999999
25.0,25,243,66.86918065352454,692.3303504590439,7.755538950942392,1.0,1.0
25.0,25,245,745.1261976732455,776.7400392785656,7.755538950942392,1.0,1.0
25.0,25,246,1184.103212154581,459.2946580797556,7.755538950942392,1.0,1.0
25.0,25,247,383.06510342246906,216.69407328097128,7.755538950942392,1.0,1.0
25.0,25,248,456.4445068136595,178.23899281912682,9.77136677757192,2.0,1.0
25.0,25,250,510.312532439033,800.8882847317752,7.755538950942392,1.0,1.0
25.0,25,251,736.7139341334014,797.4837834719082,7.755538950942392,1.0,1.0
25.0,25,255,1334.7327529608574,816.4716263298042,9.77136677757192,2.0,1.0
25.0,25,256,924.9763707193046,734.8992946756728,7.755538950942392,1.0,0.9999999999999999
25.0,25,257,606.8852339645522,36.275662370115995,7.755538950942392,1.0,1.0
25.0,25,259,746.9117632506156,152.9561743159496,11.185422719499032,3.0,1.0
25.0,25,260,1097.8905566727979,814.0298267296939,7.755538950942392,1.0,1.0
25.0,25,261,256.68252258440634,429.73557810883887,7.755538950942392,1.0,1.0
25.0,25,262,847.3292059002883,991.8314114941973,9.77136677757192,2.0,1.0
25.0,25,263,94.19473604527711,146.86482274140934,9.77136677757192,2.0,1.0
25.0,25,264,934.5461058929588,814.4221520897637,7.755538950942392,1.0,1.0
25.0,25,265,2.7170607727024967,436.7534602905274,7.755538950942392,1.0,1.0
25.0,25,268,1014.6329751858271,224.01069969825923,7.755538950942392,1.0,1.0
25.0,25,269,117.42462641943753,376.91772957630116,7.755538950942392,1.0,0.9999999999999999
25.0,25,270,335.93256095498316,402.1271796065478,7.755538950942392,1.0,1.0
25.0,25,272,226.2309210892193,298.6098261743528,7.755538950942392,1.0,1.0
25.0,25,273,619.4997537251203,582.5523959456744,7.755538950942392,1.0,0.9999999999999999
25.0,25,274,793.8516021288424,857.0457327225689,7.755538950942392,1.0,1.0
25.0,25,275,1170.7365182308897,380.902060235797,7.755538950942392,1.0,1.0
25.0,25,276,1095.9226251934522,521.4278464615086,7.755538950942392,1.0,1.0
25.0,25,277,263.99255410718143,362.8213212010971,7.755538950942392,1.0,1.0
25.0,25,278,1250.149766977379,363.45094882323957,11.185422719499032,3.0,1.0
25.0,25,279,132.48726957471217,629.3157586176619,11.185422719499032,3.0,1.0
25.0,25,280,351.09958280175624,969.6311115882486,7.755538950942392,1.0,1.0
25.0,25,281,1189.6366487303014,552.4990290313362,11.185422719499032,3.0,1.0
25.0,25,283,680.462043870556,595.8729614981867,9.77136677757192,2.0,1.0
25.0,25,284,78.07472330126748,804.6527211094783,7.755538950942392,1.0,1.0
25.0,25,285,849.8724072575488,646.7814291327866,7.755538950942392,1.0,1.0
25.0,25,286,1144.9763091065336,262.6884321031492,7.755538950942392,1.0,1.0
25.0,25,287,93.84930864844054,704.546653887004,7.755538950942392,1.0,0.9999999999999999
25.0,25,289,1239.7178004100588,811.8521483299046,11.185422719499034,3.0,1.0
25.0,25,290,236.42164721448395,694.853675614855,7.755538950942392,1.0,1.0
25.0,25,291,497.44409401578724,351.7293575037049,7.755538950942392,1.0,1.0
25.0,25,293,1244.0764124545383,114.09296146339952,7.755538950942392,1.0,1.0
25.0,25,294,627.1711035832722,427.2832980458779,7.755538950942392,1.0,1.0
25.0,25,295,49.665020976744984,741.0841780632254,11.185422719499032,3.0,0.9999999999999999
25.0,25,300,344.851932596945,662.5060986017593,9.77136677757192,2.0,1.0
25.0,25,301,1113.7831697443323,36.220755031536186,9.77136677757192,2.0,1.0
25.0,25,302,644.5220453742394,991.4623387375323,7.755538950942392,1.0,1.0
25.0,25,304,721.4136703632008,413.4918666238359,7.755538950942392,1.0,1.0
25.0,25,306,155.79996528533948,589.1377020796812,7.755538950942392,1.0,1.0
25.0,25,307,978.4668004506163,478.11611856088456,9.77136677757192,2.0,0.9999999999999999
25.0,25,309,822.3325464578193,195.53516125364237,7.755538950942392,1.0,0.9999999999999999
25.0,25,311,697.9383327515397,572.8779936108307,9.77136677757192,2.0,1.0
25.0,25,314,168.8782923565125,149.83060737029345,7.755538950942392,1.0,1.0
25.0,25,317,931.1883691391034,55.040681066679745,9.77136677757192,2.0,1.0
25.0,25,318,1225.909307573565,610.1169237126314,9.771366777571922,2.0,1.0
25.0,25,319,106.91509517902057,993.9763512516097,9.77136677757192,2.0,0.9999999999999999
25.0,25,320,1249.4628784138388,130.54377698634715,7.755538950942392,1.0,0.9999999999999999
25.0,25,322,862.1446311509728,971.5175966745139,9.77136677757192,2.0,1.0
25.0,25,323,70.21327650793575,429.57154784573106,9.77136677757192,2.0,1.0
25.0,25,325,199.60253555633338,928.1214038316276,7.755538950942392,1.0,1.0
25.0,25,326,194.51639877443566,458.14130659997113,7.755538950942392,1.0,1.0
25.0,25,327,912.8103165204226,474.05571118004605,7.755538950942392,1.0,1.0
25.0,25,328,699.630369108324,302.7859970807185,7.755538950942392,1.0,1.0
25.0,25,330,410.86021632174374,867.499771033832,9.77136677757192,2.0,1.0
25.0,25,331,130.39768822192167,713.866808737931,12.311150689306299,4.0,1.0
25.0,25,333,630.043056181761,30.31896439810662,7.755538950942392,1.0,1.0
25.0,25,334,1137.271767269281,834.5741106789479,7.755538950942392,1.0,1.0
25.0,25,337,592.5175077769009,936.869875906076,9.77136677757192,2.0,1.0
25.0,25,339,814.6691573585051,93.46950752262308,7.755538950942392,1.0,1.0
25.0,25,340,891.2230459013819,665.4746995012288,7.755538950942392,1.0,1.0
25.0,25,341,968.150762093334,617.4798912754026,9.77136677757192,2.0,1.0
25.0,25,342,882.2640386786635,130.92682101484243,9.77136677757192,2.0,0.9999999999999999
25.0,25,343,124.03700133591869,482.56157664509607,7.755538950942392,1.0,1.0
25.0,25,344,731.210433030072,369.6629370755739,7.755538950942392,1.0,1.0
25.0,25,346,1180.9353642428846,633.9222822682951,7.755538950942392,1.0,1.0
25.0,25,348,412.1566526293142,652.2749141415019,7.755538950942392,1.0,1.0
25.0,25,350,1263.8690393251409,151.22900533983724,7.755538950942392,1.0,1.0
25.0,25,354,475.86291899220305,226.27604411782238,7.755538950942392,1.0,1.0
25.0,25,355,88.59147172311825,495.03563729052377,7.755538950942392,1.0,0.9999999999999999
25.0,25,356,685.0943105731263,1013.3138260280491,7.755538950942392,1.0,1.0
25.0,25,360,678.9516457004314,337.18766431605616,7.755538950942392,1.0,1.0
25.0,25,361,28.7998693877461,638.1881457908801,7.755538950942392,1.0,1.0
25.0,25,362,994.6054237800264,706.9513833579592,7.755538950942392,1.0,0.9999999999999999
25.0,25,363,597.7506214370006,502.1055553369003,7.755538950942392,1.0,1.0
25.0,25,364,1330.555234279481,421.3021482770304,7.755538950942392,1.0,0.9999999999999999
25.0,25,365,121.06216667462805,80.7497029630341,7.755538950942392,1.0,0.9999999999999999
25.0,25,366,848.8864967320502,162.5224171106892,7.755538950942392,1.0,1.0
25.0,25,367,1187.3059187470815,995.3153705372575,7.755538950942392,1.0,1.0
25.0,25,368,1312.4889767065304,163.62912366179347,9.77136677757192,2.0,1.0
25.0,25,369,862.346328626745,355.66630672896963,7.755538950942392,1.0,0.9999999999999999
25.0,25,370,34.78063015519476,991.6376960952153,7.755538950942392,1.0,1.0
25.0,25,371,583.184646010789,412.18969041792104,7.755538950942392,1.0,1.0
25.0,25,373,873.4410847766675,201.06889409995304,7.755538950942392,1.0,0.9999999999999999
25.0,25,374,860.6428331143824,78.3159987119965,9.77136677757192,2.0,0.9999999999999999
25.0,25,378,85.74269251215544,658.4293770624016,7.755538950942392,1.0,1.0
25.0,25,380,852.3771269679715,9.045879608871541,7.755538950942392,1.0,1.0
25.0,25,381,823.9751197763009,337.3459836238198,9.77136677757192,2.0,0.9999999999999999
25.0,25,382,1332.9743435617074,273.8204012785196,9.77136677757192,2.0,1.0
25.0,25,383,926.2227333563463,499.1221039923575,9.771366777571922,2.0,1.0
25.0,25,385,698.5057647304453,539.6691272227928,7.755538950942392,1.0,0.9999999999999999
25.0,25,387,809.5822609841442,265.8132125355789,9.77136677757192,2.0,1.0
25.0,25,388,187.2508208304154,644.69027759263,7.755538950942392,1.0,1.0
25.0,25,389,162.5702760707556,563.0353142549699,7.755538950942392,1.0,1.0
25.0,25,390,360.6699978755922,163.55489425325464,11.185422719499032,3.0,1.0
25.0,25,391,732.9547084848955,513.3643916074892,12.311150689306299,4.0,1.0
25.0,25,393,267.2353316974323,902.2033180510534,7.755538950942392,1.0,1.0
25.0,25,395,1284.7854580548706,160.18426237912942,7.755538950942392,1.0,0.9999999999999999
25.0,25,396,1042.9114253985028,360.2617169356084,9.77136677757192,2.0,1.0
25.0,25,399,523.4670359128063,612.5269961965032,9.77136677757192,2.0,1.0
25.0,25,400,228.21145361737783,376.8353938416305,7.755538950942392,1.0,1.0
25.0,25,403,640.4557002943978,543.2074788694853,7.755538950942392,1.0,1.0
25.0,25,405,761.7166590412118,371.59578811692813,12.311150689306297,4.0,1.0
25.0,25,406,256.73678112624356,792.5003637026647,14.092749536269183,6.0,1.0
25.0,25,409,580.0132208328382,866.8981428846377,11.185422719499032,3.0,1.0
25.0,25,410,563.9997386771216,542.9092208833887,7.755538950942392,1.0,1.0
25.0,25,412,750.0567415139004,661.9868057553247,9.77136677757192,2.0,1.0
25.0,25,414,1216.4651330278564,489.3935585478889,7.755538950942392,1.0,1.0
25.0,25,415,1137.7301305790206,701.8221775733386,7.755538950942392,1.0,1.0
25.0,25,416,391.4131875923012,735.3121159861035,7.755538950942392,1.0,0.9999999999999999
25.0,25,417,904.2029819852562,523.4409808688076,9.77136677757192,2.0,1.0
25.0,25,418,533.7957057371854,687.8458982156328,9.77136677757192,2.0,1.0
25.0,25,419,333.4308865779087,902.0523129352363,7.755538950942392,1.0,1.0
25.0,25,420,682.2195372037575,976.1890663150896,7.755538950942392,1.0,1.0
25.0,25,421,977.2489352007439,352.98640941701495,7.755538950942392,1.0,1.0
25.0,25,422,158.06955420001074,654.6826908433122,7.755538950942392,1.0,0.9999999999999999
25.0,25,423,1325.9914286228936,637.2821046374202,7.755538950942392,1.0,1.0
25.0,25,426,1088.3991045583277,505.51043674037186,7.755538950942392,1.0,0.9999999999999999
25.0,25,427,541.0588415880629,5.728855805939583,9.77136677757192,2.0,1.0
25.0,25,428,1057.7157369177687,198.84703897241175,9.77136677757192,2.0,1.0
25.0,25,430,997.4163910877434,502.59623420010666,7.755538950942392,1.0,1.0
25.0,25,431,274.5378941128547,580.9522152596381,7.755538950942392,1.0,1.0
25.0,25,432,371.96881989257685,776.6272307059581,7.755538950942392,1.0,1.0
25.0,25,433,291.6351798781177,600.5018982417583,9.77136677757192,2.0,1.0
25.0,25,435,883.6754024648922,239.59012727556006,7.755538950942392,1.0,1.0
25.0,25,436,318.392391336959,661.6109947814349,7.755538950942392,1.0,1.0
25.0,25,438,867.7912464916164,705.7148297060237,7.755538950942392,1.0,1.0
25.0,25,439,536.8533200067528,864.735123503749,11.185422719499032,3.0,1.0
25.0,25,440,349.41704635666866,876.895509393893,7.755538950942392,1.0,0.9999999999999999
25.0,25,441,948.9941183506884,422.58104301894286,7.755538950942392,1.0,1.0
25.0,25,442,502.558539777645,321.8615760980758,7.755538950942392,1.0,1.0
25.0,25,443,225.4456494044392,750.0232635819934,7.755538950942392,1.0,1.0
25.0,25,444,151.27759908464557,738.2012334284208,7.755538950942392,1.0,1.0
25.0,25,445,1050.1344077870692,44.71672893562872,7.755538950942392,1.0,1.0
25.0,25,446,332.63284280631444,258.85979664897593,7.755538950942392,1.0,1.0
25.0,25,449,1197.9041232412087,132.41546634507654,7.755538950942392,1.0,1.0
25.0,25,451,1330.8733101238747,504.4244993552846,7.755538950942392,1.0,1.0
25.0,25,453,197.34192441691587,1017.2829677521462,7.755538950942392,1.0,1.0
25.0,25,455,856.9266019809287,211.976671154311,9.77136677757192,2.0,0.9999999999999999
25.0,25,456,309.8869925632984,820.8001205018162,9.77136677757192,2.0,1.0
25.0,25,458,1245.3596232852208,183.50891268460794,7.755538950942392,1.0,1.0
25.0,25,459,1315.210418641491,358.14841991186717,9.77136677757192,2.0,1.0
25.0,25,461,141.1056218399754,56.221156125637826,9.77136677757192,2.0,0.9999999999999999
25.0,25,462,1102.393301341083,303.0330787572501,7.755538950942392,1.0,1.0
25.0,25,464,1334.2672373381652,74.04113720514164,7.755538950942392,1.0,1.0
25.0,25,465,792.9750823084523,171.74553338239372,7.755538950942392,1.0,1.0
25.0,25,466,407.3584103297653,619.1602468262331,9.77136677757192,2.0,1.0
25.0,25,468,1207.457573714118,907.8731545251329,7.755538950942392,1.0,0.9999999999999999
25.0,25,469,1134.2927208936417,883.1005902122828,7.755538950942392,1.0,1.0
25.0,25,470,78.36144555198217,406.9822268268317,7.755538950942392,1.0,0.9999999999999999
25.0,25,471,67.4755701386164,489.4026644568956,7.755538950942392,1.0,0.9999999999999999
25.0,25,472,308.1187953052213,130.2988747975155,7.755538950942392,1.0,1.0
25.0,25,473,392.9515072910305,905.6059039460571,7.755538950942392,1.0,1.0
25.0,25,474,87.02175864958046,1006.6911960022238,7.755538950942392,1.0,1.0
25.0,25,476,484.7396031241074,139.39045551297815,9.77136677757192,2.0,1.0
25.0,25,477,280.4207197282335,942.9977613196296,9.77136677757192,2.0,0.9999999999999999
25.0,25,478,286.3908586395542,210.01914989352852,7.755538950942392,1.0,1.0
25.0,25,479,359.12921717128495,935.6909964099931,7.755538950942392,1.0,0.9999999999999999
25.0,25,481,590.8610392257813,978.8152464833738,7.755538950942392,1.0,1.0
25.0,25,483,565.474006692366,39.54611357786046,7.755538950942392,1.0,1.0
25.0,25,485,1048.1715586968958,684.7053787008704,7.755538950942392,1.0,1.0
25.0,25,486,401.6313823414534,131.48557136039176,7.755538950942392,1.0,1.0
25.0,25,487,1059.4851413151925,958.604688411122,12.311150689306295,4.0,1.0
25.0,25,489,654.3375480263811,143.30002628435957,9.77136677757192,2.0,1.0
25.0,25,490,458.4556682873906,902.4467846949146,9.77136677757192,2.0,1.0
25.0,25,491,657.423854042468,757.6681014963958,9.77136677757192,2.0,0.9999999999999999
25.0,25,493,98.20398906316004,373.02485871211957,7.755538950942392,1.0,1.0
25.0,25,494,810.8165165706965,765.7997775673501,9.77136677757192,2.0,0.9999999999999999
25.0,25,496,699.7406622887324,509.15901951831626,7.755538950942392,1.0,1.0
25.0,25,497,1193.5756184774455,769.2873775825811,7.755538950942392,1.0,1.0
25.0,25,498,425.007162386519,483.5635076413267,7.755538950942392,1.0,1.0
25.0,25,500,539.7799970727676,181.35980292680424,7.755538950942392,1.0,1.0
25.0,25,501,520.1935612938157,995.1912816157743,9.77136677757192,2.0,0.9999999999999999
25.0,25,503,529.4831040712014,43.11729151087393,9.77136677757192,2.0,1.0
25.0,25,504,992.3666390248977,205.95229742705516,7.755538950942392,1.0,1.0
25.0,25,506,103.70524417318838,742.1879845306715,7.755538950942392,1.0,1.0
25.0,25,507,1339.1285046735597,316.80769900409564,7.755538950942392,1.0,1.0
25.0,25,508,1161.1290349672538,525.3959724889111,11.185422719499032,3.0,1.0
25.0,25,509,1071.0548667173891,861.8019014071956,9.77136677757192,2.0,1.0
25.0,25,510,590.4895978001113,199.3344814635843,9.77136677757192,2.0,1.0
25.0,25,511,522.7860449447695,505.2697996032826,9.77136677757192,2.0,1.0
25.0,25,512,191.51648645538734,860.7459291910169,7.755538950942392,1.0,1.0
25.0,25,513,1249.2801934250003,578.2901473527094,13.26178505962571,5.0,1.0
25.0,25,514,544.1766194491697,615.034856391151,7.755538950942392,1.0,1.0
25.0,25,516,1222.4978707214757,380.8332736006878,9.77136677757192,2.0,1.0
25.0,25,517,910.6982397094716,832.0127148981535,9.77136677757192,2.0,1.0
25.0,25,518,127.46992198080243,526.4899090182694,11.185422719499032,3.0,1.0
25.0,25,519,819.8303265756637,383.2508327263733,12.311150689306299,4.0,1.0
25.0,25,520,804.6660174685629,5.913957977386614,11.185422719499034,3.0,1.0
25.0,25,521,824.9913231742377,52.823038401942206,9.77136677757192,2.0,1.0
25.0,25,522,990.6231611306505,980.6911368744661,7.755538950942392,1.0,0.9999999999999999
25.0,25,523,972.572289560278,195.11186920418166,7.755538950942392,1.0,1.0
25.0,25,524,871.2786601069549,879.7816777704365,7.755538950942392,1.0,1.0
25.0,25,527,509.1379077701652,654.252314626537,7.755538950942392,1.0,0.9999999999999999
25.0,25,529,780.68667336445,570.9866227957359,7.755538950942392,1.0,1.0
25.0,25,530,122.39917302593099,672.886437333407,9.771366777571922,2.0,1.0
25.0,25,533,824.1965042135209,865.8076776127652,9.771366777571922,2.0,1.0
25.0,25,534,988.0663937016972,605.8234056944833,7.755538950942392,1.0,0.9999999999999999
25.0,25,535,844.8842965494903,140.42217575841107,7.755538950942392,1.0,0.9999999999999999
25.0,25,536,337.29998439133755,493.8780418515076,7.755538950942392,1.0,1.0
25.0,25,538,546.6499460794098,444.1917279225741,11.185422719499032,3.0,1.0
25.0,25,539,972.2892016006291,226.4171386356242,7.755538950942392,1.0,1.0
25.0,25,540,300.0450775687393,550.0846449263545,7.755538950942392,1.0,1.0
25.0,25,543,909.6141412269668,408.40919342475263,9.77136677757192,2.0,1.0
25.0,25,546,1037.2524246575808,835.1541441205948,9.77136677757192,2.0,0.9999999999999999
25.0,25,547,498.074460603681,255.98614886406583,7.755538950942392,1.0,1.0
25.0,25,548,894.0580625723688,444.2228488741711,9.77136677757192,2.0,1.0
25.0,25,550,398.3983488411973,390.98322909141,7.755538950942392,1.0,1.0
25.0,25,551,1250.3387312535747,761.321515515917,7.755538950942392,1.0,1.0
25.0,25,555,156.8532599778429,207.3255820034067,9.77136677757192,2.0,1.0
25.0,25,556,267.7400819376121,461.70031651022776,7.755538950942392,1.0,1.0
25.0,25,557,597.1876560784316,319.44374613643004,11.185422719499032,3.0,1.0
25.0,25,558,225.59516327712265,63.69968345967409,7.755538950942392,1.0,1.0
25.0,25,559,1074.782590486702,83.33750997103695,7.755538950942392,1.0,1.0
25.0,25,560,1210.0939202897546,594.8137751150701,7.755538950942392,1.0,0.9999999999999999
25.0,25,561,1307.28786553102,886.8949337296343,7.755538950942392,1.0,1.0
25.0,25,562,179.3017973286729,232.74157178382455,11.185422719499032,3.0,0.9999999999999999
25.0,25,563,438.1940250033282,420.3485925572944,7.755538950942392,1.0,1.0
25.0,25,564,363.9658097399463,453.59426589756606,11.185422719499032,3.0,0.9999999999999999
25.0,25,565,1214.4292265169047,743.1975410511016,7.755538950942392,1.0,0.9999999999999999
25.0,25,568,1122.3836737600652,156.92851058371846,7.755538950942392,1.0,0.9999999999999999
25.0,25,569,320.96117638330173,344.4420567099598,7.755538950942392,1.0,0.9999999999999999
25.0,25,570,1321.2657006385302,554.4577321563427,9.77136677757192,2.0,1.0
25.0,25,573,485.0718623675845,966.2108042201661,7.755538950942392,1.0,1.0
25.0,25,574,177.7217467427665,795.3907156937589,7.755538950942392,1.0,1.0
25.0,25,575,667.2860927028241,686.7761215972037,7.755538950942392,1.0,1.0
25.0,25,576,818.3982388521467,170.88002303906907,7.755538950942392,1.0,0.9999999999999999
25.0,25,579,535.3198428293455,275.74467024885865,7.755538950942392,1.0,1.0
25.0,25,581,607.6368941608259,832.2400096712416,11.185422719499032,3.0,1.0
25.0,25,582,572.8971636818968,279.1064090814918,7.755538950942392,1.0,1.0
25.0,25,583,1227.7371655429731,253.33316740797758,9.77136677757192,2.0,1.0
25.0,25,584,1085.1821408691403,782.158022471314,7.755538950942392,1.0,0.9999999999999999
25.0,25,586,389.4641887915507,1013.6475765220212,7.755538950942392,1.0,0.9999999999999999
25.0,25,587,1070.6556005391353,822.279753406835,9.77136677757192,2.0,1.0
25.0,25,592,867.994537329917,289.7506205717526,7.755538950942392,1.0,1.0
25.0,25,593,689.1667240020569,785.2310340222975,9.77136677757192,2.0,0.9999999999999999
25.0,25,594,531.919224862703,895.7203660966088,7.755538950942392,1.0,1.0
25.0,25,598,607.6269355773267,447.36981887590935,11.185422719499032,3.0,1.0
25.0,25,599,1071.0881916934325,163.89184007261528,7.755538950942392,1.0,1.0
25.0,25,600,544.6194424606872,529.1938610205672,11.185422719499034,3.0,1.0
25.0,25,601,357.0311143311744,766.080617491358,7.755538950942392,1.0,1.0
25.0,25,602,171.40683201742178,309.8530858803754,7.755538950942392,1.0,1.0
25.0,25,605,794.2974640017817,36.23832183926177,13.261785059625714,5.0,1.0
25.0,25,606,1207.393220123133,646.0716108197278,7.755538950942392,1.0,1.0
25.0,25,607,1169.5461662459725,180.42751321357017,12.311150689306297,4.0,1.0
25.0,25,608,942.0852871974276,693.4280550651733,7.755538950942392,1.0,1.0
25.0,25,609,1006.2589581888404,854.0981386840791,7.755538950942392,1.0,1.0
25.0,25,611,962.8383111041342,437.911295948164,7.755538950942392,1.0,1.0
25.0,25,612,360.72202644641914,304.0711541695957,13.261785059625709,5.0,1.0
25.0,25,613,1257.9663344819448,725.8817559456879,7.755538950942392,1.0,1.0
25.0,25,614,398.16364153781177,758.0444465585779,11.185422719499032,3.0,1.0
25.0,25,615,645.8964913040703,837.3750424076812,7.755538950942392,1.0,1.0
25.0,25,617,903.079043628453,577.9693341934436,7.755538950942392,1.0,1.0
25.0,25,619,628.371553545422,239.79639199684235,7.755538950942392,1.0,1.0
25.0,25,620,1170.0495022847995,778.3317763451537,9.77136677757192,2.0,1.0
25.0,25,621,185.22359372682183,48.55565775779524,7.755538950942392,1.0,1.0
25.0,25,622,269.02015619170083,46.87106434149403,7.755538950942392,1.0,0.9999999999999999
25.0,25,625,584.1401974387325,741.0697174573586,7.755538950942392,1.0,0.9999999999999999
25.0,25,626,889.0084095203089,166.72521605578288,7.755538950942392,1.0,1.0
25.0,25,627,1252.0698522897042,18.237135902108037,12.311150689306299,4.0,1.0
25.0,25,629,799.2659210281068,889.9376829817037,11.185422719499032,3.0,1.0
25.0,25,632,403.3799841314224,702.1969715890091,9.771366777571922,2.0,1.0
25.0,25,633,1120.1792373400217,84.37773023290086,9.77136677757192,2.0,1.0
25.0,25,634,999.418173698042,332.74264267699584,7.755538950942392,1.0,1.0
25.0,25,636,676.9661785898055,932.4297381622016,7.755538950942392,1.0,1.0
25.0,25,638,76.21852602462904,226.96369746515754,7.755538950942392,1.0,1.0
25.0,25,640,42.348565104309024,452.1599540213112,7.755538950942392,1.0,1.0
25.0,25,641,172.79812059118257,924.9591737946349,7.755538950942392,1.0,0.9999999999999999
25.0,25,642,288.58759077354745,309.348968434635,7.755538950942392,1.0,1.0
25.0,25,644,23.247461658081335,35.16994746571036,9.77136677757192,2.0,1.0
25.0,25,645,1263.9600543218537,67.20128867907385,7.755538950942392,1.0,1.0
25.0,25,646,375.8017424610723,879.1558570746198,11.185422719499032,3.0,1.0
25.0,25,647,175.94798316294654,291.3659521412673,7.755538950942392,1.0,1.0
25.0,25,649,1129.3614083666978,121.74870297641412,7.755538950942392,1.0,1.0
25.0,25,651,282.0420476521896,916.9672798596928,7.755538950942392,1.0,1.0
25.0,25,654,1283.443624071688,127.5839417311055,9.77136677757192,2.0,1.0
25.0,25,655,581.5191953445917,702.0890572313957,7.755538950942392,1.0,1.0
25.0,25,656,1222.9402861534857,41.39814442308778,7.755538950942392,1.0,0.9999999999999999
25.0,25,658,577.411963488129,347.36922846817174,14.092749536269185,6.0,1.0
25.0,25,659,1295.4764448401068,970.3966663790311,7.755538950942392,1.0,0.9999999999999999
25.0,25,662,1136.1670776222672,961.4135611036497,7.755538950942392,1.0,1.0
25.0,25,665,1035.3983642190642,121.73418101594902,11.185422719499032,3.0,1.0
25.0,25,666,1233.132430885605,1003.0897084554819,12.311150689306299,4.0,1.0
25.0,25,667,199.24940420190887,85.66579607424305,7.755538950942392,1.0,1.0
25.0,25,668,233.57293741574702,950.258822964418,7.755538950942392,1.0,1.0
25.0,25,670,453.41712593198866,233.0915091397755,7.755538950942392,1.0,1.0
25.0,25,671,1023.4545673816176,91.69938413035176,7.755538950942392,1.0,1.0
25.0,25,672,811.9809370324191,972.7137767227911,7.755538950942392,1.0,1.0
25.0,25,674,1050.2922126850933,634.0995328238802,7.755538950942392,1.0,0.9999999999999999
25.0,25,675,399.8617283947398,506.98687704717565,7.755538950942392,1.0,1.0
25.0,25,676,1282.6777576024924,862.44493471892,9.77136677757192,2.0,0.9999999999999999
25.0,25,677,729.7674878684302,59.130177960516875,7.755538950942392,1.0,0.9999999999999999
25.0,25,678,123.45142226763575,238.71710486569106,7.755538950942392,1.0,1.0
25.0,25,680,858.2432809094739,609.4614863747398,7.755538950942392,1.0,0.9999999999999999
25.0,25,682,1217.8965529488376,84.48327010987947,7.755538950942392,1.0,1.0
25.0,25,684,1306.710977055346,935.0888332544275,9.77136677757192,2.0,0.9999999999999999
25.0,25,686,893.2394513038614,309.0426450713462,7.755538950942392,1.0,1.0
25.0,25,687,1207.3572923434183,286.7251010620882,11.185422719499032,3.0,0.9999999999999999
25.0,25,688,246.2145564888344,496.1031247132999,7.755538950942392,1.0,0.9999999999999999
25.0,25,689,437.2818779497377,620.5998891959078,7.755538950942392,1.0,1.0
25.0,25,692,722.5207606541194,292.48970313383165,7.755538950942392,1.0,1.0
25.0,25,694,1106.8341750791403,886.8849642993454,7.755538950942392,1.0,1.0
25.0,25,697,645.9928480795824,903.9548099717992,7.755538950942392,1.0,0.9999999999999999
25.0,25,698,667.0674397804553,98.29747678123374,7.755538950942392,1.0,1.0
25.0,25,699,822.7151282416311,567.1040039318759,7.755538950942392,1.0,1.0
25.0,25,700,445.7823431987668,504.9218264195328,11.185422719499032,3.0,1.0
25.0,25,702,700.6022944159294,28.59363389840228,7.755538950942392,1.0,0.9999999999999999
25.0,25,704,141.60833310127512,261.10735940429123,7.755538950942392,1.0,1.0
25.0,25,705,412.09111529393823,413.072755963176,7.755538950942392,1.0,1.0
25.0,25,706,308.586385867047,200.99993862121687,9.77136677757192,2.0,0.9999999999999999
25.0,25,707,250.46871113246368,253.520874919054,11.185422719499032,3.0,1.0
25.0,25,710,807.2451162336762,676.096048966353,7.755538950942392,1.0,0.9999999999999999
25.0,25,712,555.0718248643644,268.7188412388358,7.755538950942392,1.0,1.0
25.0,25,716,1324.075854193878,670.9842600884804,9.77136677757192,2.0,0.9999999999999999
25.0,25,717,530.2353087059574,656.224826033005,12.311150689306297,4.0,1.0
25.0,25,718,435.6335587044344,158.8297753413471,7.755538950942392,1.0,1.0
25.0,25,720,628.6952025871494,820.8602956946274,7.755538950942392,1.0,1.0
25.0,25,722,1000.5207485904259,784.601951587868,11.185422719499032,3.0,1.0
25.0,25,723,423.4055656361878,591.4685455110593,7.755538950942392,1.0,1.0
25.0,25,724,894.2499964881526,627.5200433267081,7.755538950942392,1.0,1.0
25.0,25,726,1271.0371054259522,48.18261149046029,7.755538950942392,1.0,1.0
25.0,25,728,1034.6489171126213,396.93560742836604,7.755538950942392,1.0,1.0
25.0,25,729,561.5992829484632,109.13308298649201,7.755538950942392,1.0,1.0
25.0,25,730,691.3363380315379,461.85744610621333,9.77136677757192,2.0,1.0
25.0,25,732,511.8663355600095,158.30398568731044,11.185422719499032,3.0,1.0
25.0,25,733,245.66444019753683,276.34670368630907,9.77136677757192,2.0,1.0
25.0,25,734,0.2737785788101519,22.084932094628297,7.755538950942392,1.0,1.0
25.0,25,735,724.2402490153698,4.8340644735137035,7.755538950942392,1.0,1.0
25.0,25,737,1106.3089809429976,479.2284378727259,11.185422719499032,3.0,1.0
25.0,25,738,211.04173902696562,552.6014523203169,12.311150689306297,4.0,1.0
25.0,25,740,1236.5046909497246,958.9414447352498,7.755538950942392,1.0,1.0
25.0,25,743,737.3940229705815,184.31231347464077,9.77136677757192,2.0,0.9999999999999999
25.0,25,744,445.8785796383926,588.333549318911,7.755538950942392,1.0,1.0
25.0,25,745,1080.9970478923663,486.2509446525199,7.755538950942392,1.0,1.0
25.0,25,746,1277.2612995727577,379.47794451547344,9.77136677757192,2.0,1.0
25.0,25,747,627.3959024553764,736.0293532769673,7.755538950942392,1.0,1.0
25.0,25,748,1219.0063916009665,333.9718202111479,7.755538950942392,1.0,0.9999999999999999
25.0,25,750,793.9919683276096,247.4723495675433,9.77136677757192,2.0,1.0
25.0,25,752,1304.3983759206758,691.3966587981083,7.755538950942392,1.0,1.0
25.0,25,753,647.5293683683045,482.693856982923,7.755538950942392,1.0,1.0
25.0,25,754,557.6376963210431,735.8707534520598,7.755538950942392,1.0,1.0
25.0,25,755,941.4239992552522,132.15199002879862,7.755538950942392,1.0,1.0
25.0,25,757,772.9355951931702,477.66834306972453,9.77136677757192,2.0,1.0
25.0,25,758,646.3089836900541,407.95128709815623,9.77136677757192,2.0,1.0
25.0,25,759,54.3745918920783,617.7734780678026,11.185422719499032,3.0,1.0
25.0,25,760,162.9268019844249,1010.0981818162193,9.77136677757192,2.0,1.0
25.0,25,762,992.610332548187,55.66616688677707,11.185422719499032,3.0,1.0
25.0,25,764,226.249845889414,658.2407157127699,7.755538950942392,1.0,1.0
25.0,25,765,721.9916138838071,478.20578616791875,11.185422719499034,3.0,0.9999999999999999
25.0,25,766,367.3490748306487,1023.9822261914593,7.755538950942392,1.0,1.0
25.0,25,767,348.89858841539706,606.0385704907147,7.755538950942392,1.0,1.0
25.0,25,768,718.9797043510089,635.9260351905169,12.311150689306299,4.0,0.9999999999999999
25.0,25,769,6.139361279944352,689.4152872281754,12.311150689306299,4.0,1.0
25.0,25,772,1028.0706686067967,918.4648411776424,7.755538950942392,1.0,0.9999999999999999
25.0,25,773,931.1767334056078,664.1790997265188,7.755538950942392,1.0,1.0
25.0,25,774,70.15092940279915,847.5262517365962,7.755538950942392,1.0,1.0
25.0,25,775,690.8012450741692,863.6754408615101,7.755538950942392,1.0,1.0
25.0,25,776,1090.938091238443,148.71504742471618,7.755538950942392,1.0,1.0
25.0,25,777,390.0907743389699,327.0788116313808,7.755538950942392,1.0,0.9999999999999999
25.0,25,779,499.9403494056933,114.52180530054527,7.755538950942392,1.0,1.0
25.0,25,780,239.09193945345243,675.7804954560193,7.755538950942392,1.0,1.0
25.0,25,781,417.24447993189057,188.83341833819253,7.755538950942392,1.0,1.0
25.0,25,782,140.4525859566072,569.3393588537955,9.77136677757192,2.0,1.0
25.0,25,783,182.63709722030322,706.9944708329054,12.311150689306297,4.0,1.0
25.0,25,786,481.75271401977466,837.1197731519682,7.755538950942392,1.0,1.0
25.0,25,787,735.8023900458346,854.7764015443144,11.185422719499032,3.0,0.9999999999999999
25.0,25,788,1118.0548080124383,402.41653727476404,7.755538950942392,1.0,1.0
25.0,25,789,395.09883184439735,972.0118858095224,9.77136677757192,2.0,1.0
25.0,25,790,711.6039996025942,917.2987381361008,9.77136677757192,2.0,0.9999999999999999
25.0,25,791,929.3075856669237,965.9797136971316,11.185422719499032,3.0,1.0
25.0,25,792,558.5273723683844,777.070268288339,13.261785059625714,5.0,1.0
25.0,25,795,241.47447055727483,842.6617943849475,11.185422719499032,3.0,0.9999999999999999
25.0,25,796,229.3173656586956,316.41040308051015,7.755538950942392,1.0,1.0
25.0,25,798,1012.870691519145,470.8797153760312,7.755538950942392,1.0,1.0
25.0,25,799,24.899793217369886,200.89292673278598,7.755538950942392,1.0,1.0
25.0,25,800,336.69033304487726,721.7030875895996,9.77136677757192,2.0,0.9999999999999999
25.0,25,801,1239.205215217439,91.38484591923833,7.755538950942392,1.0,1.0
25.0,25,802,1062.860110393971,10.95756415195317,7.755538950942392,1.0,1.0
25.0,25,805,709.0408978469186,980.39100224271,9.77136677757192,2.0,1.0
25.0,25,806,386.1258202474741,677.3236924777162,7.755538950942392,1.0,0.9999999999999999
25.0,25,809,1195.595620524883,474.3335097292306,7.755538950942392,1.0,1.0
25.0,25,810,1047.0372586649357,145.97836440919593,9.77136677757192,2.0,1.0
25.0,25,811,815.1980199823136,544.6798504454026,9.77136677757192,2.0,0.9999999999999999
25.0,25,812,56.17790934776621,410.03597557643667,7.755538950942392,1.0,1.0
25.0,25,815,474.3009746853744,574.823552878051,9.77136677757192,2.0,1.0
25.0,25,817,1179.3705611807286,727.5712760295432,7.755538950942392,1.0,1.0
25.0,25,818,270.96519300224855,1009.6479803367797,7.755538950942392,1.0,1.0
25.0,25,819,1028.8362444028828,945.3149913508955,7.755538950942392,1.0,1.0
25.0,25,820,1107.1960102051805,593.8082919782403,7.755538950942392,1.0,1.0
25.0,25,821,1315.020327071084,41.25534058308265,12.311150689306297,4.0,1.0
25.0,25,823,481.375646268653,690.7753205972134,7.755538950942392,1.0,1.0
25.0,25,824,553.7027168185194,162.22426277081541,7.755538950942392,1.0,1.0
25.0,25,826,979.1232472562832,834.884694920715,7.755538950942392,1.0,1.0
25.0,25,827,894.711471170406,12.794825323392931,7.755538950942392,1.0,1.0
25.0,25,828,153.42286910807314,821.3638266920369,9.77136677757192,2.0,1.0
25.0,25,829,775.4894956449135,146.28227791723816,9.77136677757192,2.0,1.0
25.0,25,830,436.17668162474837,752.7165419701886,9.771366777571922,2.0,1.0
25.0,25,831,830.8949573827869,613.4077218528236,7.755538950942392,1.0,1.0
25.0,25,832,1046.5535424496568,465.98286578965775,9.77136677757192,2.0,1.0
25.0,25,833,470.43012095900167,316.4958509187529,11.185422719499034,3.0,1.0
25.0,25,837,946.6846104287554,631.8990603545783,11.185422719499034,3.0,1.0
25.0,25,838,307.0199396032362,305.7981612329534,7.755538950942392,1.0,0.9999999999999999
25.0,25,839,960.5177611120265,104.4740588555211,7.755538950942392,1.0,1.0
25.0,25,840,743.931279675075,683.9022241984059,7.755538950942392,1.0,1.0
25.0,25,841,882.6651604609455,574.6581038994649,9.77136677757192,2.0,1.0
25.0,25,842,37.83091631919973,512.2860449909556,7.755538950942392,1.0,1.0
25.0,25,843,944.0157693762944,910.4663139337947,7.755538950942392,1.0,0.9999999999999999
25.0,25,845,1338.3020958355748,621.5979027572474,7.755538950942392,1.0,1.0
25.0,25,846,685.6037884435434,433.5474881654189,9.77136677757192,2.0,0.9999999999999999
25.0,25,848,583.0863369669011,633.0768588191142,12.311150689306297,4.0,1.0
25.0,25,849,966.8972724466471,495.1218522877881,7.755538950942392,1.0,0.9999999999999999
25.0,25,851,1314.9250314964315,651.0643001936261,7.755538950942392,1.0,1.0
25.0,25,853,469.23348020094704,792.4774728142831,9.77136677757192,2.0,1.0
25.0,25,855,596.9752669429163,592.3043237641316,7.755538950942392,1.0,0.9999999999999999
25.0,25,857,751.882484896701,901.7706581184376,9.771366777571922,2.0,1.0
25.0,25,859,894.3861853184547,766.4476750480457,9.771366777571922,2.0,1.0
25.0,25,860,6.143365556151071,267.44602941517337,9.771366777571922,2.0,1.0
25.0,25,861,997.2490755644377,77.23994837200578,7.755538950942392,1.0,1.0
25.0,25,862,300.4625645556034,574.6877624582202,7.755538950942392,1.0,1.0
25.0,25,863,714.1468754151884,663.9177588069907,7.755538950942392,1.0,1.0
25.0,25,865,842.2007248402696,109.78359444107133,7.755538950942392,1.0,1.0
25.0,25,866,934.6484583376781,29.339126842490234,9.77136677757192,2.0,1.0
25.0,25,867,607.2431001310637,218.62087696137323,9.77136677757192,2.0,1.0
25.0,25,868,1300.5513479414042,794.1998183881076,11.185422719499034,3.0,1.0
25.0,25,869,1313.7118132083665,108.42978045097024,9.77136677757192,2.0,1.0
25.0,25,870,238.2634665699104,192.76955678779086,7.755538950942392,1.0,1.0
25.0,25,871,712.6704963430396,746.7418584618738,11.185422719499032,3.0,0.9999999999999999
25.0,25,872,1025.2273641209756,433.76339762233005,7.755538950942392,1.0,1.0
25.0,25,873,67.99816929666825,376.3032044154153,7.755538950942392,1.0,0.9999999999999999
25.0,25,875,1196.8537160614228,738.0442457169486,7.755538950942392,1.0,1.0
25.0,25,877,172.2183593512531,431.3864975588728,7.755538950942392,1.0,1.0
25.0,25,879,709.2000247377067,334.56954451036796,7.755538950942392,1.0,1.0
25.0,25,881,1106.9275877650346,114.46413451220266,7.755538950942392,1.0,1.0
25.0,25,882,288.4351917225581,637.1853487364698,7.755538950942392,1.0,1.0
25.0,25,883,12.348370191414958,147.0206972591406,9.77136677757192,2.0,1.0
25.0,25,884,653.692364920728,335.9123109603177,9.77136677757192,2.0,1.0
25.0,25,886,67.50746369002646,638.7804774501533,7.755538950942392,1.0,1.0
25.0,25,887,457.6036197917694,258.67175211581616,7.755538950942392,1.0,1.0
25.0,25,890,1272.376139858953,257.6733682672259,11.185422719499032,3.0,0.9999999999999999
25.0,25,892,341.6466179048571,49.028243373978285,7.755538950942392,1.0,1.0
25.0,25,894,1191.921053960981,4.812831431583642,7.755538950942392,1.0,1.0
25.0,25,895,39.35341645411104,3.039436692242571,7.755538950942392,1.0,1.0
25.0,25,896,233.44809459942928,921.9034140286392,7.755538950942392,1.0,1.0
25.0,25,897,730.486114062506,588.2643939604621,9.77136677757192,2.0,1.0
25.0,25,898,1077.4916976674085,297.8467599352024,9.77136677757192,2.0,1.0
25.0,25,899,1200.3573199258813,817.7388734779798,9.77136677757192,2.0,1.0
25.0,25,901,1041.9081187669674,5.243425227617079,9.77136677757192,2.0,1.0
25.0,25,903,289.1322760158644,388.97248290600555,12.311150689306297,4.0,1.0
25.0,25,905,710.9917671833557,872.4999501016929,9.77136677757192,2.0,0.9999999999999999
25.0,25,907,1153.7070681863433,917.2320598800025,7.755538950942392,1.0,1.0
25.0,25,910,1269.7127022183613,789.8922024209838,9.77136677757192,2.0,1.0
25.0,25,911,323.520465193536,88.0982517774181,7.755538950942392,1.0,0.9999999999999999
25.0,25,912,437.18229903875334,892.9156519332874,7.755538950942392,1.0,0.9999999999999999
25.0,25,913,314.439961889019,747.9689990488718,7.755538950942392,1.0,1.0
25.0,25,914,877.7073039710996,379.71178294627134,9.77136677757192,2.0,1.0
25.0,25,915,47.32407572310268,64.70425956254613,7.755538950942392,1.0,1.0
25.0,25,916,830.9613145420077,308.03476471373506,7.755538950942392,1.0,1.0
25.0,25,921,1236.6771434895772,472.6772907404779,7.755538950942392,1.0,1.0
25.0,25,923,1190.9763245802246,268.81438137615754,7.755538950942392,1.0,1.0
25.0,25,924,652.7416019171761,1024.381108067202,9.77136677757192,2.0,1.0
25.0,25,925,888.4094111228868,357.1531411809686,9.77136677757192,2.0,1.0
25.0,25,926,237.25005600824346,91.07077524506154,11.185422719499032,3.0,1.0
25.0,25,927,1265.6838101191995,96.43091408193298,11.185422719499032,3.0,0.9999999999999999
25.0,25,928,524.1338231853944,960.5556466749858,7.755538950942392,1.0,1.0
25.0,25,930,803.8969560040817,562.6554959587401,9.77136677757192,2.0,1.0
25.0,25,932,1279.5107490128871,538.9476946806344,11.185422719499032,3.0,0.9999999999999999
25.0,25,933,1021.0477633388208,200.5238560616116,7.755538950942392,1.0,1.0
25.0,25,934,330.69440321170936,12.545522019463814,12.311150689306299,4.0,1.0
25.0,25,935,300.0251109907758,796.5557942946081,7.755538950942392,1.0,1.0
25.0,25,936,521.8726732546007,400.49134645040255,9.77136677757192,2.0,1.0
25.0,25,937,927.8807567388654,996.1897684915649,9.77136677757192,2.0,1.0
25.0,25,939,1171.377959824282,124.16493770400784,9.77136677757192,2.0,0.9999999999999999
25.0,25,941,52.66884472417409,946.6328030892971,11.185422719499032,3.0,0.9999999999999999
25.0,25,942,567.2376680521035,135.5395343641454,7.755538950942392,1.0,1.0
25.0,25,943,357.1069633248691,10.648971903634912,7.755538950942392,1.0,1.0
25.0,25,947,411.46903428028793,73.74656800555778,7.755538950942392,1.0,1.0
25.0,25,949,1216.9067792748351,22.533330325788125,9.77136677757192,2.0,1.0
25.0,25,950,375.9478295070291,632.236986555079,7.755538950942392,1.0,1.0
25.0,25,951,98.00683342203745,322.6600355504805,11.185422719499032,3.0,0.9999999999999999
25.0,25,952,188.71236350673124,173.14371209708122,7.755538950942392,1.0,1.0
25.0,25,953,588.2038317179679,146.72316746217763,9.77136677757192,2.0,1.0
25.0,25,954,1311.091426932,201.02586253262294,7.755538950942392,1.0,1.0
25.0,25,955,464.70383663470903,421.88051792080705,9.77136677757192,2.0,1.0
25.0,25,956,1066.6792602260095,618.8617997454228,9.77136677757192,2.0,1.0
25.0,25,957,260.1116183184661,543.6847752205913,12.311150689306297,4.0,1.0
25.0,25,958,845.8335862205083,198.70951948035045,7.755538950942392,1.0,1.0
25.0,25,959,191.23606169482383,908.6871657573768,9.77136677757192,2.0,1.0
25.0,25,961,281.08286201033724,179.42777379184002,9.77136677757192,2.0,1.0
25.0,25,962,1308.7660535172315,851.8785244880045,11.185422719499032,3.0,1.0
25.0,25,963,389.4468988652042,195.19282139622842,9.77136677757192,2.0,1.0
25.0,25,965,868.6600327032755,477.5755518044594,7.755538950942392,1.0,1.0
25.0,25,969,430.1508907161758,461.712649028565,9.77136677757192,2.0,1.0
25.0,25,970,547.0674037408784,31.512852878728033,7.755538950942392,1.0,1.0
25.0,25,971,1165.3884475327193,820.0866495429633,7.755538950942392,1.0,1.0
25.0,25,972,496.1068087034839,602.814863406099,11.185422719499032,3.0,1.0
25.0,25,974,206.24822673964871,475.4736090950687,7.755538950942392,1.0,1.0
25.0,25,975,32.83210339038155,713.9626666458804,7.755538950942392,1.0,1.0
25.0,25,977,1031.3989270493917,160.77271824567038,7.755538950942392,1.0,1.0
25.0,25,980,339.96543323619164,745.4133298611703,7.755538950942392,1.0,1.0
25.0,25,981,990.517835140582,407.780513092008,7.755538950942392,1.0,1.0
25.0,25,983,924.1527320576382,534.7541952651858,7.755538950942392,1.0,1.0
25.0,25,985,1248.0329021594184,924.7524089075534,11.185422719499032,3.0,1.0
25.0,25,986,1145.0513403215432,784.5650271526065,9.77136677757192,2.0,1.0
25.0,25,987,1169.1693040573896,867.8193062519066,7.755538950942392,1.0,1.0
25.0,25,988,1138.7032601241583,611.3654718387797,7.755538950942392,1.0,1.0
25.0,25,989,539.9042786250008,932.8298977463915,9.77136677757192,2.0,1.0
25.0,25,991,1190.672856588564,851.9871500586751,7.755538950942392,1.0,1.0
25.0,25,995,19.215162568229367,1024.6579886226584,9.771366777571922,2.0,1.0
25.0,25,996,266.0664170049813,861.2653534847644,9.77136677757192,2.0,0.9999999999999999
25.0,25,998,7.196720163097042,972.9470044111938,7.755538950942392,1.0,1.0
25.0,25,999,1058.8569360520933,433.2939478343325,7.755538950942392,1.0,1.0
25.0,25,1000,164.47487034041225,871.1007339217291,9.77136677757192,2.0,1.0
34.0,34,1,103.86452421764761,941.2766367087245,7.755538950942392,1.0,1.0
34.0,34,2,954.9768469585565,452.4916633036455,7.755538950942392,1.0,1.0
34.0,34,3,949.9133709252509,311.8256821753764,13.261785059625714,5.0,1.0
34.0,34,6,455.1241325094551,91.9063510365109,7.755538950942392,1.0,1.0
34.0,34,8,356.62401075918586,215.21056729195945,16.132171110904203,9.0,1.0
34.0,34,9,1077.7104845169895,403.1939020335578,7.755538950942392,1.0,1.0
34.0,34,10,1151.3492860756587,305.36287084598627,7.755538950942392,1.0,1.0
34.0,34,11,857.1465490191844,938.916061874763,9.77136677757192,2.0,1.0
34.0,34,14,1223.8528787018888,405.86173175078244,7.755538950942392,1.0,1.0
34.0,34,15,1006.9548491317131,308.07724876452227,7.755538950942392,1.0,0.9999999999999999
34.0,34,17,192.3949642006263,264.5852186247772,7.755538950942392,1.0,1.0
34.0,34,18,651.6697022811447,643.8102897976831,7.755538950942392,1.0,0.9999999999999999
34.0,34,19,485.50645281725247,812.592220566313,7.755538950942392,1.0,1.0
34.0,34,20,345.5529776654672,956.8061563811025,7.755538950942392,1.0,1.0
34.0,34,21,266.40085967467206,81.60114851376895,7.755538950942392,1.0,0.9999999999999999
34.0,34,22,143.45666704084647,459.4766845990128,9.77136677757192,2.0,1.0
34.0,34,23,12.675770214743864,820.5335995852171,9.77136677757192,2.0,1.0
34.0,34,27,520.1927605142017,545.7579587700804,7.755538950942392,1.0,1.0
34.0,34,28,908.7161492043549,902.3721313863521,7.755538950942392,1.0,1.0
34.0,34,29,1111.7492825827765,1020.8506560372927,11.185422719499032,3.0,1.0
34.0,34,31,970.5471745149916,138.0138534288539,7.755538950942392,1.0,1.0
34.0,34,35,193.53215539485416,749.0581725864575,7.755538950942392,1.0,1.0
34.0,34,36,866.1978205352283,50.92330200481112,7.755538950942392,1.0,0.9999999999999999
34.0,34,37,869.6948467260936,912.907721739821,7.755538950942392,1.0,1.0
34.0,34,38,966.8482030575483,715.770254534807,7.755538950942392,1.0,0.9999999999999999
34.0,34,39,1329.6824654339425,1000.5981034825247,7.755538950942392,1.0,1.0
34.0,34,40,964.3110047845737,929.8673762274125,9.77136677757192,2.0,0.9999999999999999
34.0,34,41,429.4159157999379,280.8549192182489,9.77136677757192,2.0,1.0
34.0,34,43,782.53718598959,824.2047941402222,7.755538950942392,1.0,1.0
34.0,34,44,750.4851633883984,64.0973523123214,9.77136677757192,2.0,0.9999999999999999
34.0,34,45,890.4405755994059,949.4847193658028,7.755538950942392,1.0,1.0
34.0,34,46,1142.8139081368051,357.56556680492815,7.755538950942392,1.0,1.0
34.0,34,51,1325.5265518351757,236.7831856384903,9.77136677757192,2.0,0.9999999999999999
34.0,34,52,162.0054247828626,189.2434707162561,7.755538950942392,1.0,1.0
34.0,34,53,136.5300079630152,108.96875638243476,7.755538950942392,1.0,0.9999999999999999
34.0,34,55,1251.0305882414957,611.9660499872979,7.755538950942392,1.0,0.9999999999999999
34.0,34,57,1057.5894906388735,726.6297989760423,12.311150689306295,4.0,1.0
34.0,34,59,43.57807586886943,150.93396588873168,7.755538950942392,1.0,1.0
34.0,34,60,52.2939412845783,228.86529317658156,9.77136677757192,2.0,0.9999999999999999
34.0,34,61,886.0198774166141,992.230796943948,9.771366777571922,2.0,1.0
34.0,34,62,576.01103047522,1024.4993407029488,7.755538950942392,1.0,1.0
34.0,34,63,1135.2679467827024,631.9555413154867,7.755538950942392,1.0,1.0
34.0,34,65,700.8447085522633,832.1944682597222,7.755538950942392,1.0,1.0
34.0,34,66,964.2509524110153,1013.0245719820094,9.771366777571922,2.0,1.0
34.0,34,67,1075.4527740568944,247.17342400519794,13.261785059625712,5.0,0.9999999999999999
34.0,34,68,1243.262452573526,656.7600222909726,7.755538950942392,1.0,0.9999999999999999
34.0,34,69,1161.5145491096387,65.62369412297964,7.755538950942392,1.0,1.0
34.0,34,70,1148.9548067990218,482.63892544602254,7.755538950942392,1.0,0.9999999999999999
34.0,34,71,773.3056471254084,780.8915195664283,7.755538950942392,1.0,0.9999999999999999
34.0,34,73,531.0560483536341,309.81025564517756,7.755538950942392,1.0,1.0
34.0,34,77,425.37267966541333,830.1840770663941,11.185422719499032,3.0,1.0
34.0,34,78,1106.2357606738365,180.2653496445915,7.755538950942392,1.0,1.0
34.0,34,79,826.9245952976161,235.96314238547419,9.77136677757192,2.0,1.0
34.0,34,80,1009.3743435264074,356.42370123870717,7.755538950942392,1.0,1.0
34.0,34,81,612.4533649172853,15.874886761513089,7.755538950942392,1.0,1.0
34.0,34,83,1195.9107504077558,416.0317853537854,7.755538950942392,1.0,1.0
34.0,34,84,291.3979253321221,659.700072131054,7.755538950942392,1.0,1.0
34.0,34,85,117.89676560917734,785.1722032768057,7.755538950942392,1.0,1.0
34.0,34,86,1026.6741204749833,514.1613629194022,9.77136677757192,2.0,1.0
34.0,34,87,714.737378815358,124.0700081861653,7.755538950942392,1.0,1.0
34.0,34,88,74.6918468454672,508.30638339332233,7.755538950942392,1.0,1.0
34.0,34,90,803.7805804733916,413.32994511048327,7.755538950942392,1.0,1.0
34.0,34,91,55.59587083424895,24.600343528789033,7.755538950942392,1.0,1.0
34.0,34,92,1095.4896250466581,704.083763891564,7.755538950942392,1.0,0.9999999999999999
34.0,34,93,290.34959435118225,289.058703999471,7.755538950942392,1.0,1.0
34.0,34,94,650.3125969286824,884.5375540849338,9.77136677757192,2.0,1.0
34.0,34,97,950.1923871148763,74.57516977916521,9.771366777571922,2.0,1.0
34.0,34,100,360.8519999360123,812.2237796760239,7.755538950942392,1.0,0.9999999999999999
34.0,34,101,14.107113916306812,617.3669368713365,7.755538950942392,1.0,0.9999999999999999
34.0,34,103,217.06567493807776,21.13775984179963,7.755538950942392,1.0,0.9999999999999999
34.0,34,104,377.0195608068072,581.0844899380543,7.755538950942392,1.0,1.0
34.0,34,107,441.77314793876354,140.84072028277538,7.755538950942392,1.0,1.0
34.0,34,110,649.5718735826845,622.4319443853642,7.755538950942392,1.0,1.0
34.0,34,114,297.7805948230871,361.30127245405123,9.77136677757192,2.0,0.9999999999999999
34.0,34,116,1161.7062553337037,47.21310457837795,9.77136677757192,2.0,1.0
34.0,34,118,283.60289464918816,438.9333668330733,9.77136677757192,2.0,1.0
34.0,34,119,1037.8761691099746,555.3422242403436,11.185422719499032,3.0,1.0
34.0,34,120,115.11138095626549,263.8058847610732,7.755538950942392,1.0,1.0
34.0,34,121,105.19176643945156,212.9385366959202,9.77136677757192,2.0,1.0
34.0,34,122,843.1234833011364,258.2463369693905,13.261785059625714,5.0,1.0
34.0,34,123,1298.483330943524,584.6320226603849,11.185422719499034,3.0,1.0
34.0,34,125,426.4268520415408,1003.3207970255334,9.77136677757192,2.0,1.0
34.0,34,126,1333.435596862038,477.93458838865104,7.755538950942392,1.0,1.0
34.0,34,127,846.4395939689007,567.9921572993758,7.755538950942392,1.0,1.0
34.0,34,129,778.1190786799824,675.5922445052382,7.755538950942392,1.0,1.0
34.0,34,130,1191.3391776487565,437.99358236537995,7.755538950942392,1.0,1.0
34.0,34,131,1237.1502733928924,301.7763646518779,7.755538950942392,1.0,1.0
34.0,34,132,1286.4519651843245,187.48294970326714,11.185422719499032,3.0,0.9999999999999999
34.0,34,134,109.73596640256311,826.0500811840501,7.755538950942392,1.0,1.0
34.0,34,135,1011.3806593955945,593.806447037251,7.755538950942392,1.0,1.0
34.0,34,136,857.9475080975972,863.2294782916775,7.755538950942392,1.0,1.0
34.0,34,138,480.79762077172586,0.7178160357074465,7.755538950942392,1.0,1.0
34.0,34,140,387.9123904363002,651.5190855855194,7.755538950942392,1.0,1.0
34.0,34,142,1293.6075153552226,291.459218039215,7.755538950942392,1.0,0.9999999999999999
34.0,34,143,614.3487846441145,112.16521696297613,13.261785059625712,5.0,1.0
34.0,34,144,1271.8870569109833,972.2357823167972,9.77136677757192,2.0,1.0
34.0,34,145,114.8859655596632,870.6679805010134,9.77136677757192,2.0,1.0
34.0,34,146,1053.9459038077732,532.2843407334922,7.755538950942392,1.0,1.0
34.0,34,148,546.6823228348486,138.85486544479645,7.755538950942392,1.0,1.0
34.0,34,149,173.99721293536177,983.8611417591553,7.755538950942392,1.0,1.0
34.0,34,150,708.4771217991416,390.3249670894959,11.185422719499032,3.0,0.9999999999999999
34.0,34,151,470.40200549842325,668.1948703787784,7.755538950942392,1.0,1.0
34.0,34,152,1154.865185281812,674.057699657667,7.755538950942392,1.0,1.0
34.0,34,153,57.66843004330992,541.9514113081009,9.77136677757192,2.0,1.0
34.0,34,156,874.0956530404458,807.0844615110352,7.755538950942392,1.0,1.0
34.0,34,160,1051.2012298049008,760.3409612670372,7.755538950942392,1.0,1.0
34.0,34,163,78.93741440619941,67.63008475493449,7.755538950942392,1.0,0.9999999999999999
34.0,34,164,366.601257224224,77.20787494560183,7.755538950942392,1.0,0.9999999999999999
34.0,34,165,148.36901549445312,8.830668527433193,7.755538950942392,1.0,1.0
34.0,34,166,494.48784504647705,86.49407638280259,11.185422719499032,3.0,1.0
34.0,34,168,1294.5720210001389,823.1426156747306,7.755538950942392,1.0,1.0
34.0,34,170,978.4540124173228,690.3109277083731,7.755538950942392,1.0,1.0
34.0,34,171,126.4259004270566,831.6987003600188,7.755538950942392,1.0,0.9999999999999999
34.0,34,172,825.7512849911212,815.6352820435056,7.755538950942392,1.0,1.0
34.0,34,173,12.513725764644123,57.14290145722089,9.77136677757192,2.0,1.0
34.0,34,174,964.4026143432661,743.025049255386,7.755538950942392,1.0,1.0
34.0,34,175,1334.4003688780906,864.9267905039508,9.77136677757192,2.0,0.9999999999999999
34.0,34,178,1223.3270965039667,538.673189918313,7.755538950942392,1.0,1.0
34.0,34,180,606.0162198257829,1023.9955233839142,7.755538950942392,1.0,0.9999999999999999
34.0,34,181,466.6207543907343,935.6599845880592,11.185422719499032,3.0,1.0
34.0,34,186,229.43387729658943,620.5879114134643,11.185422719499034,3.0,1.0
34.0,34,187,617.9044678533447,896.5398221725749,7.755538950942392,1.0,1.0
34.0,34,188,596.1168113816992,279.83663282361994,7.755538950942392,1.0,1.0
34.0,34,189,820.1391918183966,923.695334403808,7.755538950942392,1.0,1.0
34.0,34,190,1085.787675118799,968.7194758829258,7.755538950942392,1.0,1.0
34.0,34,191,1080.9217786334098,752.6029390133812,9.77136677757192,2.0,1.0
34.0,34,193,351.9980942332194,98.79859493136202,7.755538950942392,1.0,1.0
34.0,34,198,205.22636872597087,627.7494682882731,7.755538950942392,1.0,1.0
34.0,34,199,196.5525761638858,529.5155897974827,12.311150689306299,4.0,1.0
34.0,34,201,140.7487730776218,428.03300949426256,9.77136677757192,2.0,0.9999999999999999
34.0,34,208,1038.5383308890916,283.5730928682674,9.77136677757192,2.0,0.9999999999999999
34.0,34,210,103.45445165096827,1.8335847163488446,11.185422719499034,3.0,1.0
34.0,34,213,489.68093222758466,741.5271465175513,7.755538950942392,1.0,1.0
34.0,34,214,31.286669571710224,244.72121755365086,7.755538950942392,1.0,1.0
34.0,34,215,345.21433404135684,437.2159833793786,9.77136677757192,2.0,1.0
34.0,34,218,675.9563753071142,307.888733798441,7.755538950942392,1.0,1.0
34.0,34,219,290.1032379518148,105.99196941511404,7.755538950942392,1.0,1.0
34.0,34,220,310.89080291053864,921.8197880007734,11.185422719499032,3.0,0.9999999999999999
34.0,34,221,106.36008153622144,171.9386287844674,11.185422719499032,3.0,1.0
34.0,34,224,564.3482203130935,248.2831720800594,7.755538950942392,1.0,1.0
34.0,34,228,889.2451261938705,35.11604605902459,7.755538950942392,1.0,1.0
34.0,34,230,1141.9573381183677,722.4016851429261,7.755538950942392,1.0,1.0
34.0,34,231,733.9004027997955,317.3176344515207,7.755538950942392,1.0,1.0
34.0,34,232,501.40897502136465,233.17754620012528,7.755538950942392,1.0,1.0
34.0,34,238,911.6159137425947,861.2916578682093,7.755538950942392,1.0,1.0
34.0,34,239,1197.5738059353498,928.4868497162253,7.755538950942392,1.0,0.9999999999999999
34.0,34,241,1219.6949223163417,518.3555371898732,11.185422719499032,3.0,1.0
34.0,34,242,734.5718354903865,26.926855618231233,7.755538950942392,1.0,1.0
34.0,34,243,67.30798393122285,692.3060047114932,7.755538950942392,1.0,1.0
34.0,34,245,743.0487369932081,776.8165245714281,7.755538950942392,1.0,1.0
34.0,34,247,382.58223128345657,213.21571404279123,7.755538950942392,1.0,0.9999999999999999
34.0,34,248,457.20534285541345,177.69935929889692,9.77136677757192,2.0,1.0
34.0,34,250,511.1148165710237,803.9512453985069,7.755538950942392,1.0,1.0
34.0,34,251,735.6780315458916,799.8096690543463,7.755538950942392,1.0,1.0
34.0,34,255,1333.4751952350261,821.5649314581397,9.77136677757192,2.0,1.0
34.0,34,256,927.7457284676408,734.5018144203219,7.755538950942392,1.0,1.0
34.0,34,257,608.401175731166,36.076426368918945,7.755538950942392,1.0,0.9999999999999999
34.0,34,259,745.7321161737274,152.21805419247528,11.185422719499032,3.0,1.0
34.0,34,260,1098.5568895764748,814.9229821596919,7.755538950942392,1.0,0.9999999999999999
34.0,34,261,257.05210844693306,428.35020863824934,7.755538950942392,1.0,1.0
34.0,34,262,845.8500487875414,989.9801813752201,9.77136677757192,2.0,1.0
34.0,34,263,95.18347308942879,142.10458201257674,9.77136677757192,2.0,1.0
34.0,34,264,933.4345218517723,813.6882841684326,7.755538950942392,1.0,0.9999999999999999
34.0,34,265,1.7426674150225727,437.3583645215945,7.755538950942392,1.0,1.0
34.0,34,268,1016.6864125672571,222.82737522147244,7.755538950942392,1.0,1.0
34.0,34,269,118.81803214614717,377.7337549767215,7.755538950942392,1.0,1.0
34.0,34,270,337.288704215991,401.86172559725367,7.755538950942392,1.0,1.0
34.0,34,272,229.11565274593275,294.5796633088528,7.755538950942392,1.0,1.0
34.0,34,273,617.9652510223532,582.8244589709789,7.755538950942392,1.0,1.0
34.0,34,274,791.7451220323171,855.587537362955,7.755538950942392,1.0,1.0
34.0,34,275,1171.658673891394,379.5590392277161,7.755538950942392,1.0,1.0
34.0,34,276,1096.5266777525724,523.7263125387876,7.755538950942392,1.0,1.0
34.0,34,277,265.90656577551516,361.40479501051385,7.755538950942392,1.0,1.0
34.0,34,278,1254.0293050254036,361.0291673028651,11.185422719499032,3.0,1.0
34.0,34,279,132.74099822080785,631.262542366846,11.185422719499032,3.0,1.0
34.0,34,280,352.97115653356883,969.6920100409583,7.755538950942392,1.0,0.9999999999999999
34.0,34,281,1190.6557933073943,552.3231871787668,11.185422719499032,3.0,1.0
34.0,34,283,680.0540084026115,597.187806193676,9.77136677757192,2.0,0.9999999999999999
34.0,34,284,78.17049705464069,802.4250346074602,7.755538950942392,1.0,0.9999999999999999
34.0,34,285,848.9466957604303,643.0134764748449,7.755538950942392,1.0,1.0
34.0,34,286,1145.1947001696647,261.1113703128509,7.755538950942392,1.0,1.0
34.0,34,287,94.2179860656096,702.9384570861783,7.755538950942392,1.0,1.0
34.0,34,289,1242.8360476302519,812.2579949936738,11.185422719499034,3.0,1.0
34.0,34,290,236.3647056164459,695.7574958319426,7.755538950942392,1.0,1.0
34.0,34,291,496.5996233535415,351.8930386493369,7.755538950942392,1.0,0.9999999999999999
34.0,34,294,625.9397966962902,424.9338834768084,7.755538950942392,1.0,1.0
34.0,34,295,52.54898089169398,751.5321912233816,12.311150689306297,4.0,1.0
34.0,34,300,345.15453044328365,664.5866988673162,9.77136677757192,2.0,1.0
34.0,34,301,1112.4984884018095,33.77344829569158,9.77136677757192,2.0,1.0
34.0,34,302,642.3933326663852,992.7830913870413,7.755538950942392,1.0,1.0
34.0,34,304,722.0732674069121,412.15066677869385,7.755538950942392,1.0,1.0
34.0,34,306,154.3232151332249,589.6994026369501,7.755538950942392,1.0,1.0
34.0,34,307,974.4763885180876,483.24959719198756,11.185422719499032,3.0,1.0
34.0,34,309,824.5588256724542,196.9550398229372,7.755538950942392,1.0,1.0
34.0,34,311,698.5459600078501,572.6522796968532,9.77136677757192,2.0,1.0
34.0,34,314,168.20004572074603,150.03098191732514,7.755538950942392,1.0,1.0
34.0,34,317,932.6612418513008,58.59091956285634,9.77136677757192,2.0,0.9999999999999999
34.0,34,318,1222.4968065427202,610.2473224142517,9.771366777571922,2.0,1.0
34.0,34,319,106.17747898138738,993.548940623841,9.77136677757192,2.0,1.0
34.0,34,320,1246.1951501909944,119.99711319165655,9.77136677757192,2.0,1.0
34.0,34,322,863.1489046034216,966.7973398730749,9.77136677757192,2.0,0.9999999999999999
34.0,34,323,71.90241923735142,432.10844690911875,9.77136677757192,2.0,1.0
34.0,34,325,196.64377584279615,930.3924836730874,7.755538950942392,1.0,1.0
34.0,34,326,197.1236793379404,457.46681196649604,7.755538950942392,1.0,1.0
34.0,34,327,913.1247552289564,472.11932985961346,7.755538950942392,1.0,1.0
34.0,34,328,697.7578440577261,301.96465535825274,7.755538950942392,1.0,0.9999999999999999
34.0,34,330,410.0467695264324,868.1228904331833,9.77136677757192,2.0,1.0
34.0,34,331,127.95149758684704,713.3034865329631,12.311150689306299,4.0,0.9999999999999999
34.0,34,333,630.2273574142441,32.183062134452875,7.755538950942392,1.0,0.9999999999999999
34.0,34,334,1136.9878963419437,834.6051329547806,7.755538950942392,1.0,1.0
34.0,34,337,591.0914597047611,937.9758831953773,9.77136677757192,2.0,0.9999999999999999
34.0,34,339,818.763709242489,92.8274545789864,7.755538950942392,1.0,1.0
34.0,34,340,890.259374550919,666.4660547201926,7.755538950942392,1.0,1.0
34.0,34,341,970.4579445330601,617.3196609773731,9.77136677757192,2.0,1.0
34.0,34,342,883.3767866305794,130.79619768969812,9.77136677757192,2.0,1.0
34.0,34,343,123.40209123936951,482.43933657988026,7.755538950942392,1.0,1.0
34.0,34,344,736.4276756961655,368.240291823082,7.755538950942392,1.0,0.9999999999999999
34.0,34,346,1178.6225497370947,634.0033517721464,7.755538950942392,1.0,1.0
34.0,34,348,405.9739121434904,654.4404786992576,7.755538950942392,1.0,1.0
34.0,34,350,1262.9565587006862,152.43457915703777,7.755538950942392,1.0,1.0
34.0,34,354,473.87845689665374,228.78704451150261,7.755538950942392,1.0,1.0
34.0,34,355,88.02592114419923,493.0862151990069,7.755538950942392,1.0,0.9999999999999999
34.0,34,356,688.3502692405148,1012.4380050218073,7.755538950942392,1.0,1.0
34.0,34,360,676.1771776194914,337.5623324120127,7.755538950942392,1.0,1.0
34.0,34,361,28.25960638545282,640.7752470349885,7.755538950942392,1.0,1.0
34.0,34,362,996.3682788919232,708.2463465936854,7.755538950942392,1.0,0.9999999999999999
34.0,34,363,595.9241495910617,503.6191710063804,7.755538950942392,1.0,1.0
34.0,34,364,1332.1685712714218,419.0349184969341,7.755538950942392,1.0,1.0
34.0,34,365,122.1297118842215,77.21105437185831,7.755538950942392,1.0,1.0
34.0,34,366,847.0595614498027,161.39769717076956,7.755538950942392,1.0,0.9999999999999999
34.0,34,367,1187.106991326752,990.5871192579123,7.755538950942392,1.0,1.0
34.0,34,368,1324.6533125995609,164.56631098522112,12.311150689306297,4.0,1.0
34.0,34,369,861.5693132750357,355.9729571152627,7.755538950942392,1.0,1.0
34.0,34,370,34.527448985649315,992.6924372066285,7.755538950942392,1.0,0.9999999999999999
34.0,34,371,581.4252894529434,415.0702621820147,7.755538950942392,1.0,0.9999999999999999
34.0,34,373,872.5581844197434,200.60923813732103,7.755538950942392,1.0,1.0
34.0,34,374,862.7403226014333,77.63109159327225,9.77136677757192,2.0,1.0
34.0,34,378,85.54967371381616,657.1879683041382,7.755538950942392,1.0,1.0
34.0,34,380,852.0557418969336,11.721357119364923,7.755538950942392,1.0,1.0
34.0,34,381,819.1758780533189,334.49362381793213,9.77136677757192,2.0,1.0
34.0,34,382,1334.13230071591,275.54427115499334,9.77136677757192,2.0,1.0
34.0,34,383,925.2742336713804,499.14641201686976,9.771366777571922,2.0,1.0
34.0,34,385,696.4171187748631,536.5495789974087,7.755538950942392,1.0,0.9999999999999999
34.0,34,387,809.2104778405245,267.8331870073282,9.77136677757192,2.0,1.0
34.0,34,388,186.82126288786998,644.931347363158,7.755538950942392,1.0,1.0
34.0,34,389,160.024944229503,564.7976753284938,7.755538950942392,1.0,1.0
34.0,34,390,362.0403199623185,162.5029122716833,11.185422719499032,3.0,0.9999999999999999
34.0,34,391,735.2454382839941,513.5349249182133,12.311150689306299,4.0,1.0
34.0,34,393,269.7908780354467,900.253135519016,7.755538950942392,1.0,1.0
34.0,34,395,1283.9429829466221,159.18203701378357,7.755538950942392,1.0,1.0
34.0,34,396,1041.9635715724787,359.02865768220676,9.77136677757192,2.0,1.0
34.0,34,399,529.4949330748506,614.2028090066501,11.185422719499032,3.0,0.9999999999999999
34.0,34,400,226.98200029229065,380.75208350701325,7.755538950942392,1.0,1.0
34.0,34,403,641.9818582072465,541.5612406923351,7.755538950942392,1.0,1.0
34.0,34,405,762.3621539513875,372.58500353098077,12.311150689306297,4.0,1.0
34.0,34,406,258.6269425220986,794.6756029235198,14.092749536269183,6.0,1.0
34.0,34,409,580.4130173256747,866.6252343921648,11.185422719499032,3.0,1.0
34.0,34,410,563.736551016028,542.1264532659502,7.755538950942392,1.0,1.0
34.0,34,412,747.3921373459915,658.554287683961,9.77136677757192,2.0,1.0
34.0,34,414,1213.7968786194897,490.9673738673037,7.755538950942392,1.0,1.0
34.0,34,415,1139.539295557416,700.6676233670597,7.755538950942392,1.0,1.0
34.0,34,416,394.3824824153756,734.3551330830859,7.755538950942392,1.0,1.0
34.0,34,417,906.7624262145405,522.5342672146526,9.77136677757192,2.0,1.0
34.0,34,418,534.728033691449,682.9602808307159,9.77136677757192,2.0,0.9999999999999999
34.0,34,419,334.0061319003135,899.6712577759885,9.771366777571922,2.0,1.0
34.0,34,420,685.9442181692008,973.4039807829006,7.755538950942392,1.0,0.9999999999999999
34.0,34,421,978.3708313799259,351.02644000778395,7.755538950942392,1.0,1.0
34.0,34,422,161.2295455143983,653.4601750348331,7.755538950942392,1.0,1.0
34.0,34,426,1090.383226188071,507.13315151862736,7.755538950942392,1.0,0.9999999999999999
34.0,34,427,538.2959192909739,7.4231844145337105,9.77136677757192,2.0,1.0
34.0,34,428,1060.1266916441516,201.02515524566792,9.77136677757192,2.0,1.0
34.0,34,430,994.9716806729144,500.19020939226937,7.755538950942392,1.0,1.0
34.0,34,431,274.9977202450108,579.4687728321156,7.755538950942392,1.0,0.9999999999999999
34.0,34,432,362.04448004599493,770.5993305916049,9.77136677757192,2.0,0.9999999999999999
34.0,34,433,288.1915271147932,601.1602102858916,9.77136677757192,2.0,1.0
34.0,34,435,884.1199321166154,240.48035950864767,7.755538950942392,1.0,0.9999999999999999
34.0,34,436,315.66805536378195,661.076429008441,7.755538950942392,1.0,1.0
34.0,34,438,866.30960292913,706.7274677111511,7.755538950942392,1.0,1.0
34.0,34,439,537.4788496609763,862.8553401266194,11.185422719499032,3.0,1.0
34.0,34,440,350.3187991210968,874.498876611393,7.755538950942392,1.0,0.9999999999999999
34.0,34,441,947.8686067463044,421.7848730615475,7.755538950942392,1.0,0.9999999999999999
34.0,34,442,502.097918232414,322.25552829024184,7.755538950942392,1.0,1.0
34.0,34,443,222.6938183079205,749.7415255162065,7.755538950942392,1.0,1.0
34.0,34,444,150.71298796186608,736.1791849558896,7.755538950942392,1.0,1.0
34.0,34,445,1049.8519501067165,44.199220318083746,7.755538950942392,1.0,1.0
34.0,34,446,332.7083523909604,255.63821414497087,7.755538950942392,1.0,0.9999999999999999
34.0,34,449,1195.6855612828626,132.674467673291,7.755538950942392,1.0,1.0
34.0,34,451,1334.017855400652,507.1559006285071,7.755538950942392,1.0,1.0
34.0,34,453,196.44932049387734,1018.4525336518398,7.755538950942392,1.0,1.0
34.0,34,455,852.7499428376619,210.2982180324467,11.185422719499032,3.0,1.0
34.0,34,456,312.14749845784553,819.2164452730993,9.77136677757192,2.0,1.0
34.0,34,458,1246.2575094329386,182.9327632379723,7.755538950942392,1.0,1.0
34.0,34,459,1318.1060581296324,357.68987496800503,9.77136677757192,2.0,1.0
34.0,34,461,139.39492005752197,54.45550376424708,9.77136677757192,2.0,1.0
34.0,34,462,1100.1895930531766,302.31104993140934,7.755538950942392,1.0,0.9999999999999999
34.0,34,464,1333.5559940971734,70.55649830739482,7.755538950942392,1.0,1.0
34.0,34,465,794.0581416066135,172.03883670263974,7.755538950942392,1.0,1.0
34.0,34,466,407.08766097317164,615.5134421533056,9.77136677757192,2.0,1.0
34.0,34,468,1210.1235460565952,908.8694444960354,7.755538950942392,1.0,1.0
34.0,34,469,1135.7606103888154,883.0833013900409,7.755538950942392,1.0,1.0
34.0,34,470,81.85283388844404,409.62112863465273,7.755538950942392,1.0,1.0
34.0,34,471,67.51898819559129,487.37946681096287,7.755538950942392,1.0,1.0
34.0,34,472,307.0110666359742,132.6192784878085,7.755538950942392,1.0,1.0
34.0,34,473,391.6329316062768,908.2524388127002,7.755538950942392,1.0,1.0
34.0,34,474,84.93760265588553,1000.8486439745269,7.755538950942392,1.0,1.0
34.0,34,476,484.6779118868337,138.13623666646464,11.185422719499034,3.0,1.0
34.0,34,477,281.6764972427707,944.6495451696475,9.77136677757192,2.0,1.0
34.0,34,478,287.4232842908473,210.33534163062143,7.755538950942392,1.0,1.0
34.0,34,479,357.97341562998406,936.3089368299253,7.755538950942392,1.0,1.0
34.0,34,481,589.9122069398454,980.7537462672916,9.771366777571922,2.0,1.0
34.0,34,483,565.2689698832079,40.64049754034093,7.755538950942392,1.0,1.0
34.0,34,485,1045.41752746769,683.726013979986,7.755538950942392,1.0,1.0
34.0,34,486,399.4718835228358,128.25604403755304,7.755538950942392,1.0,0.9999999999999999
34.0,34,487,1061.0375467561294,962.7401781880894,12.311150689306295,4.0,1.0
34.0,34,489,654.9874441481041,144.1090573500786,9.77136677757192,2.0,1.0
34.0,34,490,459.6931243224547,898.9409701053678,9.77136677757192,2.0,0.9999999999999999
34.0,34,491,657.4575493781634,757.4483338151679,9.77136677757192,2.0,0.9999999999999999
34.0,34,493,98.95581708383526,369.4819479597054,7.755538950942392,1.0,0.9999999999999999
34.0,34,494,811.1636048044438,764.0891217294347,9.77136677757192,2.0,1.0
34.0,34,496,700.742599728402,507.95919837368524,7.755538950942392,1.0,1.0
34.0,34,497,1194.835657350379,770.4011599257246,7.755538950942392,1.0,1.0
34.0,34,498,423.86318991147056,480.5876928331491,7.755538950942392,1.0,1.0
34.0,34,500,540.8000341427331,180.52187596860344,7.755538950942392,1.0,0.9999999999999999
34.0,34,501,519.4925354585268,992.303700648225,9.77136677757192,2.0,0.9999999999999999
34.0,34,503,529.8511015149045,42.16384272543085,9.77136677757192,2.0,1.0
34.0,34,504,992.6227089581832,203.42240792740571,7.755538950942392,1.0,1.0
34.0,34,506,105.33684616302206,744.297282809159,7.755538950942392,1.0,1.0
34.0,34,507,1336.9359483093633,318.49013840592954,7.755538950942392,1.0,1.0
34.0,34,508,1164.3673939729547,523.9853586521683,11.185422719499032,3.0,1.0
34.0,34,509,1071.6447654935266,864.9681301718372,9.77136677757192,2.0,1.0
34.0,34,510,589.28115969902,200.37083699974718,9.77136677757192,2.0,1.0
34.0,34,511,521.5980251419489,508.06622053058135,9.77136677757192,2.0,0.9999999999999999
34.0,34,512,191.38826899786395,862.6206004519232,9.771366777571922,2.0,1.0
34.0,34,513,1253.7974640298721,579.341716455837,13.26178505962571,5.0,1.0
34.0,34,516,1221.4700017868429,383.78819708942797,9.77136677757192,2.0,0.9999999999999999
34.0,34,517,908.7337895480985,829.8353255762019,9.77136677757192,2.0,1.0
34.0,34,518,126.41759243650053,525.6665860361986,11.185422719499032,3.0,0.9999999999999999
34.0,34,519,820.2452274520338,381.67947210002023,12.311150689306299,4.0,1.0
34.0,34,520,804.0069998171416,7.422002696913754,11.185422719499034,3.0,1.0
34.0,34,521,823.0200140881261,50.12052846729053,11.185422719499034,3.0,0.9999999999999999
34.0,34,522,990.9726918129178,979.5023515753254,7.755538950942392,1.0,1.0
34.0,34,523,975.0709792461802,192.78341238107117,7.755538950942392,1.0,1.0
34.0,34,524,869.4253917913398,882.945296211655,7.755538950942392,1.0,1.0
34.0,34,529,784.4080502333579,569.5794412480986,7.755538950942392,1.0,1.0
34.0,34,530,121.61393551630691,672.8195704116107,9.771366777571922,2.0,1.0
34.0,34,533,827.3160760593264,865.0025730998975,9.771366777571922,2.0,1.0
34.0,34,534,989.5173207656931,601.796038251796,9.771366777571922,2.0,1.0
34.0,34,535,842.3055559679668,139.13137909065156,7.755538950942392,1.0,1.0
34.0,34,536,338.53496465206325,490.7395291213917,7.755538950942392,1.0,1.0
34.0,34,538,548.8891225706363,443.7800734777298,11.185422719499032,3.0,1.0
34.0,34,539,967.6477290634051,223.11777345449494,7.755538950942392,1.0,1.0
34.0,34,540,302.9466816805183,549.1585645226405,7.755538950942392,1.0,1.0
34.0,34,543,911.0707466738567,409.4902947078803,9.77136677757192,2.0,1.0
34.0,34,546,1037.646367029891,836.122857264048,9.77136677757192,2.0,1.0
34.0,34,547,496.39779601159523,255.20676290813677,7.755538950942392,1.0,1.0
34.0,34,548,893.6778330555362,446.196357634124,9.77136677757192,2.0,1.0
34.0,34,550,398.7420904429109,392.8061164049872,7.755538950942392,1.0,1.0
34.0,34,551,1250.614556017564,760.0464254461527,7.755538950942392,1.0,1.0
34.0,34,555,155.75624239988784,207.4317486457962,9.77136677757192,2.0,1.0
34.0,34,556,268.3761983553205,464.73484333904855,7.755538950942392,1.0,1.0
34.0,34,557,596.6581686906945,322.15092304473643,11.185422719499032,3.0,1.0
34.0,34,558,227.94469277226995,60.415006616661195,7.755538950942392,1.0,1.0
34.0,34,559,1072.5126559427003,81.6867664918041,7.755538950942392,1.0,1.0
34.0,34,560,1209.156901396961,598.1446688277639,7.755538950942392,1.0,1.0
34.0,34,561,1306.8652822848285,889.8916864873182,7.755538950942392,1.0,1.0
34.0,34,562,182.30998143601298,234.87434944780145,11.185422719499032,3.0,1.0
34.0,34,563,439.8760283179841,425.1883784020232,7.755538950942392,1.0,1.0
34.0,34,564,366.37117094539764,453.8508066895129,11.185422719499032,3.0,1.0
34.0,34,565,1213.1226701706082,745.5639081867937,7.755538950942392,1.0,1.0
34.0,34,568,1119.9058842437664,158.25094700416832,7.755538950942392,1.0,0.9999999999999999
34.0,34,569,320.10679061043834,343.3700605380829,7.755538950942392,1.0,1.0
34.0,34,570,1318.3362203349652,556.4397539942134,9.77136677757192,2.0,1.0
34.0,34,573,485.86161743057147,966.9161754716404,7.755538950942392,1.0,1.0
34.0,34,574,180.74513689119973,794.5889725132796,7.755538950942392,1.0,1.0
34.0,34,575,668.947756168475,691.064640503842,7.755538950942392,1.0,1.0
34.0,34,576,816.6213560798053,165.8768265834336,7.755538950942392,1.0,1.0
34.0,34,579,534.3832317520779,272.39065214580495,7.755538950942392,1.0,1.0
34.0,34,581,607.0363190689337,832.5964280557278,11.185422719499032,3.0,1.0
34.0,34,582,576.3195893910719,277.9330389341229,7.755538950942392,1.0,1.0
34.0,34,583,1226.6712886313965,251.881475271392,9.77136677757192,2.0,1.0
34.0,34,584,1088.0324427176213,782.6332832145771,7.755538950942392,1.0,0.9999999999999999
34.0,34,586,390.4818959729922,1016.2828492252577,7.755538950942392,1.0,1.0
34.0,34,587,1073.1318793420148,823.05942384219,9.77136677757192,2.0,1.0
34.0,34,592,870.5018623780417,289.4482119238533,7.755538950942392,1.0,1.0
34.0,34,593,692.8526031676384,788.0218555687684,9.77136677757192,2.0,1.0
34.0,34,594,530.5963940923601,896.861517468517,7.755538950942392,1.0,1.0
34.0,34,598,607.1503227350538,446.49894401134094,11.185422719499032,3.0,1.0
34.0,34,599,1073.5400821658611,162.4021053054457,7.755538950942392,1.0,1.0
34.0,34,600,544.0134075202742,528.7411515987288,11.185422719499034,3.0,1.0
34.0,34,602,168.69454043478723,310.2801555260242,7.755538950942392,1.0,1.0
34.0,34,605,792.5834945586155,36.214048963395165,13.261785059625714,5.0,1.0
34.0,34,606,1206.5368585518224,642.7091931917981,7.755538950942392,1.0,0.9999999999999999
34.0,34,607,1170.0360756387445,180.70154307004378,12.311150689306297,4.0,1.0
34.0,34,608,939.8486013004366,692.4732494059975,7.755538950942392,1.0,1.0
34.0,34,609,1004.2655586127538,853.6643016446518,7.755538950942392,1.0,1.0
34.0,34,611,966.4787823861205,439.7492185757472,7.755538950942392,1.0,1.0
34.0,34,612,359.4510938017099,305.3946719782042,13.261785059625709,5.0,0.9999999999999999
34.0,34,613,1259.5153075554933,721.5091098192436,7.755538950942392,1.0,1.0
34.0,34,614,397.4314163210028,758.8876783336166,11.185422719499032,3.0,1.0
34.0,34,615,644.9601363059,838.2738486033046,7.755538950942392,1.0,1.0
34.0,34,619,629.1191258668626,238.35640687548567,7.755538950942392,1.0,1.0
34.0,34,620,1168.9389456486028,778.5300978329174,9.77136677757192,2.0,1.0
34.0,34,621,183.1382787517195,52.42909299298359,7.755538950942392,1.0,1.0
34.0,34,622,269.1149936555447,46.30855443154897,7.755538950942392,1.0,1.0
34.0,34,625,582.4791323979455,738.5400925708801,7.755538950942392,1.0,1.0
34.0,34,626,889.6157796353367,169.49657097414251,7.755538950942392,1.0,0.9999999999999999
34.0,34,627,1254.085314461964,16.425833915708893,12.311150689306299,4.0,1.0
34.0,34,629,799.7441326487052,886.7416428855564,11.185422719499032,3.0,0.9999999999999999
34.0,34,632,399.25416889219554,701.3075711613961,9.771366777571922,2.0,1.0
34.0,34,633,1116.1886070742287,82.48822568448082,9.77136677757192,2.0,1.0
34.0,34,634,996.294900865003,330.6892639774214,7.755538950942392,1.0,1.0
34.0,34,636,676.9597400881593,930.1972573399988,7.755538950942392,1.0,1.0
34.0,34,638,75.40675818290055,227.5597632670113,7.755538950942392,1.0,0.9999999999999999
34.0,34,640,39.89073475036581,451.38266252529036,7.755538950942392,1.0,1.0
34.0,34,641,171.71585218260665,924.5758443800622,7.755538950942392,1.0,0.9999999999999999
34.0,34,642,289.1418278661274,310.6251275343354,7.755538950942392,1.0,1.0
34.0,34,644,22.429001036246976,36.16009402744445,9.77136677757192,2.0,0.9999999999999999
34.0,34,645,1265.1360020707773,69.92733986466304,7.755538950942392,1.0,0.9999999999999999
34.0,34,646,374.17413947494697,882.7420797056824,11.185422719499032,3.0,1.0
34.0,34,647,175.27574914889186,290.5839019304263,7.755538950942392,1.0,1.0
34.0,34,649,1129.6021876977306,120.95292831416103,7.755538950942392,1.0,1.0
34.0,34,651,282.8012047718591,920.27568466527,7.755538950942392,1.0,1.0
34.0,34,654,1285.6097373556029,130.01492607731973,9.77136677757192,2.0,1.0
34.0,34,655,581.679879525758,704.8409801587948,7.755538950942392,1.0,0.9999999999999999
34.0,34,658,574.0002034321056,343.5187766809618,14.092749536269185,6.0,1.0
34.0,34,659,1296.5247004814435,971.9149261839551,7.755538950942392,1.0,1.0
34.0,34,662,1132.7706582168257,960.9774497604647,7.755538950942392,1.0,1.0
34.0,34,665,1037.046064509615,118.61817865329806,11.185422719499032,3.0,1.0
34.0,34,666,1234.2588807325787,1003.2896218212354,12.311150689306299,4.0,1.0
34.0,34,667,198.15845242308998,88.99524760067472,7.755538950942392,1.0,1.0
34.0,34,668,236.02860277283838,951.4450629540465,7.755538950942392,1.0,1.0
34.0,34,670,451.98390810152046,236.18141906625758,7.755538950942392,1.0,1.0
34.0,34,671,1024.9520630013228,89.56710094421952,7.755538950942392,1.0,1.0
34.0,34,672,806.1538790772966,973.4348717003157,7.755538950942392,1.0,0.9999999999999999
34.0,34,674,1053.8623164859735,635.50080149892,7.755538950942392,1.0,1.0
34.0,34,675,398.91794121534247,502.5975784915668,7.755538950942392,1.0,1.0
34.0,34,676,1285.3921402513943,865.6447247317351,9.77136677757192,2.0,1.0
34.0,34,677,729.7420459818078,61.70092163957,7.755538950942392,1.0,1.0
34.0,34,678,123.55084435889583,240.27648742034484,7.755538950942392,1.0,1.0
34.0,34,680,858.2234441685964,611.810571754854,7.755538950942392,1.0,1.0
34.0,34,682,1218.9070539777229,86.85299324397695,7.755538950942392,1.0,1.0
34.0,34,684,1308.7036107214071,936.1596628620382,9.77136677757192,2.0,1.0
34.0,34,686,891.6836866139647,311.0147784308296,7.755538950942392,1.0,1.0
34.0,34,687,1207.9435186901164,287.10257073136626,11.185422719499032,3.0,1.0
34.0,34,688,245.74373306639433,494.54417187819246,7.755538950942392,1.0,0.9999999999999999
34.0,34,689,434.39286599690945,617.8937873500779,7.755538950942392,1.0,1.0
34.0,34,692,725.1239462570092,293.83483921643403,7.755538950942392,1.0,0.9999999999999999
34.0,34,694,1107.4514277887715,886.039138291685,7.755538950942392,1.0,1.0
34.0,34,697,648.8476227787608,903.4469631495136,7.755538950942392,1.0,0.9999999999999999
34.0,34,698,668.4846355843724,98.33747535334057,7.755538950942392,1.0,1.0
34.0,34,700,447.8141967235065,505.5407198417027,11.185422719499032,3.0,1.0
34.0,34,702,700.3609574575081,27.59846706973437,7.755538950942392,1.0,0.9999999999999999
34.0,34,704,144.17460917866788,261.31268144936456,7.755538950942392,1.0,1.0
34.0,34,705,409.44752787413626,411.2204732859441,7.755538950942392,1.0,1.0
34.0,34,706,308.1323145523421,200.1675310138317,9.77136677757192,2.0,1.0
34.0,34,707,247.87535653663375,252.89977485628083,11.185422719499032,3.0,0.9999999999999999
34.0,34,710,809.8819507247473,673.3408464251702,7.755538950942392,1.0,1.0
34.0,34,712,558.0519414747199,269.8224783184138,7.755538950942392,1.0,1.0
34.0,34,716,1327.503920823697,671.3467102803912,9.77136677757192,2.0,1.0
34.0,34,717,525.0312099361647,654.9052103359425,13.26178505962571,5.0,1.0
34.0,34,718,433.6187701006525,157.37749012970048,7.755538950942392,1.0,0.9999999999999999
34.0,34,720,628.4581557272363,823.27660007584,7.755538950942392,1.0,1.0
34.0,34,722,1001.0051013307504,785.6167175633037,11.185422719499032,3.0,1.0
34.0,34,723,422.93355472749016,595.4610263840698,9.771366777571922,2.0,1.0
34.0,34,724,894.3986909283556,625.1676633430244,7.755538950942392,1.0,1.0
34.0,34,726,1272.0886825184286,46.27966345757947,7.755538950942392,1.0,1.0
34.0,34,728,1034.2451969682002,394.1325235765794,7.755538950942392,1.0,1.0
34.0,34,729,560.6959133353233,104.03275234796138,7.755538950942392,1.0,1.0
34.0,34,730,691.3707787734394,459.6847611873356,9.77136677757192,2.0,0.9999999999999999
34.0,34,732,511.5123555932254,157.28940056859588,11.185422719499032,3.0,1.0
34.0,34,733,247.00173672932414,280.85892398092057,9.77136677757192,2.0,1.0
34.0,34,734,1340.166196735439,23.789509522982176,7.755538950942392,1.0,1.0
34.0,34,735,724.1397980261534,7.07648606651797,7.755538950942392,1.0,0.9999999999999999
34.0,34,737,1106.1842482053294,479.7897980941476,11.185422719499032,3.0,1.0
34.0,34,738,213.1898532748614,552.8583862042998,12.311150689306297,4.0,1.0
34.0,34,740,1237.0680637809069,962.1563032613108,7.755538950942392,1.0,1.0
34.0,34,743,734.6520754024147,184.37543020941393,9.77136677757192,2.0,1.0
34.0,34,744,444.2335074531924,589.7252515178839,7.755538950942392,1.0,1.0
34.0,34,745,1083.0248060949984,489.2313332773444,7.755538950942392,1.0,0.9999999999999999
34.0,34,746,1272.5816239428234,381.3143919696551,9.77136677757192,2.0,1.0
34.0,34,747,625.4910636061963,739.0587575096876,7.755538950942392,1.0,1.0
34.0,34,748,1223.238114866808,333.8903942681333,7.755538950942392,1.0,0.9999999999999999
34.0,34,750,795.6961452699989,247.86254149753225,9.77136677757192,2.0,1.0
34.0,34,752,1308.1853471343397,691.2081266240231,7.755538950942392,1.0,1.0
34.0,34,753,649.8574037991215,481.4879429726164,7.755538950942392,1.0,1.0
34.0,34,754,552.4981259204842,732.2707640226657,7.755538950942392,1.0,1.0
34.0,34,755,944.370314455893,134.71647142195368,7.755538950942392,1.0,1.0
34.0,34,757,770.3755667339578,478.7781333985833,9.77136677757192,2.0,0.9999999999999999
34.0,34,758,645.724695339327,408.0768552591564,9.77136677757192,2.0,1.0
34.0,34,759,55.64259821711552,621.72629437306,11.185422719499032,3.0,0.9999999999999999
34.0,34,760,160.19941059620157,1008.7934381341909,9.77136677757192,2.0,1.0
34.0,34,762,991.181339747794,51.44736278498596,11.185422719499032,3.0,1.0
34.0,34,764,227.94570730301226,655.8778749632629,7.755538950942392,1.0,0.9999999999999999
34.0,34,765,722.9208537248245,475.5274364752407,11.185422719499034,3.0,1.0
34.0,34,766,361.2468222979956,6.301757534857097,9.77136677757192,2.0,1.0
34.0,34,767,350.04539791527674,600.5485377387548,7.755538950942392,1.0,1.0
34.0,34,768,719.4200672842578,638.6429662178331,12.311150689306299,4.0,1.0
34.0,34,769,8.27019209474494,688.993652902231,12.311150689306299,4.0,1.0
34.0,34,772,1027.537015696384,917.7927741994926,7.755538950942392,1.0,0.9999999999999999
34.0,34,773,930.8131249976553,660.1074524658324,7.755538950942392,1.0,0.9999999999999999
34.0,34,774,75.62638513363662,846.3788306152907,7.755538950942392,1.0,1.0
34.0,34,775,690.8931393268495,863.6908666133343,7.755538950942392,1.0,1.0
34.0,34,776,1090.9750407337237,145.76593261790723,7.755538950942392,1.0,0.9999999999999999
34.0,34,777,389.886730141968,326.8112049679833,7.755538950942392,1.0,1.0
34.0,34,779,496.4268161398785,114.57961915735335,7.755538950942392,1.0,0.9999999999999999
34.0,34,780,239.79504049040457,675.3703078265135,7.755538950942392,1.0,0.9999999999999999
34.0,34,781,418.15945239346553,193.56348435160015,7.755538950942392,1.0,1.0
34.0,34,782,137.8865174696441,566.1965863463861,9.77136677757192,2.0,0.9999999999999999
34.0,34,783,174.76121214122026,708.3922000356717,13.26178505962571,5.0,1.0
34.0,34,786,482.0874276066509,838.0267618006663,7.755538950942392,1.0,1.0
34.0,34,787,735.743106085344,853.4094569604073,11.185422719499032,3.0,1.0
34.0,34,788,1116.003078515808,403.91179320491455,7.755538950942392,1.0,1.0
34.0,34,789,392.05135828410806,970.9938852774984,11.185422719499034,3.0,1.0
34.0,34,790,711.5449830511778,918.3194835729922,9.77136677757192,2.0,0.9999999999999999
34.0,34,791,927.9770552883534,967.0745499680606,11.185422719499032,3.0,1.0
34.0,34,792,558.7514917264124,774.7668352699678,14.09274953626919,6.0,1.0
34.0,34,795,240.8505725951166,844.9754795382925,11.185422719499032,3.0,1.0
34.0,34,796,232.8153448591998,318.0342611995641,7.755538950942392,1.0,1.0
34.0,34,798,1012.9814830051735,473.1187451527944,7.755538950942392,1.0,1.0
34.0,34,799,26.63817216477777,201.21457154356332,7.755538950942392,1.0,1.0
34.0,34,800,338.50884593747753,721.9706369744584,9.77136677757192,2.0,0.9999999999999999
34.0,34,801,1242.584518820637,95.33232586835358,7.755538950942392,1.0,1.0
34.0,34,802,1061.27895600374,10.56080969736247,7.755538950942392,1.0,1.0
34.0,34,805,711.2931819610898,978.4897934902892,9.77136677757192,2.0,1.0
34.0,34,806,382.52073894354356,678.5561226911049,7.755538950942392,1.0,0.9999999999999999
34.0,34,809,1188.9674712385963,467.41467180721264,9.77136677757192,2.0,1.0
34.0,34,810,1051.3955242336117,145.15385984537,9.77136677757192,2.0,0.9999999999999999
34.0,34,811,816.7672521166436,545.7380635083783,9.77136677757192,2.0,1.0
34.0,34,812,52.01025912739723,410.2798011113629,7.755538950942392,1.0,1.0
34.0,34,815,475.7101087179124,575.1910991244639,9.77136677757192,2.0,1.0
34.0,34,817,1189.1177718305044,732.0488670625087,9.77136677757192,2.0,1.0
34.0,34,818,271.5561588810069,1010.172934608657,7.755538950942392,1.0,1.0
34.0,34,819,1028.8099899189915,942.5424106999492,7.755538950942392,1.0,1.0
34.0,34,820,1107.9656464312286,594.1567299596305,7.755538950942392,1.0,1.0
34.0,34,821,1312.3907881258413,42.683853671056724,13.261785059625714,5.0,1.0
34.0,34,823,479.4235019335465,691.7740303882325,7.755538950942392,1.0,0.9999999999999999
34.0,34,824,556.1111226486801,164.54793738156383,7.755538950942392,1.0,1.0
34.0,34,826,976.4013172288929,830.659331757209,7.755538950942392,1.0,1.0
34.0,34,827,896.0572725367855,11.322251986224686,7.755538950942392,1.0,0.9999999999999999
34.0,34,828,154.67830970937212,822.2784787347755,9.77136677757192,2.0,1.0
34.0,34,829,769.6869005240345,147.23726926456405,9.77136677757192,2.0,0.9999999999999999
34.0,34,830,435.6803281748527,752.3403809681786,9.771366777571922,2.0,1.0
34.0,34,831,832.6180330735178,611.7462658371417,7.755538950942392,1.0,1.0
34.0,34,832,1043.3713476392518,469.93178139952624,9.77136677757192,2.0,1.0
34.0,34,833,468.80212419109887,319.4651515074574,11.185422719499034,3.0,1.0
34.0,34,837,941.5783261402547,631.7901795620877,11.185422719499034,3.0,1.0
34.0,34,838,310.2759029893928,301.94979726584353,7.755538950942392,1.0,0.9999999999999999
34.0,34,839,963.1076456412778,102.76690996835073,7.755538950942392,1.0,1.0
34.0,34,840,746.4023541084995,685.8841984899931,7.755538950942392,1.0,0.9999999999999999
34.0,34,841,891.5555898234431,576.5431525676399,11.185422719499032,3.0,1.0
34.0,34,842,39.5988845499969,510.35930314949627,7.755538950942392,1.0,1.0
34.0,34,843,939.2174298783661,908.9839595427112,7.755538950942392,1.0,0.9999999999999999
34.0,34,845,1341.9432578265996,624.2611135470933,7.755538950942392,1.0,1.0
34.0,34,846,683.1572910166092,432.6648186554864,9.77136677757192,2.0,1.0
34.0,34,848,582.0135439060167,635.7346300977292,12.311150689306297,4.0,1.0
34.0,34,851,1319.3734010749115,644.8755016551518,9.77136677757192,2.0,1.0
34.0,34,853,472.89722336931027,795.1215142409402,9.77136677757192,2.0,1.0
34.0,34,855,599.4542984642541,591.453663879568,7.755538950942392,1.0,1.0
34.0,34,857,752.4079201716997,898.9169959223821,9.771366777571922,2.0,1.0
34.0,34,859,898.5702548244043,767.599339173942,9.771366777571922,2.0,1.0
34.0,34,860,5.235943462103834,264.6880556519298,9.771366777571922,2.0,1.0
34.0,34,861,998.8112359121942,73.64815274839268,7.755538950942392,1.0,1.0
34.0,34,862,300.03827529960796,575.2360668759783,7.755538950942392,1.0,1.0
34.0,34,863,712.7085149927688,663.6897138331817,7.755538950942392,1.0,1.0
34.0,34,865,840.5446223926665,110.57025510096622,7.755538950942392,1.0,0.9999999999999999
34.0,34,866,933.5493508413974,27.297230503155163,9.77136677757192,2.0,1.0
34.0,34,867,603.2785068421257,216.2718802177914,9.77136677757192,2.0,1.0
34.0,34,868,1300.4958640253676,795.3894998997258,11.185422719499034,3.0,1.0
34.0,34,869,1316.0839041039446,111.48667883037314,9.77136677757192,2.0,0.9999999999999999
34.0,34,870,237.4431514585288,188.41504482103295,7.755538950942392,1.0,1.0
34.0,34,871,714.0940401993951,747.2136209371139,11.185422719499032,3.0,1.0
34.0,34,872,1026.8824061780665,433.9942814060612,7.755538950942392,1.0,1.0
34.0,34,873,68.75020152166962,379.9590770599066,7.755538950942392,1.0,0.9999999999999999
34.0,34,877,170.25131878436278,432.1754263417446,7.755538950942392,1.0,1.0
34.0,34,879,708.8535845105044,335.69032201038664,7.755538950942392,1.0,0.9999999999999999
34.0,34,881,1108.732865448214,115.5507941519177,7.755538950942392,1.0,1.0
34.0,34,882,287.90249596904783,638.0849226016223,7.755538950942392,1.0,1.0
34.0,34,883,13.035113267095307,141.66649136445483,9.77136677757192,2.0,1.0
34.0,34,884,654.1497539155743,337.893978626435,9.77136677757192,2.0,1.0
34.0,34,886,68.43164223461193,637.7542881545351,7.755538950942392,1.0,1.0
34.0,34,887,459.7954839479379,258.239300663345,7.755538950942392,1.0,1.0
34.0,34,890,1271.2830303547842,253.49620652019107,11.185422719499032,3.0,1.0
34.0,34,892,342.63692228530067,46.872411260644405,7.755538950942392,1.0,1.0
34.0,34,894,1187.920174315198,3.6129727539084544,9.771366777571922,2.0,0.9999999999999999
34.0,34,895,40.46972150845468,4.7070481697111255,7.755538950942392,1.0,0.9999999999999999
34.0,34,896,234.20516302028278,922.8709360440938,7.755538950942392,1.0,1.0
34.0,34,897,731.956305671368,585.4784278713995,9.77136677757192,2.0,1.0
34.0,34,898,1077.710863797641,293.65574407611035,9.77136677757192,2.0,1.0
34.0,34,899,1202.3358212436801,818.4664855910827,9.77136677757192,2.0,1.0
34.0,34,901,1043.2941599193334,2.5020543212396187,9.77136677757192,2.0,1.0
34.0,34,903,288.20024183164276,387.0766774514968,12.311150689306297,4.0,1.0
34.0,34,905,711.8923087802452,873.5710970879866,9.77136677757192,2.0,1.0
34.0,34,907,1152.4641082142166,919.395733940207,7.755538950942392,1.0,1.0
34.0,34,910,1270.223923949155,793.0502553294849,9.77136677757192,2.0,1.0
34.0,34,911,324.7873060565685,91.07586544076011,7.755538950942392,1.0,1.0
34.0,34,912,438.05167095997564,891.2809223327426,7.755538950942392,1.0,1.0
34.0,34,913,314.05118599187415,746.4496032027633,7.755538950942392,1.0,1.0
34.0,34,914,878.9735649997415,382.67589870161487,9.77136677757192,2.0,0.9999999999999999
34.0,34,915,45.277562977954396,63.077342582796604,7.755538950942392,1.0,1.0
34.0,34,916,832.4976266871236,305.824352585323,7.755538950942392,1.0,1.0
34.0,34,921,1232.550928152139,476.8184264803824,7.755538950942392,1.0,1.0
34.0,34,923,1190.8782683247587,269.7266019802217,7.755538950942392,1.0,1.0
34.0,34,924,649.888302411309,1023.773311276805,9.77136677757192,2.0,0.9999999999999999
34.0,34,925,888.4625357221256,358.5092629749466,11.185422719499034,3.0,1.0
34.0,34,926,232.49126858894186,90.270006254487,11.185422719499032,3.0,0.9999999999999999
34.0,34,927,1264.6236302507132,97.9604097801142,11.185422719499032,3.0,1.0
34.0,34,928,523.453370738505,955.4701436473048,7.755538950942392,1.0,1.0
34.0,34,930,808.248894851474,564.9545719192105,11.185422719499032,3.0,1.0
34.0,34,932,1281.09632799662,539.4189721821308,11.185422719499032,3.0,1.0
34.0,34,933,1022.7209727066222,197.8046614082991,7.755538950942392,1.0,0.9999999999999999
34.0,34,934,325.5768579204429,13.259443657318007,13.261785059625714,5.0,1.0
34.0,34,935,298.51239906252687,797.4123278293761,7.755538950942392,1.0,1.0
34.0,34,936,525.1616689470732,402.463461283226,9.77136677757192,2.0,1.0
34.0,34,937,926.5205087159245,996.3376586719519,9.77136677757192,2.0,1.0
34.0,34,939,1166.6779862341668,124.61117305758394,9.77136677757192,2.0,1.0
34.0,34,941,53.76360826230603,949.4517317889057,11.185422719499032,3.0,0.9999999999999999
34.0,34,942,565.4214031772055,133.115421151135,7.755538950942392,1.0,1.0
34.0,34,947,410.4823890103712,76.53502193878907,7.755538950942392,1.0,1.0
34.0,34,949,1216.885898093792,30.683714183848554,11.185422719499032,3.0,1.0
34.0,34,950,375.50954629463166,632.7851178470656,7.755538950942392,1.0,1.0
34.0,34,951,102.28162102673156,326.1389751888064,11.185422719499032,3.0,1.0
34.0,34,952,188.30419923622796,172.55919078748136,7.755538950942392,1.0,1.0
34.0,34,953,586.0662736559038,148.21261017244808,9.77136677757192,2.0,1.0
34.0,34,954,1311.2730763250631,202.88465113672257,7.755538950942392,1.0,1.0
34.0,34,955,465.87470729208513,422.3561891185695,9.77136677757192,2.0,1.0
34.0,34,956,1068.1525008070062,617.0502480362322,9.77136677757192,2.0,1.0
34.0,34,957,264.79344350956666,541.8097027572795,12.311150689306297,4.0,1.0
34.0,34,959,192.90404957731175,909.2336642357453,9.77136677757192,2.0,1.0
34.0,34,961,282.17754302733016,177.13499385293352,9.77136677757192,2.0,1.0
34.0,34,962,1307.8001995605675,847.8334080494741,12.311150689306299,4.0,1.0
34.0,34,963,390.17058330976846,194.22277869847915,9.77136677757192,2.0,1.0
34.0,34,965,867.4216944836108,478.05839365109335,7.755538950942392,1.0,1.0
34.0,34,969,431.68588287570225,461.56529129358864,9.77136677757192,2.0,1.0
34.0,34,970,548.6568034630878,30.99513422228392,7.755538950942392,1.0,1.0
34.0,34,971,1164.3882300746882,818.4763811808405,7.755538950942392,1.0,1.0
34.0,34,972,498.5240431102454,605.5000024435741,11.185422719499032,3.0,1.0
34.0,34,974,209.2068989711185,473.78405347287395,7.755538950942392,1.0,1.0
34.0,34,975,32.48431595577456,719.6372337299563,7.755538950942392,1.0,1.0
34.0,34,977,1031.5314952876504,160.1368034719766,7.755538950942392,1.0,1.0
34.0,34,980,341.6227438760716,749.2560247463499,7.755538950942392,1.0,1.0
34.0,34,981,990.028852578431,405.0056355710256,7.755538950942392,1.0,1.0
34.0,34,983,925.1577232212777,537.285227120503,7.755538950942392,1.0,0.9999999999999999
34.0,34,985,1251.1991829905378,921.4597516134171,11.185422719499032,3.0,1.0
34.0,34,986,1144.3037492280646,785.2688118948494,9.77136677757192,2.0,1.0
34.0,34,987,1167.05932418135,868.424172857109,7.755538950942392,1.0,0.9999999999999999
34.0,34,988,1138.3589497160588,610.3954995785592,7.755538950942392,1.0,1.0
34.0,34,989,543.6782135880492,933.5652524203311,9.77136677757192,2.0,1.0
34.0,34,991,1191.0832611602425,852.8481427839922,7.755538950942392,1.0,1.0
34.0,34,995,20.25335472877716,1024.4584491667808,9.771366777571922,2.0,1.0
34.0,34,996,270.42841980606914,857.7146958706427,9.77136677757192,2.0,1.0
34.0,34,998,6.504079937826819,973.690171335103,7.755538950942392,1.0,1.0
34.0,34,999,1059.5640279402824,431.2730884527542,7.755538950942392,1.0,1.0
34.0,34,1000,163.45476658402302,870.6344373217531,9.77136677757192,2.0,1.0
43.0,43,1,107.74821856621372,938.0048004652286,7.755538950942392,1.0,1.0
43.0,43,3,949.9110956200547,310.9615701886465,13.261785059625714,5.0,1.0
43.0,43,6,453.1882293079362,94.11814900672324,7.755538950942392,1.0,0.9999999999999999
43.0,43,8,356.3321122476016,215.46460481526444,16.132171110904203,9.0,1.0
43.0,43,9,1076.3812922451186,402.5675512482803,7.755538950942392,1.0,1.0
43.0,43,10,1150.3135150739363,301.91083763482214,7.755538950942392,1.0,1.0
43.0,43,11,856.4228913738733,936.3254481896129,9.77136677757192,2.0,1.0
43.0,43,14,1223.7255108429113,405.3587499305115,7.755538950942392,1.0,1.0
43.0,43,15,1005.8071402605076,308.8035722080518,7.755538950942392,1.0,1.0
43.0,43,17,192.08881375181684,264.9002015033374,7.755538950942392,1.0,1.0
43.0,43,18,649.1371313040208,644.8253666815442,7.755538950942392,1.0,1.0
43.0,43,19,487.7382560557177,811.9369592082728,7.755538950942392,1.0,1.0
43.0,43,20,342.13564570585487,957.5144142729837,7.755538950942392,1.0,1.0
43.0,43,21,262.46079653411084,80.68057235725348,7.755538950942392,1.0,0.9999999999999999
43.0,43,22,141.69108082938033,460.65951057040513,9.77136677757192,2.0,1.0
43.0,43,23,10.552102144630279,821.3622851854342,9.77136677757192,2.0,1.0
43.0,43,27,522.0240501027182,540.4359772933359,7.755538950942392,1.0,0.9999999999999999
43.0,43,28,905.9000869600554,902.9856770020698,7.755538950942392,1.0,1.0
43.0,43,29,1113.2167456182847,1021.1160961258008,11.185422719499032,3.0,1.0
43.0,43,31,966.8636481882442,140.0230562459569,7.755538950942392,1.0,1.0
43.0,43,35,195.13281894631865,749.2254363061239,7.755538950942392,1.0,1.0
43.0,43,36,865.4402927073231,53.41294559841788,7.755538950942392,1.0,1.0
43.0,43,37,865.4086102378493,915.4307804180575,7.755538950942392,1.0,1.0
43.0,43,38,962.5734383639034,719.9490841413792,7.755538950942392,1.0,1.0
43.0,43,39,1327.1080115151321,999.2900386492224,7.755538950942392,1.0,1.0
43.0,43,40,962.1914370712898,931.2292219327289,9.77136677757192,2.0,1.0
43.0,43,41,430.19778976489755,280.95876562639506,9.77136677757192,2.0,1.0
43.0,43,43,782.7001603121206,823.970708295271,7.755538950942392,1.0,0.9999999999999999
43.0,43,44,743.7470133972523,63.49355242035388,11.185422719499032,3.0,1.0
43.0,43,45,888.1812800130897,949.8687864267478,7.755538950942392,1.0,0.9999999999999999
43.0,43,46,1145.4809785785708,354.6036781453521,7.755538950942392,1.0,1.0
43.0,43,51,1327.8807982295405,235.19505273280802,9.77136677757192,2.0,1.0
43.0,43,53,136.94666702419613,110.96484580039368,7.755538950942392,1.0,1.0
43.0,43,55,1253.0952115602674,614.7641315617692,7.755538950942392,1.0,1.0
43.0,43,57,1058.1513835037674,729.7621858103014,12.311150689306295,4.0,1.0
43.0,43,59,43.7940136384075,149.41691371214756,7.755538950942392,1.0,0.9999999999999999
43.0,43,60,49.93349323622303,228.7927566028828,9.77136677757192,2.0,0.9999999999999999
43.0,43,61,884.860784044623,989.4717475177653,9.771366777571922,2.0,1.0
43.0,43,62,576.5682787639943,0.22970410055033522,7.755538950942392,1.0,1.0
43.0,43,63,1135.671752371877,628.432655727668,7.755538950942392,1.0,0.9999999999999999
43.0,43,65,701.9563340007771,833.4771447693633,7.755538950942392,1.0,1.0
43.0,43,66,967.0933894511545,1015.198175615594,9.771366777571922,2.0,1.0
43.0,43,67,1076.7139658433796,248.72139542719185,13.261785059625712,5.0,1.0
43.0,43,68,1242.8391668517545,657.0202987452565,7.755538950942392,1.0,0.9999999999999999
43.0,43,69,1158.017316968902,68.22787140288418,7.755538950942392,1.0,1.0
43.0,43,70,1150.1351387586712,481.2867073777972,7.755538950942392,1.0,1.0
43.0,43,71,772.5807645984461,777.9032357880279,9.771366777571922,2.0,1.0
43.0,43,73,534.3974620954743,310.7333300490486,7.755538950942392,1.0,1.0
43.0,43,77,429.9336941376942,826.7974499243908,11.185422719499032,3.0,0.9999999999999999
43.0,43,78,1106.297714294342,178.76392335438598,7.755538950942392,1.0,1.0
43.0,43,79,827.74008362498,237.18478296057106,9.77136677757192,2.0,0.9999999999999999
43.0,43,80,1010.7466757220192,355.8021749425477,7.755538950942392,1.0,0.9999999999999999
43.0,43,81,609.5060065709366,7.227548667158409,9.77136677757192,2.0,1.0
43.0,43,83,1196.5272812514195,413.79508203176044,7.755538950942392,1.0,1.0
43.0,43,84,294.9592446047603,660.8064100940121,7.755538950942392,1.0,1.0
43.0,43,85,118.75547337676844,786.9638380570792,7.755538950942392,1.0,1.0
43.0,43,86,1027.4037354926022,514.5124192141783,9.77136677757192,2.0,1.0
43.0,43,87,711.7562047291627,119.22878751854803,7.755538950942392,1.0,1.0
43.0,43,88,75.58272843051398,506.52526091634104,7.755538950942392,1.0,1.0
43.0,43,90,804.7731811536363,413.14940342067206,7.755538950942392,1.0,1.0
43.0,43,91,54.62663426580328,20.719777211007735,7.755538950942392,1.0,1.0
43.0,43,92,1095.2205714160182,704.3563973515684,7.755538950942392,1.0,0.9999999999999999
43.0,43,93,289.00066648662806,288.58182258471794,7.755538950942392,1.0,1.0
43.0,43,94,648.2870323397333,895.3568293654854,11.185422719499032,3.0,1.0
43.0,43,97,943.4384673371871,67.44471141443545,12.311150689306297,4.0,1.0
43.0,43,100,360.0050188772923,813.5590861515872,7.755538950942392,1.0,1.0
43.0,43,101,16.835342113933297,615.6577017018731,7.755538950942392,1.0,1.0
43.0,43,103,216.68787872906177,20.048270596760023,7.755538950942392,1.0,1.0
43.0,43,104,375.8290302517985,582.6931699921261,7.755538950942392,1.0,1.0
43.0,43,107,441.7860477233036,141.62226649163523,7.755538950942392,1.0,1.0
43.0,43,110,645.0668476415677,622.2133492949463,7.755538950942392,1.0,1.0
43.0,43,114,296.92722484352646,361.8186578636949,9.77136677757192,2.0,1.0
43.0,43,116,1163.2581548117428,47.468553422755285,9.77136677757192,2.0,1.0
43.0,43,118,284.2593362633549,437.1005859139738,9.77136677757192,2.0,1.0
43.0,43,119,1038.410626386348,558.9806680984791,11.185422719499032,3.0,1.0
43.0,43,120,115.52230896112405,262.0253452970875,7.755538950942392,1.0,1.0
43.0,43,121,105.61345887906813,214.50937160681548,9.77136677757192,2.0,0.9999999999999999
43.0,43,122,844.2347550228848,259.1447495024574,13.261785059625714,5.0,1.0
43.0,43,123,1293.7169981450968,585.2558141872054,11.185422719499034,3.0,1.0
43.0,43,125,424.23521781006207,1003.7117102585474,9.77136677757192,2.0,1.0
43.0,43,126,1335.4448726387538,477.1299711328953,7.755538950942392,1.0,1.0
43.0,43,127,843.4382335554,564.7895789674644,7.755538950942392,1.0,1.0
43.0,43,129,781.1494105237466,673.9493457302641,7.755538950942392,1.0,0.9999999999999999
43.0,43,130,1195.453223661288,435.0409092792337,7.755538950942392,1.0,1.0
43.0,43,131,1239.6350246332647,304.5192412915461,7.755538950942392,1.0,1.0
43.0,43,132,1286.7918797339657,185.99347030211408,11.185422719499032,3.0,0.9999999999999999
43.0,43,134,119.7075955307572,830.3115134829951,9.77136677757192,2.0,0.9999999999999999
43.0,43,135,1010.6316707602621,594.2877474838167,7.755538950942392,1.0,1.0
43.0,43,136,859.201255561445,865.9876963928393,7.755538950942392,1.0,1.0
43.0,43,138,482.43886689462795,0.7647980104077305,7.755538950942392,1.0,1.0
43.0,43,140,387.30299832806264,650.2808754642981,7.755538950942392,1.0,0.9999999999999999
43.0,43,142,1294.1135900174932,292.331212795076,7.755538950942392,1.0,1.0
43.0,43,143,612.6500594913998,111.84296683128048,13.261785059625712,5.0,1.0
43.0,43,144,1270.830702759191,969.5297520341645,9.77136677757192,2.0,1.0
43.0,43,145,110.43635611044202,869.7134760554405,9.77136677757192,2.0,1.0
43.0,43,146,1056.318014932615,532.0815605582073,7.755538950942392,1.0,1.0
43.0,43,148,553.3724239606443,136.0879360992006,9.77136677757192,2.0,1.0
43.0,43,149,174.51173443627937,984.7793526806134,7.755538950942392,1.0,0.9999999999999999
43.0,43,150,707.5682797552242,392.1507879723297,12.311150689306299,4.0,0.9999999999999999
43.0,43,151,470.8295855827889,667.650923933218,7.755538950942392,1.0,0.9999999999999999
43.0,43,152,1159.5498760393837,673.9670315824848,7.755538950942392,1.0,1.0
43.0,43,153,55.87697739497407,541.1450224565897,9.77136677757192,2.0,1.0
43.0,43,156,875.6298529878659,808.3972071931103,7.755538950942392,1.0,1.0
43.0,43,160,1050.704292803936,763.364781366925,7.755538950942392,1.0,1.0
43.0,43,163,81.51275430795646,66.2926066815871,7.755538950942392,1.0,1.0
43.0,43,164,366.3765915782433,75.7400507194263,7.755538950942392,1.0,1.0
43.0,43,165,151.25320022604112,4.128481380513214,7.755538950942392,1.0,1.0
43.0,43,166,495.08526538093,85.62405487275197,11.185422719499032,3.0,0.9999999999999999
43.0,43,168,1296.2193297374354,820.5163132618816,7.755538950942392,1.0,0.9999999999999999
43.0,43,170,979.0062530949571,687.8914642684083,7.755538950942392,1.0,1.0
43.0,43,172,826.787735954146,813.3402099706442,7.755538950942392,1.0,1.0
43.0,43,173,12.283722315762136,57.48681553724038,9.77136677757192,2.0,1.0
43.0,43,174,964.5183630910798,742.3290600354256,7.755538950942392,1.0,0.9999999999999999
43.0,43,175,1333.8927891615904,863.0834905133985,9.77136677757192,2.0,1.0
43.0,43,178,1221.0384582691195,542.2458966717994,7.755538950942392,1.0,1.0
43.0,43,181,467.2819162299588,934.985221094988,11.185422719499032,3.0,0.9999999999999999
43.0,43,186,230.72121785762027,620.6726827660664,11.185422719499034,3.0,0.9999999999999999
43.0,43,187,617.2886260801755,899.4188313098336,7.755538950942392,1.0,1.0
43.0,43,188,594.9839017246208,278.9681669867884,7.755538950942392,1.0,1.0
43.0,43,189,819.7594678433919,924.7518536360204,7.755538950942392,1.0,1.0
43.0,43,190,1086.1665525771255,969.7975343729878,7.755538950942392,1.0,1.0
43.0,43,191,1078.8675510505373,753.2212123888513,9.77136677757192,2.0,1.0
43.0,43,193,351.2690170489676,96.28426435142939,7.755538950942392,1.0,1.0
43.0,43,198,207.83056359617618,626.8643141995751,7.755538950942392,1.0,1.0
43.0,43,199,204.86290563189405,540.8915162268964,15.51107790188478,8.0,1.0
43.0,43,201,143.03574552303883,426.70474433742874,9.77136677757192,2.0,1.0
43.0,43,208,1038.4277264872119,280.1610358333779,9.77136677757192,2.0,1.0
43.0,43,210,104.4434635491341,1023.419387413693,11.185422719499034,3.0,1.0
43.0,43,213,489.33816635120684,741.0478225446826,7.755538950942392,1.0,1.0
43.0,43,214,34.282973160589584,247.01571696782332,7.755538950942392,1.0,1.0
43.0,43,215,343.96363799455,433.8989236609631,9.77136677757192,2.0,1.0
43.0,43,218,672.9661882123062,309.20892815842734,7.755538950942392,1.0,1.0
43.0,43,219,296.42061869759317,103.44855444260865,7.755538950942392,1.0,1.0
43.0,43,220,310.3759393667692,922.8175194651673,11.185422719499032,3.0,1.0
43.0,43,221,106.9596064938082,171.28800407937212,11.185422719499032,3.0,0.9999999999999999
43.0,43,224,562.2245161040988,251.90979764542217,7.755538950942392,1.0,1.0
43.0,43,228,887.6951438048138,36.962942393208834,7.755538950942392,1.0,0.9999999999999999
43.0,43,230,1140.2092781748925,722.1153142925141,7.755538950942392,1.0,1.0
43.0,43,231,734.3843302820985,315.3859401678786,7.755538950942392,1.0,1.0
43.0,43,232,501.4062896108714,232.05945066266554,7.755538950942392,1.0,1.0
43.0,43,238,910.9680683626672,859.4510118484302,7.755538950942392,1.0,1.0
43.0,43,239,1195.3464321976223,929.221553835723,7.755538950942392,1.0,0.9999999999999999
43.0,43,241,1222.0114253875706,522.9950677076499,11.185422719499032,3.0,1.0
43.0,43,242,736.0446800840841,27.592291290607093,7.755538950942392,1.0,1.0
43.0,43,243,70.7346016855428,688.7547691703563,7.755538950942392,1.0,1.0
43.0,43,245,744.0753345006502,780.8863315327901,7.755538950942392,1.0,1.0
43.0,43,247,383.1564578738225,212.25818808730534,7.755538950942392,1.0,1.0
43.0,43,248,454.91277655717954,178.4028876101565,9.77136677757192,2.0,1.0
43.0,43,250,511.94930904398035,802.8803625245324,7.755538950942392,1.0,1.0
43.0,43,251,735.8391058836294,796.617893908627,7.755538950942392,1.0,1.0
43.0,43,255,1332.9678281623549,822.8003068712735,9.77136677757192,2.0,1.0
43.0,43,256,927.7566708412559,732.2734749453664,7.755538950942392,1.0,1.0
43.0,43,257,611.4761294838758,33.59204282615227,7.755538950942392,1.0,1.0
43.0,43,259,743.7059271012781,155.20716008936103,11.185422719499032,3.0,1.0
43.0,43,260,1096.7749468137667,815.5233185411405,7.755538950942392,1.0,0.9999999999999999
43.0,43,261,254.6317318898593,429.674562881366,7.755538950942392,1.0,1.0
43.0,43,262,845.2140147477129,991.8024056573645,9.77136677757192,2.0,1.0
43.0,43,263,97.76046260050464,143.02564150534337,9.77136677757192,2.0,1.0
43.0,43,264,932.348152334643,814.160746640469,7.755538950942392,1.0,1.0
43.0,43,265,2.6862823296020353,435.7966961937791,7.755538950942392,1.0,1.0
43.0,43,268,1019.3847483252672,223.41448396966067,7.755538950942392,1.0,1.0
43.0,43,269,120.20261256786061,377.62903358580616,9.771366777571922,2.0,1.0
43.0,43,270,336.89876980937737,400.5044126875111,7.755538950942392,1.0,1.0
43.0,43,272,229.81266567527703,297.2299082390312,7.755538950942392,1.0,1.0
43.0,43,273,619.248197121852,581.876726990997,7.755538950942392,1.0,1.0
43.0,43,274,791.8459672295684,855.2722052210285,7.755538950942392,1.0,0.9999999999999999
43.0,43,275,1173.3608269422002,381.23482981790926,7.755538950942392,1.0,1.0
43.0,43,276,1099.2828031999215,522.0065901150754,7.755538950942392,1.0,1.0
43.0,43,277,268.2364646149041,365.33260386231274,7.755538950942392,1.0,1.0
43.0,43,278,1253.140465929696,359.2875921777019,11.185422719499032,3.0,1.0
43.0,43,279,129.07316807519956,632.2786672375536,11.185422719499032,3.0,1.0
43.0,43,280,356.12972374064316,970.3478251550243,7.755538950942392,1.0,1.0
43.0,43,281,1189.6484587352704,551.86948204768,11.185422719499032,3.0,1.0
43.0,43,283,678.4825669355465,597.2334361604229,9.77136677757192,2.0,1.0
43.0,43,284,77.99641899902946,802.8244556055445,7.755538950942392,1.0,1.0
43.0,43,285,853.2660799354252,641.3487294992188,7.755538950942392,1.0,0.9999999999999999
43.0,43,286,1140.9854305406304,260.2361947168203,7.755538950942392,1.0,1.0
43.0,43,287,91.09299486052,707.631673281466,7.755538950942392,1.0,1.0
43.0,43,289,1243.150846267489,811.6063589248714,12.311150689306299,4.0,1.0
43.0,43,290,238.72023075188312,694.533776444148,7.755538950942392,1.0,1.0
43.0,43,291,497.65883720897926,354.51668123444887,7.755538950942392,1.0,0.9999999999999999
43.0,43,294,623.8965241680094,422.5239406150079,7.755538950942392,1.0,1.0
43.0,43,295,52.902495867744435,748.8185765411965,12.311150689306297,4.0,1.0
43.0,43,300,344.7109495757865,661.812588141096,9.77136677757192,2.0,1.0
43.0,43,301,1109.963781451527,37.77411685801428,9.77136677757192,2.0,1.0
43.0,43,302,644.2613482265411,992.5437642199311,7.755538950942392,1.0,1.0
43.0,43,304,720.5224935610848,414.4682466562993,7.755538950942392,1.0,0.9999999999999999
43.0,43,306,154.11654824194073,588.1476470113122,7.755538950942392,1.0,1.0
43.0,43,307,973.8567275409788,485.6583888748758,11.185422719499032,3.0,1.0
43.0,43,309,822.67066845766,197.32311497058384,7.755538950942392,1.0,1.0
43.0,43,311,696.1061387325224,576.4862527966582,9.77136677757192,2.0,1.0
43.0,43,314,171.87885008162075,148.47340554329858,7.755538950942392,1.0,1.0
43.0,43,318,1217.0432448988715,604.9987608490795,11.185422719499032,3.0,0.9999999999999999
43.0,43,319,106.09129822068567,994.7002966099246,9.77136677757192,2.0,1.0
43.0,43,320,1248.1278675724614,121.64699043256483,9.77136677757192,2.0,1.0
43.0,43,322,861.9245906635553,966.4264237262943,9.77136677757192,2.0,1.0
43.0,43,323,71.44865634143947,431.08842258470736,9.77136677757192,2.0,1.0
43.0,43,325,200.77368137721413,934.295002564119,7.755538950942392,1.0,0.9999999999999999
43.0,43,326,203.93565333123252,467.13911015647733,9.77136677757192,2.0,1.0
43.0,43,327,915.6380220857369,473.70778789103053,7.755538950942392,1.0,1.0
43.0,43,328,696.6673327657176,303.81040511000646,7.755538950942392,1.0,1.0
43.0,43,330,410.1645881057183,864.710204948138,9.77136677757192,2.0,1.0
43.0,43,331,124.90557567667459,714.9880376520514,13.261785059625714,5.0,0.9999999999999999
43.0,43,333,632.3454091194155,32.20963820572407,7.755538950942392,1.0,1.0
43.0,43,334,1135.3012277366904,832.5143060136054,7.755538950942392,1.0,1.0
43.0,43,337,589.7424225045551,940.7891455599157,9.77136677757192,2.0,1.0
43.0,43,339,815.0990510129358,91.2297357889157,7.755538950942392,1.0,1.0
43.0,43,340,892.8335488503552,664.5077373640806,7.755538950942392,1.0,1.0
43.0,43,341,973.6237259844391,615.2456272181981,9.77136677757192,2.0,1.0
43.0,43,342,885.9659112573419,132.88782562065418,9.77136677757192,2.0,0.9999999999999999
43.0,43,343,124.9940674634126,483.3878111405527,7.755538950942392,1.0,1.0
43.0,43,344,734.6782764071007,364.04447304926305,7.755538950942392,1.0,1.0
43.0,43,346,1178.7698421825983,635.6247191256238,7.755538950942392,1.0,1.0
43.0,43,348,407.15671998381015,654.2970255044953,7.755538950942392,1.0,1.0
43.0,43,350,1260.978021967774,153.34385579149622,7.755538950942392,1.0,0.9999999999999999
43.0,43,354,474.8959030332059,232.1910734643848,7.755538950942392,1.0,1.0
43.0,43,355,92.16357021376713,492.27412885932125,7.755538950942392,1.0,0.9999999999999999
43.0,43,356,685.3708136160158,1013.2003488253649,7.755538950942392,1.0,1.0
43.0,43,360,677.0812833042804,336.79060950583096,7.755538950942392,1.0,0.9999999999999999
43.0,43,361,27.789877722043613,638.4039836688621,7.755538950942392,1.0,1.0
43.0,43,362,993.9793356427504,705.9928612851354,7.755538950942392,1.0,1.0
43.0,43,363,596.525504006836,503.1629911051457,7.755538950942392,1.0,0.9999999999999999
43.0,43,364,1329.7956483257663,420.8089597207713,7.755538950942392,1.0,1.0
43.0,43,365,118.60987557002011,74.36959800138519,7.755538950942392,1.0,1.0
43.0,43,366,848.5317891268492,162.81526696419994,7.755538950942392,1.0,1.0
43.0,43,367,1184.068468256382,992.04253747848,7.755538950942392,1.0,0.9999999999999999
43.0,43,368,1324.574193187831,160.64427069697587,12.311150689306297,4.0,1.0
43.0,43,369,862.7008858460376,356.0336706527592,7.755538950942392,1.0,1.0
43.0,43,370,36.56882945405578,994.7048196699691,7.755538950942392,1.0,1.0
43.0,43,371,580.9265888306109,415.37364137691463,7.755538950942392,1.0,1.0
43.0,43,373,871.9060678490333,201.08254070596277,7.755538950942392,1.0,1.0
43.0,43,374,863.2488973322036,78.32025952203858,9.77136677757192,2.0,1.0
43.0,43,378,87.12525120854615,659.6095673722382,7.755538950942392,1.0,1.0
43.0,43,380,851.36938004932,12.041227009685985,7.755538950942392,1.0,1.0
43.0,43,381,820.1211798430959,333.3665733224297,9.77136677757192,2.0,1.0
43.0,43,382,1333.2685485228599,274.0822682152868,9.77136677757192,2.0,1.0
43.0,43,383,926.0424582862477,499.7410672891271,9.771366777571922,2.0,0.9999999999999999
43.0,43,385,693.9040160456786,536.8046415219649,7.755538950942392,1.0,1.0
43.0,43,387,810.7808139261233,267.02818823750414,9.77136677757192,2.0,1.0
43.0,43,388,186.77230680538892,647.0521721121488,7.755538950942392,1.0,0.9999999999999999
43.0,43,390,363.34206891253547,166.85315468597898,11.185422719499032,3.0,0.9999999999999999
43.0,43,391,735.2721246730719,509.3024459807742,12.311150689306299,4.0,1.0
43.0,43,393,268.07803183232386,900.1054326085857,7.755538950942392,1.0,1.0
43.0,43,395,1287.3771195127008,159.07598937650786,7.755538950942392,1.0,0.9999999999999999
43.0,43,396,1045.477480324225,357.8760200080359,9.77136677757192,2.0,1.0
43.0,43,399,526.6297515092406,613.7230981780164,11.185422719499032,3.0,1.0
43.0,43,400,227.80597378672337,381.5456961871618,7.755538950942392,1.0,1.0
43.0,43,403,638.4561244801174,537.051822466018,7.755538950942392,1.0,1.0
43.0,43,405,764.1919629577455,370.3400406076457,12.311150689306297,4.0,1.0
43.0,43,406,258.81746505049216,793.5731037571071,14.092749536269183,6.0,0.9999999999999999
43.0,43,409,578.6858137686081,867.3215016421568,11.185422719499032,3.0,1.0
43.0,43,410,565.0160528734796,537.5509718628542,7.755538950942392,1.0,1.0
43.0,43,412,747.856003982885,656.2721243068818,9.77136677757192,2.0,0.9999999999999999
43.0,43,414,1213.6219867193884,492.9644863956431,7.755538950942392,1.0,1.0
43.0,43,415,1138.9301771389762,698.8581360618425,7.755538950942392,1.0,1.0
43.0,43,416,395.3272601335104,735.1554410264436,7.755538950942392,1.0,1.0
43.0,43,417,904.2015183569681,519.2464720289856,9.77136677757192,2.0,1.0
43.0,43,418,532.1099820067897,681.737399319928,9.77136677757192,2.0,1.0
43.0,43,419,335.883396191375,898.6782452297297,9.771366777571922,2.0,0.9999999999999999
43.0,43,420,688.6250390732654,973.7073233716211,7.755538950942392,1.0,1.0
43.0,43,421,978.446939359022,352.3533404117871,7.755538950942392,1.0,1.0
43.0,43,422,161.82742878628486,654.0002230720619,7.755538950942392,1.0,0.9999999999999999
43.0,43,426,1094.6406079734106,505.59456617175607,7.755538950942392,1.0,1.0
43.0,43,427,539.6915568493911,7.922427899046861,9.77136677757192,2.0,1.0
43.0,43,428,1062.173640911614,204.08034128822226,9.77136677757192,2.0,1.0
43.0,43,430,994.6499073622892,498.6167737194923,7.755538950942392,1.0,1.0
43.0,43,431,274.15768456826083,577.9637308767255,7.755538950942392,1.0,1.0
43.0,43,432,363.28320255133957,771.5614196440267,9.77136677757192,2.0,1.0
43.0,43,433,284.72296656996383,604.9119862391167,9.77136677757192,2.0,1.0
43.0,43,435,886.7242651031783,238.7238101499797,7.755538950942392,1.0,1.0
43.0,43,436,318.3469804618119,665.0852389609767,7.755538950942392,1.0,1.0
43.0,43,438,864.6484935947979,709.7029988795842,7.755538950942392,1.0,1.0
43.0,43,439,537.5250116164217,862.37753796824,11.185422719499032,3.0,1.0
43.0,43,440,347.3673164088109,876.772132804143,7.755538950942392,1.0,1.0
43.0,43,441,947.9018818630116,422.7459829913355,9.771366777571922,2.0,1.0
43.0,43,442,499.13242892501603,323.1478023801236,7.755538950942392,1.0,1.0
43.0,43,443,220.29438850416884,750.9085431781098,7.755538950942392,1.0,1.0
43.0,43,444,149.26725133177987,735.6539381491815,7.755538950942392,1.0,0.9999999999999999
43.0,43,445,1052.1107826611662,42.636145416605224,7.755538950942392,1.0,1.0
43.0,43,446,331.94524074559587,255.18454652365747,7.755538950942392,1.0,1.0
43.0,43,449,1196.4049319559672,132.82357171470653,7.755538950942392,1.0,1.0
43.0,43,451,1332.7386414573593,507.43601832804444,7.755538950942392,1.0,1.0
43.0,43,453,193.41033601906463,1019.1022474287955,7.755538950942392,1.0,1.0
43.0,43,455,851.1451755436088,210.66071396942723,11.185422719499032,3.0,1.0
43.0,43,456,308.9909381625926,814.4698237475206,9.77136677757192,2.0,1.0
43.0,43,458,1246.1704563736853,182.7570070797382,7.755538950942392,1.0,1.0
43.0,43,459,1318.2195026337572,356.83336690537215,9.77136677757192,2.0,0.9999999999999999
43.0,43,461,140.37297562345927,56.48738415011021,9.77136677757192,2.0,0.9999999999999999
43.0,43,462,1100.7504770336097,306.720438408076,7.755538950942392,1.0,1.0
43.0,43,464,1333.9643149214007,72.92670076562055,7.755538950942392,1.0,0.9999999999999999
43.0,43,465,793.3437700719471,172.09997337422683,7.755538950942392,1.0,1.0
43.0,43,466,408.50426429785125,615.7824518090132,9.77136677757192,2.0,1.0
43.0,43,468,1211.3887690969025,904.5782368168026,7.755538950942392,1.0,1.0
43.0,43,469,1135.6105315357465,883.1634289183967,7.755538950942392,1.0,1.0
43.0,43,470,84.29192536843236,411.1789462578625,7.755538950942392,1.0,1.0
43.0,43,471,63.98230897034616,489.53857192742873,7.755538950942392,1.0,1.0
43.0,43,472,304.9224894986739,130.92800860643584,7.755538950942392,1.0,1.0
43.0,43,473,393.2955584581429,908.3266420313979,7.755538950942392,1.0,0.9999999999999999
43.0,43,474,84.31410408654503,999.1951807848634,7.755538950942392,1.0,1.0
43.0,43,476,483.36959066165275,136.75608488774506,11.185422719499034,3.0,1.0
43.0,43,477,280.0490114967719,942.057811324469,9.77136677757192,2.0,1.0
43.0,43,478,287.47589038072044,211.24342691469892,7.755538950942392,1.0,1.0
43.0,43,479,358.8311520506856,936.0239610268393,7.755538950942392,1.0,0.9999999999999999
43.0,43,481,591.3581920694942,979.668796041253,11.185422719499034,3.0,1.0
43.0,43,483,564.5767847749343,41.80288818752235,7.755538950942392,1.0,1.0
43.0,43,485,1045.3829908402718,683.0253650199764,7.755538950942392,1.0,1.0
43.0,43,486,400.0000697904794,130.45141756509557,7.755538950942392,1.0,1.0
43.0,43,487,1061.7009443619165,964.3743332260274,12.311150689306295,4.0,0.9999999999999999
43.0,43,489,656.8530406488281,145.61268970265712,9.77136677757192,2.0,1.0
43.0,43,490,456.9014548382313,900.7541083917586,9.77136677757192,2.0,1.0
43.0,43,491,653.0391730676573,757.9580060698908,9.77136677757192,2.0,1.0
43.0,43,493,99.47879278216583,369.69498670357785,7.755538950942392,1.0,1.0
43.0,43,494,810.720524909009,766.4325845341004,9.77136677757192,2.0,0.9999999999999999
43.0,43,496,699.558366682842,506.8338896203802,9.771366777571922,2.0,1.0
43.0,43,497,1193.7707271995362,770.3454646320891,7.755538950942392,1.0,1.0
43.0,43,498,422.4195022941842,481.00399279203197,7.755538950942392,1.0,0.9999999999999999
43.0,43,500,540.3192100298743,185.7983865637429,7.755538950942392,1.0,1.0
43.0,43,501,519.6198646568021,990.2406694304271,9.77136677757192,2.0,1.0
43.0,43,503,534.4744050996729,38.43836624318378,11.185422719499032,3.0,1.0
43.0,43,504,989.4552208662387,204.87500283248437,7.755538950942392,1.0,0.9999999999999999
43.0,43,506,105.10887082760973,742.3709448638871,7.755538950942392,1.0,1.0
43.0,43,507,1337.95397473952,322.4745728837622,7.755538950942392,1.0,1.0
43.0,43,508,1168.482423239572,523.4447558441068,11.185422719499032,3.0,1.0
43.0,43,509,1066.804255305437,865.5263138012261,9.77136677757192,2.0,1.0
43.0,43,510,598.0014294681268,210.96680336608242,12.311150689306295,4.0,0.9999999999999999
43.0,43,511,523.196121481864,507.7684407034532,9.77136677757192,2.0,1.0
43.0,43,512,192.51627565177466,865.5262127823291,9.771366777571922,2.0,1.0
43.0,43,513,1257.2396878224745,581.6539161625061,13.26178505962571,5.0,1.0
43.0,43,516,1219.1570034975816,382.6938733115399,9.77136677757192,2.0,1.0
43.0,43,517,907.7584490851215,828.8167420456114,9.77136677757192,2.0,1.0
43.0,43,518,132.05615254791832,528.0842056817427,12.311150689306299,4.0,1.0
43.0,43,519,820.1161055864303,381.8154091983379,14.09274953626919,6.0,1.0
43.0,43,520,807.9322102295515,6.250380407227104,11.185422719499034,3.0,0.9999999999999999
43.0,43,521,821.9695772417073,50.54450367693304,11.185422719499034,3.0,0.9999999999999999
43.0,43,522,987.6784651578115,976.6094148783184,7.755538950942392,1.0,1.0
43.0,43,523,974.1460407074111,188.4465109382258,7.755538950942392,1.0,1.0
43.0,43,524,867.0355141145317,882.3512989815825,7.755538950942392,1.0,0.9999999999999999
43.0,43,529,782.5865981007651,571.0607660876224,7.755538950942392,1.0,1.0
43.0,43,530,122.45824013889295,676.3135482160595,9.771366777571922,2.0,1.0
43.0,43,533,829.6729931323838,866.9294440563167,9.771366777571922,2.0,1.0
43.0,43,534,990.9488344573301,603.2556457954645,9.771366777571922,2.0,1.0
43.0,43,535,842.1505840669221,136.66782807948175,7.755538950942392,1.0,0.9999999999999999
43.0,43,536,340.81653503361974,490.5380925679826,7.755538950942392,1.0,0.9999999999999999
43.0,43,538,548.7496366291824,446.1662041178578,11.185422719499032,3.0,1.0
43.0,43,539,964.3322674393233,221.4636027944021,7.755538950942392,1.0,0.9999999999999999
43.0,43,540,301.5259348765929,547.845806104711,7.755538950942392,1.0,1.0
43.0,43,543,905.6128601207579,409.182078126319,9.77136677757192,2.0,1.0
43.0,43,546,1036.816116735273,832.869805753807,9.77136677757192,2.0,1.0
43.0,43,547,495.05057004458075,254.70806005148316,7.755538950942392,1.0,1.0
43.0,43,548,893.0346039191658,449.6524003284456,11.185422719499034,3.0,1.0
43.0,43,550,400.8756410672452,393.195495173659,7.755538950942392,1.0,0.9999999999999999
43.0,43,551,1253.3926429004362,762.8954067134528,7.755538950942392,1.0,0.9999999999999999
43.0,43,555,157.74860702118005,199.50968580292627,11.185422719499032,3.0,1.0
43.0,43,556,269.5566739356256,464.01023792579275,7.755538950942392,1.0,1.0
43.0,43,557,597.2118985422073,323.81035935284837,11.185422719499032,3.0,1.0
43.0,43,558,228.02788879225628,63.30692059534236,7.755538950942392,1.0,1.0
43.0,43,559,1073.8234622912962,83.25206709008924,7.755538950942392,1.0,1.0
43.0,43,561,1310.1327414331652,891.5197725248986,7.755538950942392,1.0,1.0
43.0,43,562,182.702660534583,233.05698181793068,11.185422719499032,3.0,1.0
43.0,43,563,442.33105238143986,423.1884778924296,7.755538950942392,1.0,1.0
43.0,43,564,364.0608189992892,454.49015896095796,11.185422719499032,3.0,1.0
43.0,43,565,1214.5053131427726,747.3553122899905,7.755538950942392,1.0,1.0
43.0,43,568,1117.8841107458472,156.91316423875253,7.755538950942392,1.0,1.0
43.0,43,569,321.3695058892165,345.5435662876605,7.755538950942392,1.0,1.0
43.0,43,570,1321.564951104669,557.9097515667447,9.77136677757192,2.0,0.9999999999999999
43.0,43,573,488.2229370701997,964.7723373040666,7.755538950942392,1.0,1.0
43.0,43,574,180.31977926309608,796.0075616518387,7.755538950942392,1.0,1.0
43.0,43,575,668.0405947986658,691.9162961905862,7.755538950942392,1.0,1.0
43.0,43,576,815.2815944699582,164.3082635523052,7.755538950942392,1.0,0.9999999999999999
43.0,43,579,537.2611333939758,272.5921833548582,7.755538950942392,1.0,1.0
43.0,43,581,607.6793351889371,834.1443847746675,11.185422719499032,3.0,1.0
43.0,43,582,567.1077589387758,278.7350183300498,9.77136677757192,2.0,1.0
43.0,43,583,1223.5562752641822,254.23338537014126,9.77136677757192,2.0,0.9999999999999999
43.0,43,584,1085.8898259340767,784.0909170144104,7.755538950942392,1.0,1.0
43.0,43,586,388.05931832964524,1020.5185246812617,7.755538950942392,1.0,1.0
43.0,43,587,1072.8617259114271,823.2198461434893,9.77136677757192,2.0,1.0
43.0,43,592,869.1621199920872,293.25800176380915,7.755538950942392,1.0,0.9999999999999999
43.0,43,593,693.8407730144389,791.7339233785982,9.77136677757192,2.0,1.0
43.0,43,594,534.521761354791,899.7110296953707,9.771366777571922,2.0,1.0
43.0,43,598,610.3047959598489,446.2376073096207,11.185422719499032,3.0,1.0
43.0,43,599,1075.0469065546781,161.0946616730784,7.755538950942392,1.0,1.0
43.0,43,600,542.3512354276126,529.4336010882869,11.185422719499034,3.0,0.9999999999999999
43.0,43,602,168.04327524984961,313.2774525346692,7.755538950942392,1.0,1.0
43.0,43,605,798.1125649380389,37.475565495299094,13.261785059625714,5.0,1.0
43.0,43,606,1208.2953244515181,642.2722959460425,7.755538950942392,1.0,1.0
43.0,43,607,1170.952739797572,177.33398169226984,12.311150689306297,4.0,1.0
43.0,43,608,938.8667652732219,693.444444692748,7.755538950942392,1.0,1.0
43.0,43,609,1000.1873137155387,854.3476111914329,7.755538950942392,1.0,1.0
43.0,43,611,960.2935590947624,446.07854745323317,9.77136677757192,2.0,1.0
43.0,43,612,356.05421443605604,304.6264688183797,13.261785059625709,5.0,1.0
43.0,43,613,1260.2980493183634,721.5886456385758,7.755538950942392,1.0,1.0
43.0,43,614,397.58618187769963,758.6069217813097,11.185422719499032,3.0,0.9999999999999999
43.0,43,619,627.1607339244813,239.51611371704143,7.755538950942392,1.0,1.0
43.0,43,620,1168.032068054617,777.5073842721009,9.77136677757192,2.0,1.0
43.0,43,621,180.51599571012676,53.38357586768161,7.755538950942392,1.0,0.9999999999999999
43.0,43,622,270.2362917643679,45.314948612275614,7.755538950942392,1.0,1.0
43.0,43,625,585.7657697769806,738.6336844196334,7.755538950942392,1.0,1.0
43.0,43,626,887.7057621297996,174.6530356482289,7.755538950942392,1.0,1.0
43.0,43,627,1253.0877949165176,19.70849192423491,12.311150689306299,4.0,1.0
43.0,43,629,801.4338349169411,883.3776628467439,11.185422719499032,3.0,1.0
43.0,43,632,399.07787332994343,696.9875116945792,9.771366777571922,2.0,1.0
43.0,43,633,1115.260989120237,85.3186660424914,9.77136677757192,2.0,1.0
43.0,43,634,993.6914916680437,330.7876917887858,7.755538950942392,1.0,0.9999999999999999
43.0,43,636,676.8407831614509,931.5041736811414,9.771366777571922,2.0,1.0
43.0,43,638,77.55602091067703,227.1111218859277,7.755538950942392,1.0,0.9999999999999999
43.0,43,640,37.745683608544184,452.3991671601214,7.755538950942392,1.0,0.9999999999999999
43.0,43,641,170.19650881288626,923.9898212440933,7.755538950942392,1.0,1.0
43.0,43,642,290.20065069523446,308.5583445483422,7.755538950942392,1.0,0.9999999999999999
43.0,43,644,23.4250720602808,32.68793911433512,9.77136677757192,2.0,1.0
43.0,43,645,1263.5755235610607,69.19276995494857,7.755538950942392,1.0,1.0
43.0,43,646,374.87246699151126,884.286688472884,11.185422719499032,3.0,1.0
43.0,43,647,174.84407953915576,291.67145386886176,9.771366777571922,2.0,1.0
43.0,43,649,1131.0356601459832,118.53798632017019,7.755538950942392,1.0,1.0
43.0,43,651,283.456804403424,919.8113053282893,7.755538950942392,1.0,1.0
43.0,43,654,1284.0000175148318,127.81537231527474,9.77136677757192,2.0,1.0
43.0,43,655,580.342495851678,702.5495239287677,7.755538950942392,1.0,1.0
43.0,43,658,577.6590046952587,345.5898873753745,14.092749536269185,6.0,1.0
43.0,43,659,1298.3526881060247,971.3878519706445,7.755538950942392,1.0,1.0
43.0,43,662,1135.5756652360171,961.0945897778918,7.755538950942392,1.0,1.0
43.0,43,665,1035.3469340111935,119.06292099246197,11.185422719499032,3.0,1.0
43.0,43,666,1232.6645566649386,1002.987908509597,12.311150689306299,4.0,1.0
43.0,43,667,195.502208572339,86.26620702740824,7.755538950942392,1.0,1.0
43.0,43,668,236.8982507409994,952.029255496086,7.755538950942392,1.0,0.9999999999999999
43.0,43,670,449.40450417468867,234.6444087392476,9.771366777571922,2.0,1.0
43.0,43,671,1027.6572262548623,86.49034933435573,7.755538950942392,1.0,1.0
43.0,43,672,807.3456567060244,973.4294037964476,7.755538950942392,1.0,1.0
43.0,43,674,1054.1055553511396,635.9404711964447,7.755538950942392,1.0,1.0
43.0,43,675,397.15022739186105,505.1737418481457,7.755538950942392,1.0,1.0
43.0,43,676,1287.1373420834593,867.1629293258376,9.77136677757192,2.0,1.0
43.0,43,678,125.54980956523264,241.36596931090827,7.755538950942392,1.0,1.0
43.0,43,680,862.6657421805144,611.138113949157,7.755538950942392,1.0,1.0
43.0,43,682,1216.8803452236166,82.4594150157117,7.755538950942392,1.0,1.0
43.0,43,684,1310.2055297439715,934.7021188834797,9.77136677757192,2.0,1.0
43.0,43,686,892.7433892996496,313.95255021811465,7.755538950942392,1.0,1.0
43.0,43,687,1209.396637468154,286.5320456227373,11.185422719499032,3.0,1.0
43.0,43,688,241.49022345720596,493.69596502843,7.755538950942392,1.0,1.0
43.0,43,689,437.93887448970514,619.5853913647552,7.755538950942392,1.0,1.0
43.0,43,692,727.9377291914946,295.9502523524117,7.755538950942392,1.0,1.0
43.0,43,694,1107.50798098152,885.9100701888464,7.755538950942392,1.0,1.0
43.0,43,698,671.1159766292297,99.73987456029619,7.755538950942392,1.0,1.0
43.0,43,700,448.4047546499172,506.6140261464102,11.185422719499032,3.0,1.0
43.0,43,702,699.6290297391461,25.86419750919301,7.755538950942392,1.0,1.0
43.0,43,704,139.19547694828742,265.3912345998419,7.755538950942392,1.0,1.0
43.0,43,705,409.6043452857383,410.41830991330636,7.755538950942392,1.0,1.0
43.0,43,706,304.61406359485,201.981087698809,9.77136677757192,2.0,1.0
43.0,43,707,248.53265859013976,253.279184428254,11.185422719499032,3.0,1.0
43.0,43,710,816.2610596763276,671.1845580295651,7.755538950942392,1.0,1.0
43.0,43,716,1324.7431188254086,672.2008759218886,9.77136677757192,2.0,1.0
43.0,43,717,526.3600360380183,655.2367239901638,13.26178505962571,5.0,1.0
43.0,43,718,433.933090002687,159.9682032680503,7.755538950942392,1.0,1.0
43.0,43,720,637.263021664631,827.9801627052898,9.77136677757192,2.0,1.0
43.0,43,722,1002.0591162929238,781.780804037533,11.185422719499032,3.0,0.9999999999999999
43.0,43,723,424.5760420697046,595.6598597236379,9.771366777571922,2.0,0.9999999999999999
43.0,43,724,894.6153861687126,623.5212595251038,7.755538950942392,1.0,1.0
43.0,43,726,1270.976052469249,46.24849036065359,9.771366777571922,2.0,1.0
43.0,43,728,1032.359128642109,393.24408065306085,7.755538950942392,1.0,1.0
43.0,43,729,563.8108411124103,103.88254537304097,7.755538950942392,1.0,1.0
43.0,43,730,690.5245903031414,456.03476137567594,9.77136677757192,2.0,1.0
43.0,43,732,512.5378610815203,157.86183860440627,11.185422719499032,3.0,1.0
43.0,43,733,248.01701865918537,281.2670697442406,11.185422719499034,3.0,1.0
43.0,43,734,1338.8815151854988,23.318958449388727,7.755538950942392,1.0,1.0
43.0,43,735,725.1482462294944,7.2912859067973494,7.755538950942392,1.0,1.0
43.0,43,737,1107.0167326668407,481.23779479433836,11.185422719499032,3.0,1.0
43.0,43,740,1238.758371188372,964.318274511322,7.755538950942392,1.0,1.0
43.0,43,743,734.5435978045161,183.31316523609158,9.77136677757192,2.0,1.0
43.0,43,744,444.1749708371187,591.0135823641082,7.755538950942392,1.0,0.9999999999999999
43.0,43,745,1082.9048256792337,489.7998125394779,7.755538950942392,1.0,1.0
43.0,43,746,1275.184694871403,380.8982777714797,9.77136677757192,2.0,1.0
43.0,43,747,626.3811144060569,739.3620126516201,7.755538950942392,1.0,1.0
43.0,43,748,1225.8796559339246,335.55004695816956,7.755538950942392,1.0,1.0
43.0,43,750,792.2841679292333,251.4267322358936,9.77136677757192,2.0,1.0
43.0,43,752,1309.4464408947522,689.9962199031893,7.755538950942392,1.0,1.0
43.0,43,753,648.220948313094,480.01625647169726,9.771366777571922,2.0,1.0
43.0,43,754,553.4122568648928,732.9853334001771,7.755538950942392,1.0,1.0
43.0,43,755,942.4032774183677,132.77509079116385,7.755538950942392,1.0,1.0
43.0,43,757,773.2047542906575,480.5762970553243,9.77136677757192,2.0,1.0
43.0,43,758,646.3901439236612,410.9701155881421,9.77136677757192,2.0,0.9999999999999999
43.0,43,759,55.31916881156547,620.860073705656,11.185422719499032,3.0,0.9999999999999999
43.0,43,760,161.87050647456414,1010.7684330733429,9.77136677757192,2.0,1.0
43.0,43,762,993.0851153849586,52.37945931153444,11.185422719499032,3.0,1.0
43.0,43,764,225.0289262098691,656.5054937974106,7.755538950942392,1.0,1.0
43.0,43,765,720.5202775083666,474.2885964730838,11.185422719499034,3.0,1.0
43.0,43,766,362.6572466075179,10.868386036465882,9.77136677757192,2.0,1.0
43.0,43,767,348.18816109296444,598.2234729732244,7.755538950942392,1.0,1.0
43.0,43,768,719.9368669542165,640.4910341404592,12.311150689306299,4.0,0.9999999999999999
43.0,43,769,4.903052686192309,686.5612621487077,12.311150689306299,4.0,1.0
43.0,43,772,1027.8205826660287,916.7044151854784,7.755538950942392,1.0,1.0
43.0,43,773,931.082331390683,657.7699065675802,7.755538950942392,1.0,1.0
43.0,43,774,75.4300773534636,849.5794718829891,9.771366777571922,2.0,1.0
43.0,43,775,693.4817715979797,865.7364874901039,7.755538950942392,1.0,1.0
43.0,43,776,1089.6258143006837,144.51874824902467,7.755538950942392,1.0,1.0
43.0,43,777,387.78273940827495,324.0377239850752,7.755538950942392,1.0,0.9999999999999999
43.0,43,779,496.1699404134335,112.9944171667954,7.755538950942392,1.0,0.9999999999999999
43.0,43,780,240.18246682341996,676.759972404727,7.755538950942392,1.0,1.0
43.0,43,781,421.9634681677752,195.16235531038282,7.755538950942392,1.0,1.0
43.0,43,782,145.7396285801125,567.2814238886682,11.185422719499032,3.0,1.0
43.0,43,783,174.73975511148834,703.3844093904647,13.26178505962571,5.0,1.0
43.0,43,786,484.3404137560023,841.0622860958804,7.755538950942392,1.0,1.0
43.0,43,787,737.4351806194298,854.7957323064089,11.185422719499032,3.0,0.9999999999999999
43.0,43,788,1119.5389776954478,402.67548264226355,7.755538950942392,1.0,1.0
43.0,43,789,390.29471678644325,971.4953610403917,11.185422719499034,3.0,0.9999999999999999
43.0,43,790,710.3074022603191,921.998536413174,9.77136677757192,2.0,1.0
43.0,43,791,926.0030594222854,966.0914566201154,11.185422719499032,3.0,1.0
43.0,43,792,555.973432583269,773.796618515863,14.09274953626919,6.0,1.0
43.0,43,795,243.00245492528023,841.7515406015822,11.185422719499032,3.0,1.0
43.0,43,796,233.27574581834693,319.11889048773344,7.755538950942392,1.0,1.0
43.0,43,798,1014.6917118355954,470.0440824229854,7.755538950942392,1.0,1.0
43.0,43,799,26.404201052158758,201.13816217145077,7.755538950942392,1.0,1.0
43.0,43,800,339.5704331275316,722.8216349721849,9.77136677757192,2.0,1.0
43.0,43,801,1241.0750675789682,91.61915126351143,7.755538950942392,1.0,0.9999999999999999
43.0,43,805,714.5118819361461,977.9666191442574,9.77136677757192,2.0,1.0
43.0,43,806,381.7109105400589,675.4624593826013,7.755538950942392,1.0,1.0
43.0,43,809,1191.7239495084464,469.9436430789405,9.77136677757192,2.0,1.0
43.0,43,810,1052.114142617541,145.6552549500458,9.77136677757192,2.0,1.0
43.0,43,811,819.5624830552182,544.5670659628285,9.77136677757192,2.0,1.0
43.0,43,812,49.61365280719692,410.2629122574904,7.755538950942392,1.0,1.0
43.0,43,815,475.7133823913653,574.8706165327145,9.77136677757192,2.0,1.0
43.0,43,817,1189.1605617536243,730.9799812758707,9.77136677757192,2.0,1.0
43.0,43,818,269.21687227488906,1008.3379150536882,7.755538950942392,1.0,1.0
43.0,43,819,1029.9773701264367,941.9360956158927,7.755538950942392,1.0,0.9999999999999999
43.0,43,820,1105.8792475297284,595.092737490719,7.755538950942392,1.0,1.0
43.0,43,821,1314.8652575165986,38.865591303727825,13.261785059625714,5.0,1.0
43.0,43,823,478.9131369120591,691.9756322436001,7.755538950942392,1.0,0.9999999999999999
43.0,43,824,555.6481511282567,166.54909340958685,7.755538950942392,1.0,1.0
43.0,43,826,981.2329290790047,831.834929658802,7.755538950942392,1.0,0.9999999999999999
43.0,43,827,893.9846872543978,8.727684790707407,7.755538950942392,1.0,1.0
43.0,43,828,150.67356972136014,822.5189935388626,9.77136677757192,2.0,1.0
43.0,43,829,770.6016698240119,145.0419383720814,9.77136677757192,2.0,1.0
43.0,43,830,438.6624077808753,753.5770550331447,9.771366777571922,2.0,1.0
43.0,43,831,831.3588286094531,612.5606093939456,7.755538950942392,1.0,1.0
43.0,43,832,1046.2510272224579,468.3888322251359,9.77136677757192,2.0,1.0
43.0,43,833,462.8408282754535,315.5231075765933,11.185422719499034,3.0,1.0
43.0,43,837,940.9833259416441,629.2379356055336,11.185422719499034,3.0,1.0
43.0,43,838,312.31884658419716,304.9745820935322,7.755538950942392,1.0,1.0
43.0,43,839,963.2088581421183,100.44533778768422,7.755538950942392,1.0,1.0
43.0,43,840,747.1420094942657,683.13203533206,7.755538950942392,1.0,1.0
43.0,43,841,893.4551573853261,579.5743724540966,11.185422719499032,3.0,1.0
43.0,43,842,42.43096214562683,510.73808855850024,7.755538950942392,1.0,1.0
43.0,43,843,936.9262377909079,905.074714783605,7.755538950942392,1.0,1.0
43.0,43,845,1340.8067704800696,623.9905449492325,7.755538950942392,1.0,1.0
43.0,43,846,684.1502162251796,434.8069408659056,9.77136677757192,2.0,1.0
43.0,43,848,583.2780869390466,633.2455651708185,12.311150689306297,4.0,1.0
43.0,43,851,1321.292421708516,644.0529352998758,9.77136677757192,2.0,1.0
43.0,43,853,472.53390656391446,797.0709234155494,9.77136677757192,2.0,0.9999999999999999
43.0,43,855,596.9067070467171,587.7251841687784,7.755538950942392,1.0,1.0
43.0,43,857,750.9949145491015,898.4887277156311,9.771366777571922,2.0,1.0
43.0,43,859,896.8770259220223,767.6793480162798,9.771366777571922,2.0,1.0
43.0,43,860,9.892402173574169,264.5908646495868,9.771366777571922,2.0,0.9999999999999999
43.0,43,861,998.1453471522394,73.88070651143137,7.755538950942392,1.0,0.9999999999999999
43.0,43,862,299.1493949921584,576.0702834864617,7.755538950942392,1.0,1.0
43.0,43,863,713.0566887061591,664.5648079509751,7.755538950942392,1.0,1.0
43.0,43,865,840.7403331529149,113.04642367471527,7.755538950942392,1.0,1.0
43.0,43,866,931.6477825830303,26.940483212122764,9.77136677757192,2.0,0.9999999999999999
43.0,43,868,1296.6107006496848,794.7770090864639,11.185422719499034,3.0,1.0
43.0,43,869,1318.888589739517,115.7909837020687,9.77136677757192,2.0,1.0
43.0,43,870,236.6298060613908,186.05248538899065,7.755538950942392,1.0,1.0
43.0,43,871,715.368611875267,749.1519804671022,12.311150689306299,4.0,1.0
43.0,43,872,1028.4195978498024,435.13741882442616,7.755538950942392,1.0,0.9999999999999999
43.0,43,873,64.51228397064875,380.45991177135994,7.755538950942392,1.0,1.0
43.0,43,877,170.34144096458505,434.12894212309305,7.755538950942392,1.0,1.0
43.0,43,879,706.0160166295386,336.29864971965617,7.755538950942392,1.0,1.0
43.0,43,881,1110.4187965346516,114.56009726734824,7.755538950942392,1.0,1.0
43.0,43,882,285.6676755937486,639.0038361095494,7.755538950942392,1.0,1.0
43.0,43,883,10.966739210397266,143.992078306196,9.77136677757192,2.0,1.0
43.0,43,884,655.7353988691026,339.87707423814317,9.77136677757192,2.0,0.9999999999999999
43.0,43,886,68.37349375561753,641.1907905066274,7.755538950942392,1.0,1.0
43.0,43,887,455.5631967966588,258.2831421359993,9.771366777571922,2.0,1.0
43.0,43,890,1267.7924227470205,255.88390780808805,11.185422719499032,3.0,1.0
43.0,43,892,342.8154995562695,47.647947093404255,7.755538950942392,1.0,1.0
43.0,43,894,1189.0674774085744,5.5006040853059694,9.771366777571922,2.0,1.0
43.0,43,896,234.98942597776244,925.2305630773519,7.755538950942392,1.0,1.0
43.0,43,897,735.6440617665543,585.5289476052717,9.77136677757192,2.0,0.9999999999999999
43.0,43,898,1080.2668009717725,291.98564331622765,9.77136677757192,2.0,1.0
43.0,43,899,1201.6538809122274,817.3141904467806,9.77136677757192,2.0,1.0
43.0,43,901,1048.7975490958324,6.765892550427409,11.185422719499032,3.0,1.0
43.0,43,903,287.5753067503625,383.3594395408076,12.311150689306297,4.0,1.0
43.0,43,905,712.0421627630309,873.84662531839,9.77136677757192,2.0,1.0
43.0,43,907,1156.2080797095962,922.4276831155252,7.755538950942392,1.0,1.0
43.0,43,910,1271.556830746387,790.1837131958491,9.77136677757192,2.0,1.0
43.0,43,911,325.2695454591792,89.08004784893187,7.755538950942392,1.0,1.0
43.0,43,912,434.34166718897427,893.3221432937592,7.755538950942392,1.0,1.0
43.0,43,913,315.170470516006,743.5132336444889,7.755538950942392,1.0,0.9999999999999999
43.0,43,914,872.7647186824908,381.5707618701346,11.185422719499034,3.0,1.0
43.0,43,915,40.62801880702016,61.5995211490872,7.755538950942392,1.0,1.0
43.0,43,916,834.7859222149734,308.7745074438396,7.755538950942392,1.0,1.0
43.0,43,921,1230.4692340080474,477.8827405152681,7.755538950942392,1.0,1.0
43.0,43,923,1194.1368245726233,271.0165371343078,7.755538950942392,1.0,1.0
43.0,43,924,648.5279607350466,1022.4934254885949,9.77136677757192,2.0,1.0
43.0,43,925,893.1131031941833,357.91314402343335,11.185422719499034,3.0,0.9999999999999999
43.0,43,926,229.16800070741934,90.86861801824817,11.185422719499032,3.0,0.9999999999999999
43.0,43,927,1262.8905279041282,97.32618233077173,11.185422719499032,3.0,1.0
43.0,43,928,522.9070691691435,953.6749362074665,7.755538950942392,1.0,0.9999999999999999
43.0,43,930,808.2554185245614,568.5651326821749,11.185422719499032,3.0,1.0
43.0,43,932,1281.4812075272662,544.7486037707079,11.185422719499032,3.0,1.0
43.0,43,933,1023.1561906501089,199.68632448097273,7.755538950942392,1.0,1.0
43.0,43,934,323.39063834029395,14.09789085130676,13.261785059625714,5.0,1.0
43.0,43,935,296.2256557333347,796.9823095423579,7.755538950942392,1.0,1.0
43.0,43,936,525.6288379738063,405.43522876248375,9.77136677757192,2.0,1.0
43.0,43,937,926.3172145508875,993.8181922417086,9.77136677757192,2.0,1.0
43.0,43,939,1167.3034266298016,128.3580597835656,9.77136677757192,2.0,1.0
43.0,43,941,51.64005362082565,949.8862499139714,11.185422719499032,3.0,1.0
43.0,43,947,413.08491413045283,74.52137127483726,7.755538950942392,1.0,1.0
43.0,43,949,1218.2335604461653,30.35708665969588,11.185422719499032,3.0,1.0
43.0,43,950,371.1841729308818,633.7595855823276,7.755538950942392,1.0,1.0
43.0,43,951,99.58069857410732,322.9499162868699,11.185422719499032,3.0,1.0
43.0,43,952,184.8742230216111,174.51764233118786,7.755538950942392,1.0,1.0
43.0,43,953,586.3199639966118,145.69443489191576,9.77136677757192,2.0,1.0
43.0,43,954,1308.7577424336123,203.05470376626693,7.755538950942392,1.0,1.0
43.0,43,955,466.02257524773853,422.2158315880838,9.77136677757192,2.0,1.0
43.0,43,956,1067.0431502321899,616.1486907777256,9.77136677757192,2.0,1.0
43.0,43,957,265.2424131736391,541.3971169448779,12.311150689306297,4.0,0.9999999999999999
43.0,43,959,191.59389250675574,905.3230704292549,9.77136677757192,2.0,1.0
43.0,43,961,282.2723636615511,179.07268727146518,9.77136677757192,2.0,1.0
43.0,43,962,1309.9027769681736,847.199373318371,12.311150689306299,4.0,1.0
43.0,43,963,391.4361669110317,193.41540280510893,9.77136677757192,2.0,0.9999999999999999
43.0,43,965,865.4089780558055,476.05772988523046,7.755538950942392,1.0,1.0
43.0,43,969,433.9069156779629,463.20004403146606,9.77136677757192,2.0,0.9999999999999999
43.0,43,971,1168.250401020903,822.1495448253693,7.755538950942392,1.0,1.0
43.0,43,972,497.65632573662765,604.5159139812064,11.185422719499032,3.0,0.9999999999999999
43.0,43,975,32.2095052593103,719.0767734593281,7.755538950942392,1.0,0.9999999999999999
43.0,43,977,1033.2965487934282,158.52832940427552,7.755538950942392,1.0,1.0
43.0,43,980,337.3233514222691,748.8943290427205,7.755538950942392,1.0,1.0
43.0,43,981,994.281264998886,406.6914820746112,7.755538950942392,1.0,1.0
43.0,43,983,925.522877764636,536.4856538472375,7.755538950942392,1.0,0.9999999999999999
43.0,43,985,1250.1936327197357,923.4291185589655,11.185422719499032,3.0,1.0
43.0,43,986,1147.711819506525,784.7859022245719,9.77136677757192,2.0,1.0
43.0,43,987,1169.1931411016403,871.6130638916709,7.755538950942392,1.0,1.0
43.0,43,988,1134.6526907435705,611.2889853537835,7.755538950942392,1.0,1.0
43.0,43,989,540.1131070898831,935.8902473749549,9.77136677757192,2.0,1.0
43.0,43,991,1190.4681660237798,849.9109863740656,7.755538950942392,1.0,1.0
43.0,43,995,28.510760677621295,4.526560938865154,11.185422719499032,3.0,1.0
43.0,43,996,268.8755819131199,858.6328393497247,9.77136677757192,2.0,1.0
43.0,43,998,7.007035139101491,974.9939973800676,7.755538950942392,1.0,1.0
43.0,43,999,1064.732494091586,432.661024067817,7.755538950942392,1.0,1.0
43.0,43,1000,162.74773727726622,870.8326764912554,9.77136677757192,2.0,1.0
45.0,45,1,107.83418709407741,936.0191611292628,7.755538950942392,1.0,0.9999999999999999
45.0,45,3,951.3517066815522,310.18359295224263,13.261785059625714,5.0,1.0
45.0,45,6,454.10050854478004,93.76245723839563,7.755538950942392,1.0,0.9999999999999999
45.0,45,8,357.4474190766533,213.95463552320305,16.132171110904203,9.0,0.9999999999999999
45.0,45,9,1074.7826667565569,403.52430657551815,7.755538950942392,1.0,1.0
45.0,45,10,1151.69243774396,300.8038694385555,7.755538950942392,1.0,1.0
45.0,45,11,855.7815900052909,938.0954326140238,9.77136677757192,2.0,1.0
45.0,45,14,1224.2523079705882,404.3505059059404,7.755538950942392,1.0,1.0
45.0,45,15,1005.4389614654675,308.6798683384084,7.755538950942392,1.0,0.9999999999999999
45.0,45,17,190.09594320590375,264.9872690903915,7.755538950942392,1.0,1.0
45.0,45,18,650.588603739617,643.955672901297,7.755538950942392,1.0,1.0
45.0,45,19,487.63412920635494,811.4595444854879,7.755538950942392,1.0,1.0
45.0,45,20,343.5216501315037,958.4502777380094,7.755538950942392,1.0,1.0
45.0,45,21,261.2334349330464,81.3411150997471,7.755538950942392,1.0,1.0
45.0,45,22,140.40375549433344,462.1288201163133,9.77136677757192,2.0,1.0
45.0,45,23,10.800261591416632,821.8838175863641,9.77136677757192,2.0,1.0
45.0,45,27,520.1870094869697,540.6176775547844,7.755538950942392,1.0,1.0
45.0,45,28,905.8584993204154,904.5941575225661,7.755538950942392,1.0,1.0
45.0,45,29,1111.9032180755555,1022.6188879753195,11.185422719499032,3.0,1.0
45.0,45,31,968.2049867996686,141.5059323152962,7.755538950942392,1.0,0.9999999999999999
45.0,45,35,195.85299056592402,749.5379476633045,7.755538950942392,1.0,1.0
45.0,45,36,866.819972257706,53.92042206043165,7.755538950942392,1.0,0.9999999999999999
45.0,45,37,864.1974836440673,914.4048121940026,7.755538950942392,1.0,1.0
45.0,45,38,963.1958378336778,721.8484243882147,7.755538950942392,1.0,0.9999999999999999
45.0,45,39,1326.1965375539216,1000.9759925887518,7.755538950942392,1.0,1.0
45.0,45,40,960.7835191696955,932.5651556642938,9.77136677757192,2.0,0.9999999999999999
45.0,45,41,431.2178816659354,281.3086805605843,9.77136677757192,2.0,1.0
45.0,45,43,783.6395843283627,823.455615545988,7.755538950942392,1.0,0.9999999999999999
45.0,45,44,744.8673882299796,63.78278067003846,11.185422719499032,3.0,1.0
45.0,45,45,887.8713863347915,949.5506422671777,7.755538950942392,1.0,1.0
45.0,45,46,1146.640667756638,356.2233603445434,7.755538950942392,1.0,1.0
45.0,45,51,1328.0752220971794,233.292946855428,9.77136677757192,2.0,1.0
45.0,45,53,135.71860100587438,112.5431598721541,7.755538950942392,1.0,1.0
45.0,45,55,1251.1290551266795,614.4021994845662,7.755538950942392,1.0,1.0
45.0,45,57,1060.132291606241,730.0374067110004,12.311150689306295,4.0,1.0
45.0,45,59,42.00233786268099,149.83257651643453,7.755538950942392,1.0,1.0
45.0,45,60,49.13979716318176,229.20317836066695,9.77136677757192,2.0,1.0
45.0,45,61,883.0523979506474,988.9326924200284,9.771366777571922,2.0,0.9999999999999999
45.0,45,62,578.2444800411057,1024.3760219824633,7.755538950942392,1.0,1.0
45.0,45,63,1137.0128009951848,627.8338707223804,7.755538950942392,1.0,1.0
45.0,45,65,700.4369650923168,832.3423391386473,7.755538950942392,1.0,1.0
45.0,45,66,965.3285432670464,1016.0945055997112,9.771366777571922,2.0,0.9999999999999999
45.0,45,67,1075.2016824133777,249.34821795273777,13.261785059625712,5.0,0.9999999999999999
45.0,45,68,1242.4084159097183,655.1784183154231,7.755538950942392,1.0,1.0
45.0,45,69,1156.4944580391555,66.9377919064461,7.755538950942392,1.0,1.0
45.0,45,70,1149.0422430379151,482.94918029933825,7.755538950942392,1.0,1.0
45.0,45,71,774.4434897886688,778.3504853455197,9.771366777571922,2.0,1.0
45.0,45,73,532.9498803815959,310.38128695286014,7.755538950942392,1.0,1.0
45.0,45,77,429.4248868144214,826.418207017915,11.185422719499032,3.0,1.0
45.0,45,78,1106.3634586251162,179.34236046894227,7.755538950942392,1.0,1.0
45.0,45,79,825.9845946478324,236.50125266486674,9.77136677757192,2.0,1.0
45.0,45,80,1011.0739892107803,355.22841042733404,7.755538950942392,1.0,1.0
45.0,45,81,609.5706890794239,7.461833275738121,9.77136677757192,2.0,1.0
45.0,45,83,1196.5245929901805,415.5470573446421,7.755538950942392,1.0,1.0
45.0,45,84,295.63163052494843,662.5354892743296,7.755538950942392,1.0,1.0
45.0,45,85,118.30034252994086,788.5355649878493,7.755538950942392,1.0,1.0
45.0,45,86,1027.5846164043228,513.1412554828821,9.77136677757192,2.0,1.0
45.0,45,87,711.7875563308173,119.2170164545734,7.755538950942392,1.0,0.9999999999999999
45.0,45,88,74.25163813306095,507.7716138864711,7.755538950942392,1.0,1.0
45.0,45,90,804.1891198187177,414.55117029838465,7.755538950942392,1.0,1.0
45.0,45,91,52.73012480475332,20.88507098263449,7.755538950942392,1.0,1.0
45.0,45,92,1096.6378721025874,703.8002418015052,7.755538950942392,1.0,0.9999999999999999
45.0,45,93,288.7747726214634,287.30358790035694,7.755538950942392,1.0,1.0
45.0,45,94,647.0490883750816,894.7645606953013,11.185422719499032,3.0,1.0
45.0,45,97,942.7157744337561,66.17178086507101,12.311150689306297,4.0,1.0
45.0,45,100,359.7920224003562,813.5577563316511,7.755538950942392,1.0,1.0
45.0,45,101,18.346223410154096,615.1203045395017,7.755538950942392,1.0,1.0
45.0,45,103,214.7651103047311,20.588848140667444,7.755538950942392,1.0,1.0
45.0,45,104,376.2772724512626,583.6697326015145,7.755538950942392,1.0,0.9999999999999999
45.0,45,107,441.58471609642817,140.102314295706,7.755538950942392,1.0,0.9999999999999999
45.0,45,110,645.8309158529852,623.9294531575557,7.755538950942392,1.0,1.0
45.0,45,114,296.74394660059784,359.89702290616077,9.77136677757192,2.0,1.0
45.0,45,116,1161.4724780885485,47.00558793009812,9.77136677757192,2.0,1.0
45.0,45,118,282.62387932832263,437.72668289735117,9.77136677757192,2.0,0.9999999999999999
45.0,45,119,1037.6079121468265,559.445897758532,11.185422719499032,3.0,1.0
45.0,45,120,117.14619432585837,263.1139396914282,7.755538950942392,1.0,1.0
45.0,45,121,106.37943857306537,215.9980335474357,9.77136677757192,2.0,1.0
45.0,45,122,844.5485632901202,260.69337761163536,13.261785059625714,5.0,1.0
45.0,45,123,1294.197669829699,585.4784061804229,11.185422719499034,3.0,1.0
45.0,45,125,422.82207482729063,1004.0391885094306,9.77136677757192,2.0,1.0
45.0,45,126,1335.4163960581054,477.1375393880794,7.755538950942392,1.0,0.9999999999999999
45.0,45,127,841.5340038729368,564.9645021640658,7.755538950942392,1.0,1.0
45.0,45,129,780.6570677616259,672.9646731046643,7.755538950942392,1.0,1.0
45.0,45,130,1196.087877360346,434.14350414841886,7.755538950942392,1.0,1.0
45.0,45,131,1240.9704965511494,305.8934889479994,7.755538950942392,1.0,1.0
45.0,45,132,1286.731718982348,185.90226033155318,11.185422719499032,3.0,1.0
45.0,45,134,120.13266227355652,828.6017711650268,9.77136677757192,2.0,1.0
45.0,45,135,1010.1589957740873,593.502518749666,7.755538950942392,1.0,1.0
45.0,45,136,859.2404543533567,867.0412859605873,7.755538950942392,1.0,1.0
45.0,45,138,483.171230640205,1023.9054719261698,7.755538950942392,1.0,0.9999999999999999
45.0,45,140,385.60462964364757,651.3315185488706,7.755538950942392,1.0,1.0
45.0,45,142,1294.603411404422,292.3455168518803,7.755538950942392,1.0,1.0
45.0,45,143,613.3674784570055,111.89787050979834,13.261785059625712,5.0,1.0
45.0,45,144,1269.9511659858028,970.3043243214214,9.77136677757192,2.0,1.0
45.0,45,145,110.57775173295033,869.3974569856716,9.77136677757192,2.0,1.0
45.0,45,146,1055.1979198858078,532.4907377687459,7.755538950942392,1.0,1.0
45.0,45,148,552.0508527319009,137.57039479934159,9.77136677757192,2.0,1.0
45.0,45,149,175.94621938060888,985.2063612473971,7.755538950942392,1.0,0.9999999999999999
45.0,45,150,709.1633083562252,390.957547771542,12.311150689306299,4.0,1.0
45.0,45,151,471.1184548185643,666.8223989166836,7.755538950942392,1.0,1.0
45.0,45,152,1160.652372939659,672.7986294366463,7.755538950942392,1.0,1.0
45.0,45,153,57.01640529825192,540.8739008976705,9.77136677757192,2.0,1.0
45.0,45,156,875.1319394425892,807.0337002400737,7.755538950942392,1.0,1.0
45.0,45,160,1050.976959136435,764.9214194157948,7.755538950942392,1.0,1.0
45.0,45,163,79.56917168745684,65.89059288459643,7.755538950942392,1.0,1.0
45.0,45,164,366.4388785519999,75.69075652449472,7.755538950942392,1.0,0.9999999999999999
45.0,45,165,151.12883379380978,6.0107192445041635,7.755538950942392,1.0,1.0
45.0,45,166,495.36793000010266,85.58434487597434,11.185422719499032,3.0,1.0
45.0,45,168,1295.8163011093939,819.0175199036288,7.755538950942392,1.0,1.0
45.0,45,170,980.096786942145,689.4650380495002,7.755538950942392,1.0,1.0
45.0,45,172,828.7191809355126,813.5243065555121,7.755538950942392,1.0,0.9999999999999999
45.0,45,173,12.076525219120516,57.849207250085385,9.77136677757192,2.0,1.0
45.0,45,174,964.4469482475963,742.3876114968059,7.755538950942392,1.0,1.0
45.0,45,175,1333.9703312409763,863.5932800314322,9.77136677757192,2.0,1.0
45.0,45,178,1221.7377360583334,544.1196163357666,7.755538950942392,1.0,1.0
45.0,45,181,467.6000305231271,935.4330953815042,11.185422719499032,3.0,1.0
45.0,45,186,232.08399483501657,622.0200858134712,11.185422719499034,3.0,1.0
45.0,45,187,615.3024856447018,899.2249868579008,7.755538950942392,1.0,1.0
45.0,45,188,596.0638936297754,277.97501528558047,9.771366777571922,2.0,1.0
45.0,45,189,819.8895621448779,926.1831361331069,7.755538950942392,1.0,1.0
45.0,45,190,1086.3250406452557,969.870667013068,7.755538950942392,1.0,1.0
45.0,45,191,1078.605807519325,752.2570121142605,9.77136677757192,2.0,1.0
45.0,45,193,351.8249708053919,94.44228813596192,7.755538950942392,1.0,1.0
45.0,45,198,206.82668596326593,625.7500860436762,7.755538950942392,1.0,0.9999999999999999
45.0,45,199,204.77838976510048,542.2333980129675,15.51107790188478,8.0,1.0
45.0,45,201,142.7721910388085,427.19960418404565,9.77136677757192,2.0,0.9999999999999999
45.0,45,208,1038.3210053616617,279.96831094895265,9.77136677757192,2.0,1.0
45.0,45,210,104.4414840873029,1023.4581891125199,11.185422719499034,3.0,0.9999999999999999
45.0,45,213,489.37422127022836,741.6504027861641,7.755538950942392,1.0,1.0
45.0,45,214,34.40520817418347,248.88103449794116,7.755538950942392,1.0,1.0
45.0,45,215,342.49391617475254,432.8597427327732,9.77136677757192,2.0,1.0
45.0,45,218,673.8655204565978,308.6189499037872,7.755538950942392,1.0,1.0
45.0,45,219,297.6090339699758,101.95497300775642,7.755538950942392,1.0,0.9999999999999999
45.0,45,220,311.4252495962812,923.4884246270246,11.185422719499032,3.0,1.0
45.0,45,221,107.55460722461733,170.8347085655973,11.185422719499032,3.0,1.0
45.0,45,224,562.8142957347407,250.09616655958106,7.755538950942392,1.0,1.0
45.0,45,228,889.0939449077624,35.606566212102365,7.755538950942392,1.0,1.0
45.0,45,230,1139.7297377252567,723.6461811039209,7.755538950942392,1.0,1.0
45.0,45,231,734.1323623685767,314.3069717739772,7.755538950942392,1.0,1.0
45.0,45,232,502.95278224251786,230.79318183831256,7.755538950942392,1.0,1.0
45.0,45,238,912.0591088822523,859.6599909418785,7.755538950942392,1.0,1.0
45.0,45,239,1195.2015092030656,927.2405486640312,7.755538950942392,1.0,1.0
45.0,45,241,1222.3083501818098,523.2062439026446,11.185422719499032,3.0,1.0
45.0,45,242,735.9557351230952,25.668915501416436,7.755538950942392,1.0,1.0
45.0,45,243,71.48832462524116,688.1016343675733,7.755538950942392,1.0,1.0
45.0,45,245,745.5990930625024,779.6449252159666,7.755538950942392,1.0,1.0
45.0,45,247,383.8840757330352,211.44212512823918,7.755538950942392,1.0,1.0
45.0,45,248,456.77086129036576,179.09784130805022,9.77136677757192,2.0,1.0
45.0,45,250,512.1307548626412,802.8179520536307,7.755538950942392,1.0,1.0
45.0,45,251,735.6977447649138,796.7247680872389,7.755538950942392,1.0,1.0
45.0,45,255,1333.3581489076835,822.3451579852618,9.77136677757192,2.0,1.0
45.0,45,256,928.2082935922963,733.0551545575507,7.755538950942392,1.0,1.0
45.0,45,257,612.617120783656,34.298223938917225,7.755538950942392,1.0,0.9999999999999999
45.0,45,259,743.5120674636208,153.77433940432635,11.185422719499032,3.0,1.0
45.0,45,260,1097.0376948531903,815.356207792255,7.755538950942392,1.0,0.9999999999999999
45.0,45,261,255.49620125608206,428.32924890812427,7.755538950942392,1.0,0.9999999999999999
45.0,45,262,844.3678058923718,989.9966943852004,9.77136677757192,2.0,1.0
45.0,45,263,95.88645682914286,143.50313318118984,9.77136677757192,2.0,1.0
45.0,45,264,932.5316450218288,813.8038972308597,7.755538950942392,1.0,1.0
45.0,45,265,3.0876335844263263,436.2180276351039,7.755538950942392,1.0,1.0
45.0,45,268,1019.1684371356359,224.87688454547816,7.755538950942392,1.0,1.0
45.0,45,269,119.32494354818586,378.7084677917558,9.771366777571922,2.0,1.0
45.0,45,270,336.7603629981412,401.8714347750578,7.755538950942392,1.0,1.0
45.0,45,272,229.50999723078078,297.3653675145736,7.755538950942392,1.0,1.0
45.0,45,273,619.3202308089301,581.8422802529864,7.755538950942392,1.0,1.0
45.0,45,274,792.4170251594876,855.0651406973237,7.755538950942392,1.0,1.0
45.0,45,275,1173.6840440240762,381.08884232709323,7.755538950942392,1.0,0.9999999999999999
45.0,45,276,1099.228335692034,523.9057435886978,7.755538950942392,1.0,1.0
45.0,45,277,267.673507833153,363.71061233223713,7.755538950942392,1.0,1.0
45.0,45,278,1254.1799370985275,358.2193086647681,11.185422719499032,3.0,1.0
45.0,45,279,129.6190291235572,630.5438444648611,11.185422719499032,3.0,1.0
45.0,45,280,355.6441870914061,972.2879691628084,7.755538950942392,1.0,0.9999999999999999
45.0,45,281,1190.70300280089,552.1252466627444,11.185422719499032,3.0,1.0
45.0,45,283,677.0863073439198,598.2842522782724,9.77136677757192,2.0,1.0
45.0,45,284,77.11474979092252,803.1257001025334,7.755538950942392,1.0,0.9999999999999999
45.0,45,285,851.32412286575,641.1930034519394,7.755538950942392,1.0,0.9999999999999999
45.0,45,286,1142.1292844978893,260.8199805111494,7.755538950942392,1.0,1.0
45.0,45,287,92.32528767247273,706.5851123047304,7.755538950942392,1.0,1.0
45.0,45,289,1241.4696525547176,812.6837311385243,12.311150689306299,4.0,1.0
45.0,45,290,240.16175197385758,694.0677322846093,7.755538950942392,1.0,0.9999999999999999
45.0,45,291,496.70991281129847,355.0147946246655,7.755538950942392,1.0,0.9999999999999999
45.0,45,294,623.6963411749688,424.04073077163685,7.755538950942392,1.0,0.9999999999999999
45.0,45,295,51.30156010617668,749.8787010449792,12.311150689306297,4.0,1.0
45.0,45,300,344.591493123334,661.5481442293739,9.77136677757192,2.0,1.0
45.0,45,301,1110.234248019642,37.57224850577901,9.77136677757192,2.0,1.0
45.0,45,302,643.8636686871716,991.6444648366682,7.755538950942392,1.0,0.9999999999999999
45.0,45,304,720.397677378868,412.9537946774219,7.755538950942392,1.0,1.0
45.0,45,306,153.61029901187945,587.5908485933766,7.755538950942392,1.0,1.0
45.0,45,307,975.4174011492149,486.74111367358154,11.185422719499032,3.0,1.0
45.0,45,309,822.7169793682459,197.58579970086805,7.755538950942392,1.0,0.9999999999999999
45.0,45,311,694.7927193877399,575.0159624316168,9.77136677757192,2.0,1.0
45.0,45,314,172.7140800361186,146.77984145143748,7.755538950942392,1.0,1.0
45.0,45,318,1216.1571220393305,603.7102162240778,11.185422719499032,3.0,0.9999999999999999
45.0,45,319,105.81937430110708,995.0388481990944,9.77136677757192,2.0,1.0
45.0,45,320,1247.509382543694,123.38634941640248,9.77136677757192,2.0,1.0
45.0,45,322,860.7947796189587,965.5602663198422,9.77136677757192,2.0,1.0
45.0,45,323,71.94095750520867,429.15049469916784,9.77136677757192,2.0,1.0
45.0,45,325,198.85904906598705,934.0824997086693,7.755538950942392,1.0,1.0
45.0,45,326,204.93283112001913,467.09785765188946,9.77136677757192,2.0,1.0
45.0,45,327,914.5610810868739,475.39099246137505,7.755538950942392,1.0,1.0
45.0,45,328,696.1080305439156,302.5332240544609,7.755538950942392,1.0,1.0
45.0,45,330,409.7619702593879,865.1162260294844,9.77136677757192,2.0,1.0
45.0,45,331,125.6982012194667,715.538953123845,13.261785059625714,5.0,0.9999999999999999
45.0,45,333,633.0687756166571,30.619885734581725,7.755538950942392,1.0,1.0
45.0,45,334,1135.1616815994003,834.1068155595691,7.755538950942392,1.0,1.0
45.0,45,337,591.1200591342609,940.6937104005283,9.77136677757192,2.0,1.0
45.0,45,339,813.9503409714881,92.83802586515226,7.755538950942392,1.0,1.0
45.0,45,340,892.0941281041328,666.2122950336609,7.755538950942392,1.0,1.0
45.0,45,341,983.3539625351584,609.1482113675951,12.311150689306297,4.0,0.9999999999999999
45.0,45,342,885.6890373867016,131.27757499318497,9.77136677757192,2.0,1.0
45.0,45,343,124.6177912251862,483.09970541317443,7.755538950942392,1.0,0.9999999999999999
45.0,45,344,734.1694410569954,363.67566062976056,7.755538950942392,1.0,1.0
45.0,45,346,1178.9491312564621,635.2714862709239,7.755538950942392,1.0,1.0
45.0,45,348,407.00505345165953,654.5877448807144,7.755538950942392,1.0,1.0
45.0,45,350,1259.6250506111876,152.44112544883737,7.755538950942392,1.0,1.0
45.0,45,354,475.22596232993544,232.02653365296092,7.755538950942392,1.0,1.0
45.0,45,355,94.13589417910804,492.60523123529657,7.755538950942392,1.0,1.0
45.0,45,356,686.3299827889498,1014.9399859958885,7.755538950942392,1.0,1.0
45.0,45,360,677.1037682689365,335.6674784032431,7.755538950942392,1.0,1.0
45.0,45,361,28.907961678958852,637.1978079111732,7.755538950942392,1.0,1.0
45.0,45,362,994.7992867574953,706.1268376286304,7.755538950942392,1.0,1.0
45.0,45,363,595.1984353702986,502.3343085097989,7.755538950942392,1.0,1.0
45.0,45,364,1329.5299907221304,420.6167636662548,7.755538950942392,1.0,1.0
45.0,45,365,118.21675733978363,73.4503196592286,7.755538950942392,1.0,1.0
45.0,45,366,847.1443768810624,162.4851424805126,7.755538950942392,1.0,1.0
45.0,45,367,1183.9369100557262,992.4427280744458,7.755538950942392,1.0,1.0
45.0,45,368,1325.0425223551292,160.5261779675216,12.311150689306297,4.0,1.0
45.0,45,369,864.4330772018923,356.4977168711834,7.755538950942392,1.0,0.9999999999999999
45.0,45,370,36.319879594214925,994.6395458912626,7.755538950942392,1.0,1.0
45.0,45,371,580.1789609250249,417.1795476294228,7.755538950942392,1.0,1.0
45.0,45,373,872.1558115780803,201.21462785769265,7.755538950942392,1.0,1.0
45.0,45,374,863.3878641010815,78.57568574939518,9.77136677757192,2.0,0.9999999999999999
45.0,45,378,88.03616863391377,658.4464808838137,7.755538950942392,1.0,0.9999999999999999
45.0,45,380,849.6466795215562,12.600344314273617,7.755538950942392,1.0,1.0
45.0,45,381,819.6428520045242,333.8670966071419,9.77136677757192,2.0,1.0
45.0,45,382,1334.2294512412766,273.3770275418133,9.77136677757192,2.0,1.0
45.0,45,383,926.0063614426701,501.73813327708797,9.771366777571922,2.0,1.0
45.0,45,385,695.2476750306087,537.5573074779036,7.755538950942392,1.0,0.9999999999999999
45.0,45,387,812.1720311574286,266.9659616301376,9.77136677757192,2.0,0.9999999999999999
45.0,45,388,186.40782577190836,647.0001138069662,7.755538950942392,1.0,0.9999999999999999
45.0,45,390,363.81239450207187,167.24868510137463,11.185422719499032,3.0,0.9999999999999999
45.0,45,391,735.2072965737563,508.852668329119,12.311150689306299,4.0,1.0
45.0,45,393,267.55392988785763,901.6160554888341,7.755538950942392,1.0,1.0
45.0,45,395,1289.1321107962162,159.56853227183265,7.755538950942392,1.0,0.9999999999999999
45.0,45,396,1045.2596934474325,356.7199038677466,9.77136677757192,2.0,1.0
45.0,45,399,526.3884707445459,613.8593906056427,11.185422719499032,3.0,1.0
45.0,45,400,229.6399213278237,382.30656017312253,7.755538950942392,1.0,1.0
45.0,45,403,636.8827190503227,537.0942636678166,7.755538950942392,1.0,1.0
45.0,45,405,763.0188565168845,369.5787199444147,12.311150689306297,4.0,1.0
45.0,45,406,260.6617270508285,793.1114344734387,14.092749536269183,6.0,1.0
45.0,45,409,576.9215465326556,867.241432245863,11.185422719499032,3.0,0.9999999999999999
45.0,45,410,564.7639858583342,537.0734008585623,7.755538950942392,1.0,1.0
45.0,45,412,747.0966914582482,656.9957247703721,9.77136677757192,2.0,1.0
45.0,45,414,1213.340075866476,493.40506028489926,7.755538950942392,1.0,0.9999999999999999
45.0,45,415,1138.7978816870807,698.8797412946151,7.755538950942392,1.0,1.0
45.0,45,416,393.9422439814138,734.8262414878003,7.755538950942392,1.0,1.0
45.0,45,417,904.3715984019449,518.9680502406862,9.77136677757192,2.0,1.0
45.0,45,418,532.3529004123097,681.4797163670645,9.77136677757192,2.0,1.0
45.0,45,419,335.1368376095339,899.6189522311784,9.771366777571922,2.0,1.0
45.0,45,420,688.9935604260495,973.641590613812,7.755538950942392,1.0,0.9999999999999999
45.0,45,421,978.5476381626041,352.5505203798399,7.755538950942392,1.0,0.9999999999999999
45.0,45,422,161.504087989945,655.3612720592788,7.755538950942392,1.0,0.9999999999999999
45.0,45,426,1094.4569638965013,507.5716429045297,7.755538950942392,1.0,1.0
45.0,45,427,541.5198724338613,8.394923735872608,9.77136677757192,2.0,1.0
45.0,45,428,1060.2235804241227,204.04837929504177,9.77136677757192,2.0,1.0
45.0,45,430,993.2683805454593,497.9296762330114,7.755538950942392,1.0,1.0
45.0,45,431,274.0522300507123,578.0552002751099,7.755538950942392,1.0,1.0
45.0,45,432,364.6687444974973,770.5429138917818,9.77136677757192,2.0,1.0
45.0,45,433,285.98110294387976,605.1143271976433,9.77136677757192,2.0,1.0
45.0,45,435,886.9121237537137,238.89654796121246,7.755538950942392,1.0,1.0
45.0,45,436,317.6373230471966,665.9032519392792,7.755538950942392,1.0,1.0
45.0,45,438,865.5185959890166,711.3729687611383,7.755538950942392,1.0,0.9999999999999999
45.0,45,439,537.777662648166,862.7096961232942,11.185422719499032,3.0,1.0
45.0,45,440,347.80148024575857,877.4178202643236,7.755538950942392,1.0,1.0
45.0,45,441,948.1578207430357,424.7200576573374,9.771366777571922,2.0,1.0
45.0,45,442,498.6948482444155,322.06493482333735,7.755538950942392,1.0,1.0
45.0,45,443,219.46775737948735,752.6993093371575,7.755538950942392,1.0,0.9999999999999999
45.0,45,444,149.07226505302344,733.6635042872523,7.755538950942392,1.0,1.0
45.0,45,445,1051.7483657282203,42.685910829504586,7.755538950942392,1.0,1.0
45.0,45,446,330.8397888446754,256.54077403064423,7.755538950942392,1.0,0.9999999999999999
45.0,45,449,1196.8619721036484,132.67216376818587,7.755538950942392,1.0,1.0
45.0,45,451,1332.7461564521693,507.3784139346556,7.755538950942392,1.0,1.0
45.0,45,453,192.82323968860976,1018.8537967879653,7.755538950942392,1.0,1.0
45.0,45,455,851.5037181419756,208.86783264509643,11.185422719499032,3.0,1.0
45.0,45,456,310.7410313867877,815.1150185481753,9.77136677757192,2.0,1.0
45.0,45,458,1247.1382578312848,182.8227994126442,7.755538950942392,1.0,1.0
45.0,45,459,1317.476765181611,358.62767475309687,9.77136677757192,2.0,1.0
45.0,45,461,142.34362206320932,56.494190114742665,9.77136677757192,2.0,1.0
45.0,45,462,1100.8768049280293,306.90984117097196,7.755538950942392,1.0,1.0
45.0,45,464,1333.4522621632975,73.50244054458555,7.755538950942392,1.0,1.0
45.0,45,465,793.8201323642897,172.4983902592822,7.755538950942392,1.0,1.0
45.0,45,466,408.48314915359816,616.9269786079393,9.77136677757192,2.0,1.0
45.0,45,468,1211.4016664875217,904.615001302118,7.755538950942392,1.0,1.0
45.0,45,469,1135.553060061506,882.5382118722399,7.755538950942392,1.0,1.0
45.0,45,470,84.637736393652,412.6646970011691,7.755538950942392,1.0,1.0
45.0,45,471,64.20741594722635,489.3835169158266,7.755538950942392,1.0,0.9999999999999999
45.0,45,472,305.82570403867635,130.77367735299967,7.755538950942392,1.0,1.0
45.0,45,473,393.577751331374,908.8816131574937,7.755538950942392,1.0,1.0
45.0,45,474,85.86028694184454,1000.2336784293567,7.755538950942392,1.0,1.0
45.0,45,476,483.65220696283774,134.84103389586852,11.185422719499034,3.0,1.0
45.0,45,477,278.0916398398711,941.8794561444824,9.77136677757192,2.0,1.0
45.0,45,478,286.58522210532726,211.2082142813649,7.755538950942392,1.0,1.0
45.0,45,479,359.96439966927653,937.6320643764286,7.755538950942392,1.0,1.0
45.0,45,481,593.2590836603467,980.003098276026,11.185422719499034,3.0,1.0
45.0,45,483,563.4399848625931,40.18438921664688,7.755538950942392,1.0,0.9999999999999999
45.0,45,485,1043.6866836962324,683.0433937442536,7.755538950942392,1.0,1.0
45.0,45,486,399.264994127411,129.67283092028822,7.755538950942392,1.0,1.0
45.0,45,487,1062.469251883025,966.1783252379648,12.311150689306295,4.0,1.0
45.0,45,489,655.6841827433216,145.88970229663425,9.77136677757192,2.0,1.0
45.0,45,490,456.05237627095175,902.5595566384941,9.77136677757192,2.0,1.0
45.0,45,491,654.7310850812504,757.0989068478206,9.77136677757192,2.0,1.0
45.0,45,493,98.80178936326062,371.4934242648248,7.755538950942392,1.0,0.9999999999999999
45.0,45,494,811.4867198413704,765.6169453793094,9.77136677757192,2.0,1.0
45.0,45,496,698.6771922135671,507.49704200004896,9.771366777571922,2.0,1.0
45.0,45,497,1191.9596125645783,770.330175000542,7.755538950942392,1.0,1.0
45.0,45,498,423.638067950331,481.98511904855343,7.755538950942392,1.0,1.0
45.0,45,500,539.3200590436827,184.395818027749,7.755538950942392,1.0,1.0
45.0,45,501,521.0280630862433,990.9761885462563,9.77136677757192,2.0,1.0
45.0,45,503,534.4613862340142,37.71484274591285,11.185422719499032,3.0,1.0
45.0,45,504,990.1424225114015,203.18651104642703,7.755538950942392,1.0,1.0
45.0,45,506,105.09406459541,742.374202515287,7.755538950942392,1.0,1.0
45.0,45,507,1338.0902086862607,320.51436616690114,7.755538950942392,1.0,1.0
45.0,45,508,1168.917227851729,523.3893117882532,11.185422719499032,3.0,0.9999999999999999
45.0,45,509,1067.3082056629135,866.1041621560669,9.77136677757192,2.0,1.0
45.0,45,510,599.724845321342,211.38550027122017,12.311150689306295,4.0,1.0
45.0,45,511,521.9051188504093,509.10771635038714,9.77136677757192,2.0,1.0
45.0,45,512,190.99821362721138,865.5836473155941,11.185422719499034,3.0,1.0
45.0,45,513,1256.908291196059,579.8255735860137,13.26178505962571,5.0,1.0
45.0,45,516,1219.4178449548697,382.4308526739747,9.77136677757192,2.0,1.0
45.0,45,517,905.8139147510698,829.0413676257347,9.77136677757192,2.0,1.0
45.0,45,518,132.6092334774365,527.1215743260428,12.311150689306299,4.0,1.0
45.0,45,519,820.5776239644442,381.9480263699099,14.09274953626919,6.0,0.9999999999999999
45.0,45,520,807.8698176578016,4.262158384183199,11.185422719499034,3.0,1.0
45.0,45,521,822.3463145643399,49.89551830971023,11.185422719499034,3.0,0.9999999999999999
45.0,45,522,989.5836725954008,976.6450405024492,7.755538950942392,1.0,0.9999999999999999
45.0,45,523,974.5794263295173,189.5861628794692,7.755538950942392,1.0,1.0
45.0,45,524,865.8097760113108,883.0508674370426,7.755538950942392,1.0,1.0
45.0,45,529,783.9780681797633,572.3079580086901,7.755538950942392,1.0,1.0
45.0,45,530,121.07561619478562,676.1557311507639,9.771366777571922,2.0,1.0
45.0,45,533,829.6668141714704,867.3842009397333,9.771366777571922,2.0,1.0
45.0,45,535,840.1611536629974,136.49717624701637,7.755538950942392,1.0,1.0
45.0,45,536,338.8470181431746,490.8805015907592,7.755538950942392,1.0,1.0
45.0,45,538,549.4402083535482,445.90701185871643,11.185422719499032,3.0,0.9999999999999999
45.0,45,539,964.7328247570618,220.39081579387468,7.755538950942392,1.0,0.9999999999999999
45.0,45,540,301.74583732940175,548.0741617386874,7.755538950942392,1.0,1.0
45.0,45,543,906.3668746252649,408.2183278588139,9.77136677757192,2.0,1.0
45.0,45,546,1036.1438608887347,834.4946039811158,9.77136677757192,2.0,1.0
45.0,45,547,495.71763456404756,255.41607519018763,7.755538950942392,1.0,1.0
45.0,45,548,893.7830580211926,447.89069275188865,11.185422719499034,3.0,0.9999999999999999
45.0,45,550,402.8726507043494,393.2125371814564,7.755538950942392,1.0,1.0
45.0,45,551,1253.7729481479216,763.055627345846,7.755538950942392,1.0,1.0
45.0,45,555,157.61523823705957,199.44167604881045,11.185422719499032,3.0,1.0
45.0,45,556,269.5052885846328,465.6005653196031,7.755538950942392,1.0,1.0
45.0,45,557,596.3360181339901,324.6916257182003,11.185422719499032,3.0,0.9999999999999999
45.0,45,558,229.24502064131522,64.39610612320753,7.755538950942392,1.0,1.0
45.0,45,559,1073.9588423567404,82.58216132874433,7.755538950942392,1.0,1.0
45.0,45,561,1310.0177995642293,890.0939090867029,7.755538950942392,1.0,1.0
45.0,45,562,182.39632898279712,234.8225786885768,11.185422719499032,3.0,1.0
45.0,45,563,440.7054185111486,423.010278187716,7.755538950942392,1.0,0.9999999999999999
45.0,45,564,362.922918835377,452.8844509968703,11.185422719499032,3.0,1.0
45.0,45,565,1214.5112390212305,748.1318216112929,7.755538950942392,1.0,1.0
45.0,45,568,1117.954720606877,158.87164660764398,7.755538950942392,1.0,0.9999999999999999
45.0,45,569,320.2745923611029,347.07145204268517,7.755538950942392,1.0,1.0
45.0,45,570,1322.5513102610244,557.4826752771878,9.77136677757192,2.0,0.9999999999999999
45.0,45,573,488.03955916748504,966.3596041367025,7.755538950942392,1.0,1.0
45.0,45,574,180.7228569147805,796.2217962226058,7.755538950942392,1.0,1.0
45.0,45,575,668.7553085145189,693.4939292187958,7.755538950942392,1.0,1.0
45.0,45,576,813.5924747866949,165.30994132224438,7.755538950942392,1.0,0.9999999999999999
45.0,45,579,537.9556300804383,271.5017008408993,7.755538950942392,1.0,0.9999999999999999
45.0,45,581,607.049779499999,833.3772355202655,11.185422719499032,3.0,1.0
45.0,45,582,566.027966217222,279.2932641263361,9.77136677757192,2.0,1.0
45.0,45,583,1223.0397175692915,255.756734995426,9.77136677757192,2.0,1.0
45.0,45,584,1086.6325990577627,784.3418770237267,7.755538950942392,1.0,1.0
45.0,45,586,387.1571550752943,1020.2681700272974,7.755538950942392,1.0,1.0
45.0,45,587,1071.7948636382273,822.5457773815417,9.77136677757192,2.0,1.0
45.0,45,592,868.3454184364565,292.9551213251178,7.755538950942392,1.0,1.0
45.0,45,593,692.8746702736041,790.3864490528429,9.77136677757192,2.0,1.0
45.0,45,594,533.1771121509632,898.300315294937,9.771366777571922,2.0,1.0
45.0,45,598,612.3015521011314,446.2203413630233,11.185422719499032,3.0,1.0
45.0,45,599,1074.324505793255,159.44483524892118,7.755538950942392,1.0,1.0
45.0,45,600,542.3013440796786,529.4868323689491,11.185422719499034,3.0,1.0
45.0,45,602,168.22725917361564,314.3816091077121,7.755538950942392,1.0,0.9999999999999999
45.0,45,605,797.9585117305267,36.50274054333915,13.261785059625714,5.0,1.0
45.0,45,606,1208.5780767119752,640.7938614713361,7.755538950942392,1.0,1.0
45.0,45,607,1171.5045276104051,178.28120251982804,12.311150689306297,4.0,1.0
45.0,45,608,937.5786727644626,694.04081169063,7.755538950942392,1.0,1.0
45.0,45,609,998.868468814881,855.851144717259,7.755538950942392,1.0,1.0
45.0,45,611,959.4944041459819,445.0342174623145,9.77136677757192,2.0,1.0
45.0,45,612,355.9519924685686,305.3739372593048,13.261785059625709,5.0,1.0
45.0,45,613,1260.2603331017624,720.783526623066,7.755538950942392,1.0,1.0
45.0,45,614,397.2638562738957,757.8652850239201,11.185422719499032,3.0,1.0
45.0,45,619,627.642345151408,239.44184429414258,7.755538950942392,1.0,1.0
45.0,45,620,1167.9450367202744,777.5886594662906,9.77136677757192,2.0,1.0
45.0,45,621,179.9273928045066,53.54349182912806,7.755538950942392,1.0,1.0
45.0,45,622,269.96536273021064,44.04823674333374,7.755538950942392,1.0,0.9999999999999999
45.0,45,625,586.1803916358191,736.8905761207116,7.755538950942392,1.0,1.0
45.0,45,626,888.0061305270551,174.8634087242624,7.755538950942392,1.0,1.0
45.0,45,627,1253.0569898153256,19.73303883996205,12.311150689306299,4.0,1.0
45.0,45,629,799.4393617696768,883.2304389960352,11.185422719499032,3.0,1.0
45.0,45,632,400.44004601186737,695.7460815121327,9.771366777571922,2.0,0.9999999999999999
45.0,45,633,1114.2119908176494,86.25753166143846,9.77136677757192,2.0,1.0
45.0,45,634,993.3332088787427,330.7683732756649,7.755538950942392,1.0,0.9999999999999999
45.0,45,636,677.5962842128558,930.7022680102443,9.771366777571922,2.0,1.0
45.0,45,638,76.54929210209687,225.8752450431359,7.755538950942392,1.0,0.9999999999999999
45.0,45,640,35.77990125286724,452.03330415892975,7.755538950942392,1.0,1.0
45.0,45,641,168.83518671477867,924.9321796748463,7.755538950942392,1.0,1.0
45.0,45,642,289.53905317162673,309.65598705194645,7.755538950942392,1.0,0.9999999999999999
45.0,45,644,24.90877445634088,32.958683660423695,9.77136677757192,2.0,1.0
45.0,45,645,1262.7952541871114,69.50417642970773,7.755538950942392,1.0,1.0
45.0,45,646,376.6031177620474,883.4784526309395,11.185422719499032,3.0,1.0
45.0,45,647,175.19773712381826,291.39389377659876,9.771366777571922,2.0,1.0
45.0,45,649,1130.2802899390958,117.37594848867829,7.755538950942392,1.0,1.0
45.0,45,651,281.6418741645341,920.5577079576508,7.755538950942392,1.0,1.0
45.0,45,654,1285.3669767364631,128.88162122627338,9.77136677757192,2.0,1.0
45.0,45,655,579.6213438932763,702.9575180327138,7.755538950942392,1.0,1.0
45.0,45,658,576.3323767068925,345.23363039639435,14.092749536269185,6.0,1.0
45.0,45,659,1297.5672481315237,973.2197321602384,7.755538950942392,1.0,1.0
45.0,45,662,1135.270015322038,962.44854365309,7.755538950942392,1.0,1.0
45.0,45,665,1035.5092961647047,117.17634321188774,11.185422719499032,3.0,1.0
45.0,45,666,1234.4786845969675,1002.1488346925254,12.311150689306299,4.0,1.0
45.0,45,667,195.35274272171353,84.33935621104766,7.755538950942392,1.0,1.0
45.0,45,668,236.71714134011208,952.0269015012616,7.755538950942392,1.0,1.0
45.0,45,670,450.3409987546139,236.36643798802285,9.771366777571922,2.0,1.0
45.0,45,671,1027.4288623195246,85.80684379182901,7.755538950942392,1.0,0.9999999999999999
45.0,45,672,805.9790478583196,974.1348696552743,7.755538950942392,1.0,1.0
45.0,45,674,1052.8151343553366,635.133117623957,7.755538950942392,1.0,1.0
45.0,45,675,397.4821488699015,503.30162980205085,7.755538950942392,1.0,0.9999999999999999
45.0,45,676,1286.0039045159283,868.3873684852332,9.77136677757192,2.0,1.0
45.0,45,678,125.10176047351803,242.24694258237955,7.755538950942392,1.0,0.9999999999999999
45.0,45,680,863.8581594059364,609.6129401580795,7.755538950942392,1.0,1.0
45.0,45,682,1216.0380005097672,80.91633812712338,7.755538950942392,1.0,1.0
45.0,45,684,1309.9460376852608,932.8271427701882,9.77136677757192,2.0,1.0
45.0,45,686,891.5146042151263,312.62654212965714,7.755538950942392,1.0,1.0
45.0,45,687,1209.5560172718272,286.55987941512257,11.185422719499032,3.0,0.9999999999999999
45.0,45,688,241.73466317128765,494.7675631208112,7.755538950942392,1.0,1.0
45.0,45,689,436.74393937301363,618.5823789241797,7.755538950942392,1.0,1.0
45.0,45,692,728.7377809826356,294.13536608701645,7.755538950942392,1.0,1.0
45.0,45,694,1106.5473606060432,884.6295988864237,7.755538950942392,1.0,1.0
45.0,45,698,670.7335019562425,99.65874761674894,7.755538950942392,1.0,1.0
45.0,45,700,447.1943222410354,506.68697225111214,11.185422719499032,3.0,1.0
45.0,45,702,698.6556588065081,27.417718890253855,7.755538950942392,1.0,1.0
45.0,45,704,139.30916636243725,265.46903143096284,7.755538950942392,1.0,0.9999999999999999
45.0,45,705,407.7140907517985,410.84989195103407,7.755538950942392,1.0,1.0
45.0,45,706,303.7809542657839,202.2413328665652,9.77136677757192,2.0,0.9999999999999999
45.0,45,707,247.36879149558888,254.73761860260325,11.185422719499032,3.0,0.9999999999999999
45.0,45,710,816.5054677532298,671.5349352273771,7.755538950942392,1.0,1.0
45.0,45,716,1323.6685793735749,673.5436396183966,9.77136677757192,2.0,0.9999999999999999
45.0,45,717,527.8720350986425,654.923316056092,13.26178505962571,5.0,1.0
45.0,45,718,434.03044558493116,159.9981168420339,7.755538950942392,1.0,1.0
45.0,45,720,637.2086208888271,827.9658803055557,9.77136677757192,2.0,1.0
45.0,45,722,1002.6968328534278,781.4103259499706,11.185422719499032,3.0,1.0
45.0,45,723,423.2216164349892,595.5593395525377,9.771366777571922,2.0,1.0
45.0,45,724,896.5538130001652,623.3710547982262,7.755538950942392,1.0,1.0
45.0,45,726,1269.841978510929,47.893068331872804,9.771366777571922,2.0,1.0
45.0,45,728,1032.5028664427462,391.6162749492843,7.755538950942392,1.0,1.0
45.0,45,729,562.3096006229641,103.66149820769321,7.755538950942392,1.0,1.0
45.0,45,730,690.1683531685994,457.9886939806021,9.77136677757192,2.0,1.0
45.0,45,732,512.8087722748138,157.35026858767665,11.185422719499032,3.0,1.0
45.0,45,733,248.40304198735865,279.3588494582189,11.185422719499034,3.0,1.0
45.0,45,734,1338.1032643431622,25.141157713028612,7.755538950942392,1.0,1.0
45.0,45,735,723.3789311966183,6.7342862329245134,7.755538950942392,1.0,1.0
45.0,45,737,1108.5287825054422,480.34548502537916,11.185422719499032,3.0,1.0
45.0,45,740,1239.5304272890785,965.3272581887843,7.755538950942392,1.0,1.0
45.0,45,743,735.3189665194503,181.51248418063764,9.77136677757192,2.0,1.0
45.0,45,744,443.8647992949083,590.6445065474362,7.755538950942392,1.0,1.0
45.0,45,745,1082.1371499113507,491.6425035776674,7.755538950942392,1.0,1.0
45.0,45,746,1275.3301294236687,381.3601375554665,9.77136677757192,2.0,1.0
45.0,45,747,625.4594655327074,737.6004149458513,7.755538950942392,1.0,1.0
45.0,45,748,1225.082309369044,333.7193083131737,7.755538950942392,1.0,0.9999999999999999
45.0,45,750,792.105925790965,249.47272323503518,9.77136677757192,2.0,1.0
45.0,45,752,1307.4883882267352,689.7454707020232,7.755538950942392,1.0,1.0
45.0,45,753,646.7096740970134,479.3179587883989,9.771366777571922,2.0,1.0
45.0,45,754,551.9400623040077,734.3177507980076,7.755538950942392,1.0,1.0
45.0,45,755,942.9151122656507,134.22123274730583,7.755538950942392,1.0,1.0
45.0,45,757,774.6925888640119,480.5636874618135,9.77136677757192,2.0,1.0
45.0,45,758,646.0715138303427,409.0302588781819,9.77136677757192,2.0,1.0
45.0,45,759,56.40787308268563,622.2686783988329,11.185422719499032,3.0,1.0
45.0,45,760,162.74228823234716,1011.6301307187713,9.77136677757192,2.0,1.0
45.0,45,762,993.1201617874315,52.23854667156508,11.185422719499032,3.0,1.0
45.0,45,764,223.4417293976557,657.1698633105527,7.755538950942392,1.0,1.0
45.0,45,765,720.9329115455687,472.64193447969126,11.185422719499034,3.0,0.9999999999999999
45.0,45,766,361.12048952103123,10.43277342747023,9.77136677757192,2.0,1.0
45.0,45,767,348.81621716842426,598.2061730833414,7.755538950942392,1.0,1.0
45.0,45,768,718.6410515651862,639.4291711617856,12.311150689306299,4.0,1.0
45.0,45,769,4.9121049740827445,686.4881232386377,12.311150689306299,4.0,1.0
45.0,45,772,1029.6530173069941,916.2099295562213,7.755538950942392,1.0,1.0
45.0,45,773,931.234484597624,657.585132301396,7.755538950942392,1.0,1.0
45.0,45,774,75.01118662076769,850.2717209385486,11.185422719499034,3.0,0.9999999999999999
45.0,45,775,692.8329260110335,865.3082736999794,7.755538950942392,1.0,1.0
45.0,45,776,1087.9014580989854,143.88127062950176,7.755538950942392,1.0,1.0
45.0,45,777,389.5378941338418,323.08217596898555,7.755538950942392,1.0,1.0
45.0,45,779,495.09789144487905,111.99002979203686,7.755538950942392,1.0,1.0
45.0,45,780,240.7790536874837,676.6075629628265,7.755538950942392,1.0,1.0
45.0,45,781,422.0362277399121,194.76524832252062,7.755538950942392,1.0,1.0
45.0,45,782,146.02572164393672,566.8137541951756,11.185422719499032,3.0,1.0
45.0,45,783,173.7555398359973,701.8907959477561,13.26178505962571,5.0,1.0
45.0,45,786,482.8494935348503,841.672311447461,7.755538950942392,1.0,1.0
45.0,45,787,737.8398182712772,855.5589204531848,11.185422719499032,3.0,1.0
45.0,45,788,1119.3813454898386,403.3082364729389,7.755538950942392,1.0,0.9999999999999999
45.0,45,789,392.15152498012384,972.1323329104871,11.185422719499034,3.0,1.0
45.0,45,790,711.0617339932584,920.2935093636484,9.77136677757192,2.0,1.0
45.0,45,791,926.4105450811071,966.7995079455179,11.185422719499032,3.0,0.9999999999999999
45.0,45,792,556.0147973487498,773.9177151805611,14.09274953626919,6.0,0.9999999999999999
45.0,45,795,242.34196445562395,843.6243398138328,11.185422719499032,3.0,1.0
45.0,45,796,233.31452566047986,319.1099993699551,7.755538950942392,1.0,1.0
45.0,45,798,1013.7600346362982,468.7517743118456,7.755538950942392,1.0,1.0
45.0,45,799,26.022916005655436,200.79360398062735,7.755538950942392,1.0,1.0
45.0,45,800,338.9917122102506,724.6464700203194,9.77136677757192,2.0,1.0
45.0,45,801,1242.0987579892276,92.73751218985198,7.755538950942392,1.0,1.0
45.0,45,805,714.3402483744823,977.8699942622646,9.77136677757192,2.0,0.9999999999999999
45.0,45,806,381.24699694485446,675.7183528148436,7.755538950942392,1.0,1.0
45.0,45,809,1191.7944630857,471.3156124580284,9.77136677757192,2.0,1.0
45.0,45,810,1052.117620614752,145.61600988160959,9.77136677757192,2.0,1.0
45.0,45,811,821.4360038686588,544.0083972041164,9.77136677757192,2.0,1.0
45.0,45,812,50.4899524974902,410.9960177885226,7.755538950942392,1.0,1.0
45.0,45,815,475.70955551792946,574.80494758079,9.77136677757192,2.0,1.0
45.0,45,817,1189.8879792475,732.4124544866896,9.77136677757192,2.0,1.0
45.0,45,818,270.06588806171726,1009.6098001954765,7.755538950942392,1.0,1.0
45.0,45,819,1029.933235630812,941.9267451752889,7.755538950942392,1.0,0.9999999999999999
45.0,45,820,1107.0608313919843,595.4477258254776,7.755538950942392,1.0,1.0
45.0,45,821,1314.532207081509,38.754153453594185,13.261785059625714,5.0,1.0
45.0,45,823,479.4622160815538,691.929205679658,7.755538950942392,1.0,1.0
45.0,45,824,554.6067919109149,168.04103103849323,7.755538950942392,1.0,0.9999999999999999
45.0,45,826,981.8725848051483,832.3172040420012,7.755538950942392,1.0,1.0
45.0,45,827,895.3727694541085,7.679085082707682,7.755538950942392,1.0,1.0
45.0,45,828,151.1225457725682,822.7457743807578,9.77136677757192,2.0,1.0
45.0,45,829,772.2783512197238,145.58108919131277,9.77136677757192,2.0,1.0
45.0,45,830,440.2797144137671,754.7303421972673,9.771366777571922,2.0,0.9999999999999999
45.0,45,831,831.8571899017659,613.8239227095153,7.755538950942392,1.0,1.0
45.0,45,832,1046.5934097050608,468.1909316697342,9.77136677757192,2.0,1.0
45.0,45,833,464.7965465636032,315.8129678658084,11.185422719499034,3.0,1.0
45.0,45,837,940.5967065601411,628.9406811240725,11.185422719499034,3.0,0.9999999999999999
45.0,45,838,311.0825580513882,305.8118513986168,7.755538950942392,1.0,1.0
45.0,45,839,963.9805906596799,100.48038586511746,7.755538950942392,1.0,1.0
45.0,45,840,746.8853228385524,681.8253699457398,7.755538950942392,1.0,1.0
45.0,45,841,893.1778412436369,580.0237699359157,11.185422719499032,3.0,0.9999999999999999
45.0,45,842,42.93909127351987,508.8041278362597,7.755538950942392,1.0,1.0
45.0,45,843,938.1557292377429,904.6917764256219,7.755538950942392,1.0,0.9999999999999999
45.0,45,845,1341.9358616770348,624.9933764297048,7.755538950942392,1.0,1.0
45.0,45,846,685.6475763658725,435.8245800281354,9.77136677757192,2.0,0.9999999999999999
45.0,45,848,585.045481205976,632.3757352869618,12.311150689306297,4.0,1.0
45.0,45,851,1319.9285024466642,644.1698749421744,9.77136677757192,2.0,1.0
45.0,45,853,473.3751668944331,796.664001012388,9.77136677757192,2.0,1.0
45.0,45,855,598.6320674703696,587.2966236405556,7.755538950942392,1.0,0.9999999999999999
45.0,45,857,750.2527255007021,898.0906907821834,9.771366777571922,2.0,1.0
45.0,45,859,898.5954250423878,768.6689963574989,9.771366777571922,2.0,0.9999999999999999
45.0,45,860,9.035919169193653,264.690917426495,9.771366777571922,2.0,0.9999999999999999
45.0,45,861,998.1164489235898,75.87164294788334,7.755538950942392,1.0,0.9999999999999999
45.0,45,862,301.0164844277723,576.4997620140344,7.755538950942392,1.0,1.0
45.0,45,863,711.6922809319055,664.5848109451448,7.755538950942392,1.0,0.9999999999999999
45.0,45,865,839.7978151351329,113.8140204404091,7.755538950942392,1.0,1.0
45.0,45,866,930.656811173145,26.144160016675475,9.77136677757192,2.0,1.0
45.0,45,868,1296.082003759016,796.0568202024388,12.311150689306299,4.0,1.0
45.0,45,869,1320.109661996912,114.34052440819187,9.77136677757192,2.0,1.0
45.0,45,870,235.73871696632716,185.85312237964743,7.755538950942392,1.0,1.0
45.0,45,871,716.6413198539091,748.9975407379752,12.311150689306299,4.0,1.0
45.0,45,872,1028.044267721614,434.9037218177234,7.755538950942392,1.0,1.0
45.0,45,873,66.2164162483323,381.4995574682387,7.755538950942392,1.0,1.0
45.0,45,877,171.5191714000489,432.51881753153407,7.755538950942392,1.0,1.0
45.0,45,879,706.1298124298081,338.198576023116,7.755538950942392,1.0,1.0
45.0,45,881,1109.163199083633,113.05185462673295,7.755538950942392,1.0,0.9999999999999999
45.0,45,882,285.6115886217342,638.4682998599277,7.755538950942392,1.0,1.0
45.0,45,883,11.449892787170276,144.92737843272639,9.77136677757192,2.0,0.9999999999999999
45.0,45,884,655.8609248250136,339.82439090911555,9.77136677757192,2.0,1.0
45.0,45,886,70.27576085602968,641.0147948684835,7.755538950942392,1.0,1.0
45.0,45,887,456.40914408592135,258.3533952374754,9.771366777571922,2.0,1.0
45.0,45,890,1269.369733502283,256.48072740445855,11.185422719499032,3.0,1.0
45.0,45,892,341.03518972571703,46.858731832981334,7.755538950942392,1.0,1.0
45.0,45,894,1189.030706725559,5.774715028268922,9.771366777571922,2.0,1.0
45.0,45,896,235.44636169026737,925.0112604382565,7.755538950942392,1.0,0.9999999999999999
45.0,45,897,735.2221475646809,585.4701099667931,9.77136677757192,2.0,1.0
45.0,45,898,1081.771263758621,291.040186350136,9.77136677757192,2.0,0.9999999999999999
45.0,45,899,1200.1531004588776,818.2741510172474,9.77136677757192,2.0,1.0
45.0,45,901,1050.016158673207,6.287759756505503,11.185422719499032,3.0,1.0
45.0,45,903,286.7143094281661,383.073828068066,12.311150689306297,4.0,0.9999999999999999
45.0,45,905,711.7843342124561,873.0266112567631,9.77136677757192,2.0,1.0
45.0,45,907,1154.4784547219006,922.6594285546015,7.755538950942392,1.0,1.0
45.0,45,910,1271.4662272669825,789.4080213813573,9.77136677757192,2.0,1.0
45.0,45,911,325.4729537510291,89.84797315413279,7.755538950942392,1.0,0.9999999999999999
45.0,45,912,433.86463556158014,894.5007460529152,7.755538950942392,1.0,0.9999999999999999
45.0,45,913,315.06489691161994,743.3047410059104,7.755538950942392,1.0,1.0
45.0,45,914,874.228541551674,382.23281614206167,11.185422719499034,3.0,1.0
45.0,45,915,40.82634126959638,60.63764951476959,7.755538950942392,1.0,1.0
45.0,45,916,835.7888003460204,310.03788448965605,7.755538950942392,1.0,1.0
45.0,45,921,1230.3005750906846,478.0578905505063,7.755538950942392,1.0,1.0
45.0,45,923,1192.408832640614,270.75356296128183,7.755538950942392,1.0,0.9999999999999999
45.0,45,924,648.256810551692,1021.1117465562963,9.77136677757192,2.0,1.0
45.0,45,925,894.006172558704,358.41526094930157,11.185422719499034,3.0,1.0
45.0,45,926,229.6308460775918,89.3570793709249,11.185422719499032,3.0,1.0
45.0,45,927,1264.3574275676644,96.67789303740331,11.185422719499032,3.0,1.0
45.0,45,928,524.7940571754079,954.291962348942,7.755538950942392,1.0,1.0
45.0,45,930,809.4392817035035,568.5792758003798,11.185422719499032,3.0,1.0
45.0,45,932,1281.079236911296,545.4790677800816,11.185422719499032,3.0,0.9999999999999999
45.0,45,933,1021.3479350394242,199.98814958944715,7.755538950942392,1.0,1.0
45.0,45,934,322.0293758649403,13.940049944328585,13.261785059625714,5.0,1.0
45.0,45,935,294.677044972722,798.1924185409133,7.755538950942392,1.0,0.9999999999999999
45.0,45,936,525.4920948875941,404.3386276848098,9.77136677757192,2.0,0.9999999999999999
45.0,45,937,925.3345636555952,993.1113136452219,9.77136677757192,2.0,1.0
45.0,45,939,1167.840341549687,129.37493642424445,9.77136677757192,2.0,1.0
45.0,45,941,52.91477313130175,951.0688827760233,11.185422719499032,3.0,0.9999999999999999
45.0,45,947,413.46017967989104,76.34726281152167,7.755538950942392,1.0,1.0
45.0,45,949,1216.712583974228,29.722225922339543,11.185422719499032,3.0,1.0
45.0,45,950,370.9138352480537,635.4310004921889,7.755538950942392,1.0,1.0
45.0,45,951,100.15905685640195,321.39543287232414,11.185422719499032,3.0,1.0
45.0,45,952,184.77717179328482,174.58201392986274,7.755538950942392,1.0,1.0
45.0,45,953,586.5656426060383,144.7459584112686,9.77136677757192,2.0,1.0
45.0,45,954,1307.7123394233129,201.69869709548752,7.755538950942392,1.0,1.0
45.0,45,955,467.7695510193332,421.60099595142015,9.77136677757192,2.0,1.0
45.0,45,956,1067.922159936052,614.3689208473553,9.77136677757192,2.0,1.0
45.0,45,957,266.6233010702825,542.2069130874008,12.311150689306297,4.0,1.0
45.0,45,959,190.19000690442985,904.749662961029,9.77136677757192,2.0,1.0
45.0,45,961,282.9602844040041,180.42177275165676,9.77136677757192,2.0,1.0
45.0,45,962,1308.1159686878186,847.5657200578592,12.311150689306299,4.0,1.0
45.0,45,963,391.7326760976541,195.16806556235696,9.77136677757192,2.0,1.0
45.0,45,965,865.3186263897312,478.0533843598861,7.755538950942392,1.0,1.0
45.0,45,969,434.2370253317905,463.3904637967441,9.77136677757192,2.0,1.0
45.0,45,971,1166.4988265420607,822.5800317965803,7.755538950942392,1.0,1.0
45.0,45,972,497.61295350450797,604.9858976918229,11.185422719499032,3.0,0.9999999999999999
45.0,45,975,32.5614336744852,718.1799197569101,7.755538950942392,1.0,0.9999999999999999
45.0,45,977,1033.3726451263294,158.53746529202812,7.755538950942392,1.0,0.9999999999999999
45.0,45,980,336.2640811371427,750.0403002567085,7.755538950942392,1.0,0.9999999999999999
45.0,45,981,995.3083554093232,406.3882632016428,7.755538950942392,1.0,1.0
45.0,45,983,924.0025505551347,536.5837967054221,7.755538950942392,1.0,0.9999999999999999
45.0,45,985,1251.483721765301,924.9281843955596,11.185422719499032,3.0,1.0
45.0,45,986,1147.0765766463162,785.48280785789,9.77136677757192,2.0,1.0
45.0,45,987,1168.3977933951562,871.5837207770354,7.755538950942392,1.0,1.0
45.0,45,988,1134.2000671699302,610.1029360950249,7.755538950942392,1.0,1.0
45.0,45,989,541.5414698685826,936.2779249339494,9.77136677757192,2.0,0.9999999999999999
45.0,45,991,1190.37773434681,848.8031254973001,7.755538950942392,1.0,0.9999999999999999
45.0,45,995,29.338973698818013,4.8373257073299065,11.185422719499032,3.0,1.0
45.0,45,996,268.03759232803856,860.4218036737635,9.77136677757192,2.0,0.9999999999999999
45.0,45,998,5.851424050938481,975.649327285682,7.755538950942392,1.0,1.0
45.0,45,999,1063.1613495481804,432.6141193531169,7.755538950942392,1.0,0.9999999999999999
45.0,45,1000,163.86262823356864,871.6903993303762,9.77136677757192,2.0,0.9999999999999999
46.0,46,1,108.83413015722105,936.0298321400346,7.755538950942392,1.0,0.9999999999999999
46.0,46,3,950.5809147307547,309.5465060126608,13.261785059625714,5.0,1.0
46.0,46,6,454.0227042556373,94.75942589015504,7.755538950942392,1.0,1.0
46.0,46,8,358.1738962586859,213.2674449353848,16.132171110904203,9.0,0.9999999999999999
46.0,46,9,1075.4989244797134,402.82647072517904,7.755538950942392,1.0,1.0
46.0,46,10,1152.55281172665,301.3135326704157,7.755538950942392,1.0,0.9999999999999999
46.0,46,11,855.8090599542988,939.0950552437704,9.77136677757192,2.0,1.0
46.0,46,14,1224.6243423452115,405.27872485861195,7.755538950942392,1.0,1.0
46.0,46,15,1005.9318166062392,307.80975696035676,7.755538950942392,1.0,1.0
46.0,46,17,189.8753685542772,264.01189899496114,7.755538950942392,1.0,0.9999999999999999
46.0,46,18,650.7349608256849,644.9449047261782,7.755538950942392,1.0,1.0
46.0,46,19,487.0611372062973,810.6399835250523,7.755538950942392,1.0,1.0
46.0,46,20,342.84000432630467,957.7185954324597,7.755538950942392,1.0,1.0
46.0,46,21,261.61810560126384,82.26416898604688,7.755538950942392,1.0,1.0
46.0,46,22,140.92007162571107,462.9852181852504,9.77136677757192,2.0,1.0
46.0,46,23,10.564115524431328,820.9121000167754,9.77136677757192,2.0,1.0
46.0,46,27,519.5619838581458,541.3982817844126,7.755538950942392,1.0,1.0
46.0,46,28,906.8298052186043,904.3563238577004,7.755538950942392,1.0,1.0
46.0,46,29,1112.6240994656534,1021.9258295207785,11.185422719499032,3.0,0.9999999999999999
46.0,46,31,967.237497875144,141.2530189290906,7.755538950942392,1.0,1.0
46.0,46,35,195.9284689573147,750.5350951009651,7.755538950942392,1.0,1.0
46.0,46,36,867.7349062023119,54.32402567415185,7.755538950942392,1.0,1.0
46.0,46,37,864.8301586179239,915.1792296379277,7.755538950942392,1.0,1.0
46.0,46,38,962.6068611649316,722.656574426062,7.755538950942392,1.0,0.9999999999999999
46.0,46,39,1325.2020876394984,1001.0812036514006,7.755538950942392,1.0,1.0
46.0,46,40,959.7884249272394,932.6640871993598,9.77136677757192,2.0,0.9999999999999999
46.0,46,41,430.28189785539473,280.95663751434455,9.77136677757192,2.0,0.9999999999999999
46.0,46,43,784.3374385457279,822.7393757179236,7.755538950942392,1.0,1.0
46.0,46,44,744.9222302355158,64.78127571480772,11.185422719499032,3.0,1.0
46.0,46,45,888.1767239210202,950.5028864367246,7.755538950942392,1.0,0.9999999999999999
46.0,46,46,1146.0366770045198,357.02035166906046,7.755538950942392,1.0,0.9999999999999999
46.0,46,51,1327.166480903104,232.87558676846422,9.77136677757192,2.0,1.0
46.0,46,53,136.43366030640186,113.24222367233915,7.755538950942392,1.0,1.0
46.0,46,55,1250.7312220862145,613.4847416534292,7.755538950942392,1.0,1.0
46.0,46,57,1060.3735660605835,731.0078636331158,12.311150689306295,4.0,1.0
46.0,46,59,41.033108385226086,149.58641758396914,7.755538950942392,1.0,0.9999999999999999
46.0,46,60,48.945917031501736,230.1842035869174,9.77136677757192,2.0,1.0
46.0,46,61,882.9967918140599,989.9311452018733,9.771366777571922,2.0,1.0
46.0,46,62,577.2948643939709,1024.0626051311028,7.755538950942392,1.0,1.0
46.0,46,63,1136.8225869238202,628.8156133602723,7.755538950942392,1.0,1.0
46.0,46,65,701.1331287718345,831.6244560483601,7.755538950942392,1.0,1.0
46.0,46,66,964.3285464028169,1016.0920012971792,9.771366777571922,2.0,1.0
46.0,46,67,1075.0195869803347,250.33149881457985,13.261785059625712,5.0,1.0
46.0,46,68,1241.717971959569,654.4550324213787,7.755538950942392,1.0,1.0
46.0,46,69,1155.768598420066,67.62563477613014,7.755538950942392,1.0,1.0
46.0,46,70,1149.8824383237813,482.4068963500938,7.755538950942392,1.0,1.0
46.0,46,71,775.312322672761,778.8455908085475,9.771366777571922,2.0,1.0
46.0,46,73,532.5136818299409,311.2811373979531,7.755538950942392,1.0,1.0
46.0,46,77,428.7397831168245,825.6897614650155,11.185422719499032,3.0,0.9999999999999999
46.0,46,78,1107.2399634763526,179.82375349523062,7.755538950942392,1.0,0.9999999999999999
46.0,46,79,826.0778052262795,237.4968990820579,9.77136677757192,2.0,1.0
46.0,46,80,1011.1179672866176,354.22937793094286,7.755538950942392,1.0,1.0
46.0,46,81,609.7419979627998,6.4766159055722685,9.77136677757192,2.0,1.0
46.0,46,83,1195.851940386395,416.287015772272,7.755538950942392,1.0,1.0
46.0,46,84,295.17764356376665,661.6444809471649,7.755538950942392,1.0,1.0
46.0,46,85,117.39536336641851,788.9610208769734,7.755538950942392,1.0,1.0
46.0,46,86,1027.931853010046,514.079033036274,9.77136677757192,2.0,1.0
46.0,46,87,710.8173400813021,119.45925689128164,7.755538950942392,1.0,1.0
46.0,46,88,74.25703751884778,506.77162846326075,7.755538950942392,1.0,1.0
46.0,46,90,803.6139291981311,413.733150891531,7.755538950942392,1.0,0.9999999999999999
46.0,46,91,53.5314437292886,21.483308377973184,7.755538950942392,1.0,0.9999999999999999
46.0,46,92,1097.57114979875,703.4410862059128,7.755538950942392,1.0,1.0
46.0,46,93,287.9403611341612,287.8547298692344,7.755538950942392,1.0,1.0
46.0,46,94,647.2507448269624,895.7440170115374,11.185422719499032,3.0,1.0
46.0,46,97,943.4265547647449,65.46836681838191,12.311150689306297,4.0,0.9999999999999999
46.0,46,100,360.6596922265388,814.0548972299206,7.755538950942392,1.0,1.0
46.0,46,101,19.269341174450183,615.5048218905289,7.755538950942392,1.0,1.0
46.0,46,103,215.66175658646367,20.1461005314642,7.755538950942392,1.0,1.0
46.0,46,104,376.116566743769,582.6827302329364,7.755538950942392,1.0,0.9999999999999999
46.0,46,107,441.90922754935633,139.15643252882472,7.755538950942392,1.0,0.9999999999999999
46.0,46,110,644.8321591170993,623.979302756576,7.755538950942392,1.0,1.0
46.0,46,114,296.07395187065913,360.6393887606115,9.77136677757192,2.0,1.0
46.0,46,116,1160.5364406039373,47.35748823899642,9.77136677757192,2.0,1.0
46.0,46,118,283.5756973766279,437.4200195592744,9.77136677757192,2.0,0.9999999999999999
46.0,46,119,1038.463152524891,558.9276662506824,11.185422719499032,3.0,1.0
46.0,46,120,116.51423513421815,262.3389380268484,7.755538950942392,1.0,1.0
46.0,46,121,105.80070532176674,216.8135504533557,9.77136677757192,2.0,1.0
46.0,46,122,843.571111478087,260.48221900974363,13.261785059625714,5.0,1.0
46.0,46,123,1293.8873936296557,584.5277597268522,11.185422719499034,3.0,1.0
46.0,46,125,423.73059109358746,1004.4570379965357,9.77136677757192,2.0,0.9999999999999999
46.0,46,126,1336.4137552008665,477.2101667957916,7.755538950942392,1.0,0.9999999999999999
46.0,46,127,841.6999657380569,563.978369992739,7.755538950942392,1.0,0.9999999999999999
46.0,46,129,781.2814772881613,673.7457702453399,7.755538950942392,1.0,1.0
46.0,46,130,1197.0806446699244,434.2635585903717,7.755538950942392,1.0,1.0
46.0,46,131,1241.1604659162788,306.8752789664414,7.755538950942392,1.0,1.0
46.0,46,132,1287.5734622027217,186.44213842052793,11.185422719499032,3.0,1.0
46.0,46,134,119.1611696099074,828.3647015455562,9.77136677757192,2.0,1.0
46.0,46,135,1010.0154456632163,594.4921617992899,7.755538950942392,1.0,0.9999999999999999
46.0,46,136,858.5700541478885,866.2992862540455,7.755538950942392,1.0,1.0
46.0,46,138,483.59927087345807,1024.8092316059058,7.755538950942392,1.0,1.0
46.0,46,140,386.39920372218285,651.9386857694283,7.755538950942392,1.0,1.0
46.0,46,142,1295.4690534419178,292.84618027467076,7.755538950942392,1.0,1.0
46.0,46,143,613.438069622768,112.8953758417722,13.261785059625712,5.0,1.0
46.0,46,144,1270.890305630571,970.6478599493039,9.77136677757192,2.0,1.0
46.0,46,145,109.82038251306902,870.0504438651542,9.77136677757192,2.0,1.0
46.0,46,146,1054.1979767405724,532.5014010842044,7.755538950942392,1.0,1.0
46.0,46,148,551.7612861805203,138.5275526819929,9.77136677757192,2.0,0.9999999999999999
46.0,46,149,176.78889886649537,984.6679457163561,7.755538950942392,1.0,1.0
46.0,46,150,710.1445339101888,390.7646840573576,12.311150689306299,4.0,0.9999999999999999
46.0,46,151,471.862095621917,667.4909782729226,7.755538950942392,1.0,1.0
46.0,46,152,1160.2211870317687,671.8963663304312,7.755538950942392,1.0,1.0
46.0,46,153,56.01844340472799,540.8100882102633,9.77136677757192,2.0,1.0
46.0,46,156,874.7744099042886,806.0997984094498,7.755538950942392,1.0,1.0
46.0,46,160,1050.029382657988,765.2409484715846,7.755538950942392,1.0,1.0
46.0,46,163,80.33502911606543,65.24758246551674,7.755538950942392,1.0,1.0
46.0,46,164,365.6706533926171,75.05057678060138,7.755538950942392,1.0,1.0
46.0,46,165,150.12975449852235,5.967817476149211,7.755538950942392,1.0,1.0
46.0,46,166,494.61218520707973,86.23921112782946,11.185422719499032,3.0,1.0
46.0,46,168,1296.3182348520288,818.1526138289569,7.755538950942392,1.0,1.0
46.0,46,170,979.1183432891563,689.671552014951,7.755538950942392,1.0,1.0
46.0,46,172,828.2265184142437,814.3945270104183,7.755538950942392,1.0,1.0
46.0,46,173,11.196234498575537,58.3236419108369,11.185422719499034,3.0,1.0
46.0,46,174,965.2312913674475,743.0079387252443,7.755538950942392,1.0,0.9999999999999999
46.0,46,175,1333.0716323776653,863.1547137843455,9.77136677757192,2.0,1.0
46.0,46,178,1222.5448947003335,544.7099509244912,7.755538950942392,1.0,0.9999999999999999
46.0,46,181,468.36772979358517,934.7922850896564,11.185422719499032,3.0,1.0
46.0,46,186,231.94225189434337,621.0301823137454,11.185422719499034,3.0,0.9999999999999999
46.0,46,187,615.8849863037947,900.0378170875038,7.755538950942392,1.0,1.0
46.0,46,188,595.4973379701252,277.15099181229937,9.771366777571922,2.0,1.0
46.0,46,189,819.239719786568,926.94320514928,7.755538950942392,1.0,1.0
46.0,46,190,1087.1738666049591,969.3419946285672,7.755538950942392,1.0,1.0
46.0,46,191,1078.3525156975202,751.2896221964886,9.77136677757192,2.0,1.0
46.0,46,193,351.3360373561836,95.31460922492245,7.755538950942392,1.0,1.0
46.0,46,198,205.89986929848706,625.3745719029463,7.755538950942392,1.0,0.9999999999999999
46.0,46,199,203.8423991030368,541.8813731835455,15.51107790188478,8.0,1.0
46.0,46,201,142.66838193135663,426.2050069443501,9.77136677757192,2.0,1.0
46.0,46,208,1037.4655233404549,279.45047843607637,9.77136677757192,2.0,0.9999999999999999
46.0,46,210,105.39713400196152,1023.7526941899175,11.185422719499034,3.0,1.0
46.0,46,213,488.45917482942104,741.2470542877588,7.755538950942392,1.0,1.0
46.0,46,214,34.322544757743,247.88445697482396,7.755538950942392,1.0,1.0
46.0,46,215,342.8862919915724,433.77954772209154,9.77136677757192,2.0,1.0
46.0,46,218,674.8032407408916,308.2715586712786,7.755538950942392,1.0,1.0
46.0,46,219,298.6089041601771,101.97108520024985,7.755538950942392,1.0,0.9999999999999999
46.0,46,220,311.4943257389779,922.4908132364972,11.185422719499032,3.0,1.0
46.0,46,221,108.35332372986981,171.4364160894303,11.185422719499032,3.0,1.0
46.0,46,224,561.9768975548515,249.5495732113611,7.755538950942392,1.0,1.0
46.0,46,228,889.9391815297932,35.07217398463464,7.755538950942392,1.0,1.0
46.0,46,230,1139.443065742881,724.6042099002108,7.755538950942392,1.0,1.0
46.0,46,231,733.3127979622868,313.73398470261975,7.755538950942392,1.0,1.0
46.0,46,232,502.8475055742523,229.79873886703723,7.755538950942392,1.0,1.0
46.0,46,238,911.2379543593139,860.2306968639241,7.755538950942392,1.0,1.0
46.0,46,239,1196.1991998839217,927.3084699812513,7.755538950942392,1.0,0.9999999999999999
46.0,46,241,1221.409696202941,522.7675856914332,11.185422719499032,3.0,1.0
46.0,46,242,736.0941215927919,24.678537197431098,7.755538950942392,1.0,1.0
46.0,46,243,71.87471019503558,687.1792970152695,7.755538950942392,1.0,1.0
46.0,46,245,746.5513481184848,779.9502288490207,7.755538950942392,1.0,0.9999999999999999
46.0,46,247,383.3484584326983,212.28658596663243,7.755538950942392,1.0,1.0
46.0,46,248,457.72670033647205,178.8039506516173,9.77136677757192,2.0,0.9999999999999999
46.0,46,250,513.1049848392926,802.5923950706001,7.755538950942392,1.0,0.9999999999999999
46.0,46,251,736.6144061425283,796.3251033292357,7.755538950942392,1.0,0.9999999999999999
46.0,46,255,1332.4619489603012,822.7888083592188,9.77136677757192,2.0,1.0
46.0,46,256,927.3993469071162,732.467272545123,7.755538950942392,1.0,1.0
46.0,46,257,613.3786127350155,33.650049573476394,7.755538950942392,1.0,1.0
46.0,46,259,743.0777709357903,152.87356944150875,11.185422719499032,3.0,1.0
46.0,46,260,1097.0137468023227,814.356494587951,7.755538950942392,1.0,1.0
46.0,46,261,254.57443891427022,427.94149359195495,7.755538950942392,1.0,0.9999999999999999
46.0,46,262,843.9566421714646,990.9082558996413,9.77136677757192,2.0,0.9999999999999999
46.0,46,263,96.08777230927925,144.48265963691088,9.77136677757192,2.0,1.0
46.0,46,264,933.310635742753,813.1768617799368,7.755538950942392,1.0,0.9999999999999999
46.0,46,265,2.251106659895577,435.6701018148188,7.755538950942392,1.0,1.0
46.0,46,268,1018.2388420027123,225.2454668142388,7.755538950942392,1.0,1.0
46.0,46,269,118.46624427455471,378.19598797999214,9.771366777571922,2.0,0.9999999999999999
46.0,46,270,337.4642473125486,402.58174940388875,9.771366777571922,2.0,1.0
46.0,46,272,229.8777533829101,296.43544525299956,7.755538950942392,1.0,1.0
46.0,46,273,620.0204209052629,581.1283237914305,7.755538950942392,1.0,0.9999999999999999
46.0,46,274,791.994435514188,854.1588195667714,7.755538950942392,1.0,1.0
46.0,46,275,1172.7331046303375,380.77946509872015,7.755538950942392,1.0,1.0
46.0,46,276,1098.3118222771304,524.3057475390551,7.755538950942392,1.0,1.0
46.0,46,277,266.6765371782793,363.63283371486193,7.755538950942392,1.0,1.0
46.0,46,278,1253.3154610192598,358.72198262308893,11.185422719499032,3.0,0.9999999999999999
46.0,46,279,129.17397273233433,629.648341919565,11.185422719499032,3.0,0.9999999999999999
46.0,46,280,355.0534718681492,973.0948492809254,7.755538950942392,1.0,1.0
46.0,46,281,1190.526083501632,551.1410213015846,11.185422719499032,3.0,0.9999999999999999
46.0,46,283,677.9769811195923,597.8296093135966,9.77136677757192,2.0,1.0
46.0,46,284,76.97795024584877,804.116298853021,7.755538950942392,1.0,1.0
46.0,46,285,851.9439375401593,640.408255231561,7.755538950942392,1.0,1.0
46.0,46,286,1141.1494978879955,261.02002600365716,7.755538950942392,1.0,1.0
46.0,46,287,93.30412850525963,706.7897354316468,7.755538950942392,1.0,1.0
46.0,46,289,1242.4536127933732,812.8621190550007,12.311150689306299,4.0,1.0
46.0,46,290,239.22637090936078,694.4213737190889,7.755538950942392,1.0,1.0
46.0,46,291,496.68590012522367,356.0145062785475,7.755538950942392,1.0,0.9999999999999999
46.0,46,294,624.5746279388053,424.5188650210581,7.755538950942392,1.0,1.0
46.0,46,295,50.56297528861816,750.5528616098834,12.311150689306297,4.0,1.0
46.0,46,300,343.596715931258,661.6502144901038,9.77136677757192,2.0,1.0
46.0,46,301,1109.7318348068088,36.70762086131551,9.77136677757192,2.0,1.0
46.0,46,302,642.8690132986925,991.747715299957,7.755538950942392,1.0,1.0
46.0,46,304,719.7229695652487,413.6918796090125,7.755538950942392,1.0,0.9999999999999999
46.0,46,306,152.9290382275693,588.3228894008191,7.755538950942392,1.0,1.0
46.0,46,307,976.2897788958047,487.22994602444936,11.185422719499032,3.0,1.0
46.0,46,309,821.8044546570738,197.99482127915007,7.755538950942392,1.0,1.0
46.0,46,311,695.4530128926302,574.2649547835867,9.77136677757192,2.0,1.0
46.0,46,314,171.86473465754176,146.2520039500318,7.755538950942392,1.0,1.0
46.0,46,318,1216.0210205345013,602.7195213263503,11.185422719499032,3.0,1.0
46.0,46,319,106.76344495184446,994.7091049559244,9.77136677757192,2.0,1.0
46.0,46,320,1246.5346611462332,123.16292560985545,9.77136677757192,2.0,1.0
46.0,46,322,861.6590793346815,965.0572891817915,9.77136677757192,2.0,1.0
46.0,46,323,70.97773557452578,428.88178758677304,9.77136677757192,2.0,1.0
46.0,46,325,199.7329317024303,933.5963627549999,7.755538950942392,1.0,1.0
46.0,46,326,204.3261868312631,466.30288425175604,9.77136677757192,2.0,0.9999999999999999
46.0,46,327,914.642794994541,476.38764828827505,7.755538950942392,1.0,1.0
46.0,46,328,696.4334508403015,301.58765458017564,7.755538950942392,1.0,1.0
46.0,46,330,409.88179484814,866.1090211080028,9.77136677757192,2.0,1.0
46.0,46,331,126.69410589065726,715.6293626692527,13.261785059625714,5.0,1.0
46.0,46,333,632.2143186653313,30.100363532620175,7.755538950942392,1.0,1.0
46.0,46,334,1135.94993939054,833.4914704086924,7.755538950942392,1.0,1.0
46.0,46,337,591.183915649824,939.695751310475,9.77136677757192,2.0,1.0
46.0,46,339,814.7184573136185,92.19771556150863,7.755538950942392,1.0,1.0
46.0,46,340,891.8046726190083,665.2551035574497,7.755538950942392,1.0,1.0
46.0,46,341,984.3029079635916,608.8327710818738,12.311150689306297,4.0,0.9999999999999999
46.0,46,342,884.7252170104248,131.54412758138028,9.77136677757192,2.0,1.0
46.0,46,343,125.60513512097955,483.25829933310706,7.755538950942392,1.0,1.0
46.0,46,344,735.1179487931602,363.3589066646148,7.755538950942392,1.0,0.9999999999999999
46.0,46,346,1179.0648133810234,636.2647725569749,7.755538950942392,1.0,1.0
46.0,46,348,407.2862425382752,655.5473972644285,7.755538950942392,1.0,1.0
46.0,46,350,1259.026918451627,153.2425229280568,7.755538950942392,1.0,1.0
46.0,46,354,475.065898171507,233.01364026583846,7.755538950942392,1.0,1.0
46.0,46,355,94.54125032535227,491.6910723898534,7.755538950942392,1.0,1.0
46.0,46,356,687.2910466932767,1014.6636597904719,7.755538950942392,1.0,1.0
46.0,46,360,676.1702060413387,336.0258937589445,7.755538950942392,1.0,1.0
46.0,46,361,27.912786088813984,637.2959177719407,7.755538950942392,1.0,1.0
46.0,46,362,995.0220114346854,707.1017190153491,7.755538950942392,1.0,1.0
46.0,46,363,594.7135161279155,501.4597495761835,7.755538950942392,1.0,1.0
46.0,46,364,1330.5242443243778,420.7238140021623,7.755538950942392,1.0,1.0
46.0,46,365,117.66114264996655,74.28175956472957,7.755538950942392,1.0,1.0
46.0,46,366,846.2003906928362,162.81512744447036,7.755538950942392,1.0,1.0
46.0,46,367,1184.3779384344036,993.3402212327491,7.755538950942392,1.0,1.0
46.0,46,368,1325.2498076221273,159.5478974259153,12.311150689306297,4.0,0.9999999999999999
46.0,46,369,864.7102840887842,355.53690661839687,7.755538950942392,1.0,1.0
46.0,46,370,35.594223185963955,995.327603139727,7.755538950942392,1.0,1.0
46.0,46,371,580.5463589260064,416.2494838096369,7.755538950942392,1.0,1.0
46.0,46,373,873.1469276616075,201.34762751548803,7.755538950942392,1.0,1.0
46.0,46,374,862.5662839835866,79.14577882121512,9.77136677757192,2.0,0.9999999999999999
46.0,46,378,89.00149819356349,658.7075150602475,7.755538950942392,1.0,0.9999999999999999
46.0,46,380,850.1204610775546,11.719701913979582,7.755538950942392,1.0,1.0
46.0,46,381,819.4176302361011,334.84140413304345,9.77136677757192,2.0,1.0
46.0,46,382,1333.9218942690156,272.42549787395546,9.77136677757192,2.0,1.0
46.0,46,383,926.227626006296,502.7133470961469,9.771366777571922,2.0,0.9999999999999999
46.0,46,385,694.3350909527044,537.1484183722092,7.755538950942392,1.0,1.0
46.0,46,387,812.7702437985351,267.7672990347434,9.77136677757192,2.0,1.0
46.0,46,388,187.39356910597948,646.8318578135086,7.755538950942392,1.0,1.0
46.0,46,390,363.60462095649854,166.27050814715832,11.185422719499032,3.0,1.0
46.0,46,391,735.6881418617552,507.9758628723561,12.311150689306299,4.0,1.0
46.0,46,393,266.84446388828377,902.3207951538513,7.755538950942392,1.0,1.0
46.0,46,395,1289.4702392365027,158.62743229952926,7.755538950942392,1.0,0.9999999999999999
46.0,46,396,1045.785088138805,357.57076250364196,9.77136677757192,2.0,1.0
46.0,46,399,526.5465792234278,614.8468123538869,11.185422719499032,3.0,1.0
46.0,46,400,228.70461642269976,382.66040298349327,7.755538950942392,1.0,1.0
46.0,46,403,637.7240373769506,536.5537236847625,7.755538950942392,1.0,1.0
46.0,46,405,763.544655739662,370.4293286542964,12.311150689306297,4.0,1.0
46.0,46,406,260.7464762984564,794.1078367842683,14.092749536269183,6.0,1.0
46.0,46,409,577.3814013665152,868.1294263515732,11.185422719499032,3.0,1.0
46.0,46,410,565.4071021807475,537.8391693587276,7.755538950942392,1.0,1.0
46.0,46,412,747.7105365532695,656.2062982701087,9.77136677757192,2.0,0.9999999999999999
46.0,46,414,1212.3759513640678,493.670510739516,7.755538950942392,1.0,1.0
46.0,46,415,1139.7938389366282,698.7899128076322,7.755538950942392,1.0,1.0
46.0,46,416,392.9443542281164,734.7613104454239,7.755538950942392,1.0,1.0
46.0,46,417,905.2775389556933,519.3914551450908,9.77136677757192,2.0,1.0
46.0,46,418,531.529674055266,682.0474296442287,9.77136677757192,2.0,0.9999999999999999
46.0,46,419,334.3850061360578,900.2783075492662,9.771366777571922,2.0,1.0
46.0,46,420,688.8510778929012,974.6313879303106,7.755538950942392,1.0,1.0
46.0,46,421,978.2196628548672,353.4952066756624,7.755538950942392,1.0,1.0
46.0,46,422,160.53621186348724,655.1098445273076,7.755538950942392,1.0,1.0
46.0,46,426,1094.0732203520902,508.4950826113448,7.755538950942392,1.0,1.0
46.0,46,427,541.4792332320208,7.395749849467563,9.77136677757192,2.0,1.0
46.0,46,428,1060.8912780161324,203.303946675106,9.77136677757192,2.0,1.0
46.0,46,430,994.1530026373937,497.46336758580264,7.755538950942392,1.0,1.0
46.0,46,431,273.0540776998398,577.9944393958555,7.755538950942392,1.0,1.0
46.0,46,432,365.4123403487623,771.2115432435018,9.77136677757192,2.0,1.0
46.0,46,433,285.6663761502172,604.1651448941047,9.77136677757192,2.0,0.9999999999999999
46.0,46,435,887.415739425212,239.76047576804663,7.755538950942392,1.0,0.9999999999999999
46.0,46,436,316.82897336394586,666.4919545718437,7.755538950942392,1.0,1.0
46.0,46,438,865.9698543384204,712.2653621172842,7.755538950942392,1.0,0.9999999999999999
46.0,46,439,537.392867633133,861.7866940667386,11.185422719499032,3.0,1.0
46.0,46,440,348.15045190119315,878.3549535439073,7.755538950942392,1.0,1.0
46.0,46,441,948.3165178626688,425.70738497095743,9.771366777571922,2.0,1.0
46.0,46,442,499.45569295817364,322.71386881192655,7.755538950942392,1.0,1.0
46.0,46,443,220.12692101377877,751.9473098004371,7.755538950942392,1.0,1.0
46.0,46,444,149.40812980326126,732.7215940635326,7.755538950942392,1.0,1.0
46.0,46,445,1050.7485788932627,42.70655749135342,7.755538950942392,1.0,1.0
46.0,46,446,329.860274529088,256.74214857113856,7.755538950942392,1.0,1.0
46.0,46,449,1197.515306613103,133.42923313010445,7.755538950942392,1.0,0.9999999999999999
46.0,46,451,1332.034763418504,506.6756195467635,7.755538950942392,1.0,1.0
46.0,46,453,193.71342955861786,1018.3982070653694,7.755538950942392,1.0,1.0
46.0,46,455,850.9437883588281,209.69637270927223,11.185422719499032,3.0,1.0
46.0,46,456,311.2510783705833,815.9751650905279,9.77136677757192,2.0,0.9999999999999999
46.0,46,458,1247.2310212323705,181.82711123283136,7.755538950942392,1.0,0.9999999999999999
46.0,46,459,1317.3922635425247,357.6312514128485,9.77136677757192,2.0,1.0
46.0,46,461,141.3894187944302,56.79334913909467,9.77136677757192,2.0,1.0
46.0,46,462,1099.9513794947247,306.53091140519325,7.755538950942392,1.0,1.0
46.0,46,464,1333.2286169069312,74.47711115525607,7.755538950942392,1.0,1.0
46.0,46,465,793.9691815603953,171.5095604776007,7.755538950942392,1.0,1.0
46.0,46,466,407.83929072120804,617.6921232472331,9.77136677757192,2.0,1.0
46.0,46,468,1211.1918590741898,905.5927440337765,7.755538950942392,1.0,1.0
46.0,46,469,1134.7815262375934,883.1744001765642,7.755538950942392,1.0,1.0
46.0,46,470,85.55184260116907,413.0701718356271,7.755538950942392,1.0,1.0
46.0,46,471,63.218807950042425,489.53403013087427,7.755538950942392,1.0,1.0
46.0,46,472,306.78199494139466,131.0660943658053,7.755538950942392,1.0,0.9999999999999999
46.0,46,473,393.34006138490287,907.9102720797323,7.755538950942392,1.0,0.9999999999999999
46.0,46,474,84.91389755494045,999.9106503681062,7.755538950942392,1.0,1.0
46.0,46,476,484.25840194007606,135.63634996484427,11.185422719499034,3.0,1.0
46.0,46,477,279.00335457165664,941.468632279736,9.77136677757192,2.0,1.0
46.0,46,478,287.1038668601348,210.35322444615596,7.755538950942392,1.0,1.0
46.0,46,479,360.7932809438833,938.1914889313118,7.755538950942392,1.0,1.0
46.0,46,481,592.8171656443009,979.1060428334283,11.185422719499034,3.0,0.9999999999999999
46.0,46,483,564.0241475916421,39.37275265636265,7.755538950942392,1.0,1.0
46.0,46,485,1044.6254586259233,683.3879247753432,7.755538950942392,1.0,1.0
46.0,46,486,398.8337066846711,130.57504549661408,7.755538950942392,1.0,1.0
46.0,46,487,1063.4567938309626,966.0209692686987,12.311150689306295,4.0,0.9999999999999999
46.0,46,489,655.160301737809,146.74149375706523,9.77136677757192,2.0,1.0
46.0,46,490,455.8131554770099,901.5885914425443,9.77136677757192,2.0,1.0
46.0,46,491,653.8091903542089,756.7114663849709,9.77136677757192,2.0,1.0
46.0,46,493,97.8733560648367,371.8649234039593,7.755538950942392,1.0,1.0
46.0,46,494,811.1441059401885,764.6774690811959,9.77136677757192,2.0,1.0
46.0,46,496,698.8680293189136,508.4786637190543,9.771366777571922,2.0,1.0
46.0,46,497,1192.8039595890823,770.865971699124,7.755538950942392,1.0,1.0
46.0,46,498,422.78668348801136,482.5096612273348,7.755538950942392,1.0,1.0
46.0,46,500,538.6017802004412,185.09157337508861,7.755538950942392,1.0,1.0
46.0,46,501,520.5778153335609,990.0832848777653,9.77136677757192,2.0,1.0
46.0,46,503,534.8117801606637,38.6514451675236,11.185422719499032,3.0,1.0
46.0,46,504,989.6979630917167,204.08231003294884,7.755538950942392,1.0,1.0
46.0,46,506,105.76958558161269,741.6368617547158,7.755538950942392,1.0,1.0
46.0,46,507,1339.0188232929788,320.88541186784585,7.755538950942392,1.0,1.0
46.0,46,508,1168.223245596173,524.1093038916636,11.185422719499032,3.0,0.9999999999999999
46.0,46,509,1066.3206671684527,865.94678451484,9.77136677757192,2.0,0.9999999999999999
46.0,46,510,600.6751251652136,211.69689747469405,12.311150689306295,4.0,1.0
46.0,46,511,522.905035306101,509.12064235661046,9.77136677757192,2.0,1.0
46.0,46,512,191.77694866959942,866.2110002734711,11.185422719499034,3.0,1.0
46.0,46,513,1255.9386947831586,579.5808639701615,13.26178505962571,5.0,1.0
46.0,46,516,1220.3578984586,382.08982568072577,9.77136677757192,2.0,1.0
46.0,46,517,904.8233020365868,829.1780660160134,9.77136677757192,2.0,0.9999999999999999
46.0,46,518,131.9336252400726,527.858835141227,12.311150689306299,4.0,1.0
46.0,46,519,821.248656898381,381.2065988268741,14.09274953626919,6.0,1.0
46.0,46,520,808.7722980721129,4.692889276718768,11.185422719499034,3.0,0.9999999999999999
46.0,46,521,822.8769633336119,50.74311012401122,11.185422719499034,3.0,1.0
46.0,46,522,989.5323400515354,977.6437221183511,7.755538950942392,1.0,1.0
46.0,46,523,974.261537302841,188.63803495206764,7.755538950942392,1.0,1.0
46.0,46,524,866.4964356374903,883.7778464998601,7.755538950942392,1.0,1.0
46.0,46,529,783.0056883905435,572.5413622621146,7.755538950942392,1.0,1.0
46.0,46,530,120.69089723040314,675.232697392744,9.771366777571922,2.0,1.0
46.0,46,533,828.8084340108038,867.8972150718721,9.771366777571922,2.0,1.0
46.0,46,535,839.6487206282343,137.3559034358741,7.755538950942392,1.0,1.0
46.0,46,536,338.89464294371356,491.8793668861687,7.755538950942392,1.0,1.0
46.0,46,538,550.14785625548,446.6135771047424,11.185422719499032,3.0,1.0
46.0,46,539,965.7238970267501,220.52414154628144,7.755538950942392,1.0,1.0
46.0,46,540,302.7051995560935,548.3563391970308,7.755538950942392,1.0,1.0
46.0,46,543,905.467708945281,408.6559362224668,9.77136677757192,2.0,0.9999999999999999
46.0,46,546,1035.9836803072767,833.5075162538475,9.77136677757192,2.0,0.9999999999999999
46.0,46,547,496.172485877625,254.52550779659134,7.755538950942392,1.0,1.0
46.0,46,548,893.4499646616148,446.9477989011264,11.185422719499034,3.0,1.0
46.0,46,550,403.459173057568,394.02247022138926,7.755538950942392,1.0,1.0
46.0,46,551,1254.218827931573,763.9507202005437,7.755538950942392,1.0,0.9999999999999999
46.0,46,555,156.79796893911745,200.0179319768851,11.185422719499032,3.0,1.0
46.0,46,556,270.4127689116223,465.1804707396249,7.755538950942392,1.0,0.9999999999999999
46.0,46,557,596.4758034557127,323.70144388447943,11.185422719499032,3.0,1.0
46.0,46,558,230.24237328540755,64.32338952728861,7.755538950942392,1.0,1.0
46.0,46,559,1074.378031788316,81.67426253457432,7.755538950942392,1.0,1.0
46.0,46,561,1309.1800351482573,890.6399409386412,7.755538950942392,1.0,1.0
46.0,46,562,181.5465552634415,235.3497263205477,11.185422719499032,3.0,1.0
46.0,46,563,439.8368853227992,423.50590920040156,7.755538950942392,1.0,1.0
46.0,46,564,362.8766721841959,451.88552094563823,11.185422719499032,3.0,1.0
46.0,46,565,1214.5170136210234,747.1318382844333,7.755538950942392,1.0,1.0
46.0,46,568,1116.9894864545215,159.13303335391615,7.755538950942392,1.0,1.0
46.0,46,569,320.47464883702946,346.0916676753676,7.755538950942392,1.0,1.0
46.0,46,570,1322.076212962302,558.3626085455364,9.77136677757192,2.0,1.0
46.0,46,573,487.106114257248,966.0008833545437,7.755538950942392,1.0,1.0
46.0,46,574,180.32762249955317,797.1403765168751,7.755538950942392,1.0,1.0
46.0,46,575,667.7925993560565,693.764467711829,7.755538950942392,1.0,1.0
46.0,46,576,813.6028644937444,166.30988734778148,7.755538950942392,1.0,1.0
46.0,46,579,537.611360730045,272.44057176620254,7.755538950942392,1.0,1.0
46.0,46,581,608.0315868619341,833.1873558108439,11.185422719499032,3.0,1.0
46.0,46,582,566.6250291538571,278.49106972988557,9.77136677757192,2.0,0.9999999999999999
46.0,46,583,1223.9532649305786,255.35000262803246,9.77136677757192,2.0,1.0
46.0,46,584,1086.021477103846,783.5503405700867,7.755538950942392,1.0,0.9999999999999999
46.0,46,586,386.9785831867049,1021.2520968948062,7.755538950942392,1.0,1.0
46.0,46,587,1071.7035019278874,823.5415951549741,9.77136677757192,2.0,1.0
46.0,46,592,869.0126602888763,292.21028019415127,7.755538950942392,1.0,1.0
46.0,46,593,693.8744875245015,790.3673319189575,9.77136677757192,2.0,1.0
46.0,46,594,532.7213615618042,899.1904228168023,9.771366777571922,2.0,1.0
46.0,46,598,613.2389140833949,446.56869824067485,11.185422719499032,3.0,1.0
46.0,46,599,1074.2494516012093,158.44765579252612,7.755538950942392,1.0,1.0
46.0,46,600,542.9014004664652,528.6868746621442,11.185422719499034,3.0,1.0
46.0,46,602,168.98424498200552,315.035040424605,7.755538950942392,1.0,1.0
46.0,46,605,797.1376115860477,37.07381230134723,13.261785059625714,5.0,1.0
46.0,46,606,1209.0371915986698,639.9054845688811,7.755538950942392,1.0,0.9999999999999999
46.0,46,607,1172.3849483793654,177.80700923689,12.311150689306297,4.0,1.0
46.0,46,608,937.922057451844,693.1016168458443,7.755538950942392,1.0,1.0
46.0,46,609,999.7914121150109,855.4662087943506,7.755538950942392,1.0,1.0
46.0,46,611,960.4158379134138,445.42275293332864,9.77136677757192,2.0,1.0
46.0,46,612,355.4151627352737,306.2176278645924,13.261785059625709,5.0,1.0
46.0,46,613,1261.251282649754,720.649291779099,7.755538950942392,1.0,0.9999999999999999
46.0,46,614,396.51128045309,757.2067794173088,11.185422719499032,3.0,0.9999999999999999
46.0,46,619,627.1470648246258,238.57311107968462,7.755538950942392,1.0,1.0
46.0,46,620,1167.0820199977006,778.0938348185772,9.77136677757192,2.0,0.9999999999999999
46.0,46,621,179.29479956453514,52.76900761835137,7.755538950942392,1.0,1.0
46.0,46,622,269.3251517787149,44.81643589562751,7.755538950942392,1.0,1.0
46.0,46,625,586.8134993822406,737.6646398011804,7.755538950942392,1.0,1.0
46.0,46,626,888.855456649263,174.33554023861916,7.755538950942392,1.0,0.9999999999999999
46.0,46,627,1253.741298724592,20.46223107572592,12.311150689306299,4.0,1.0
46.0,46,629,800.4341752229644,883.3321552344532,11.185422719499032,3.0,1.0
46.0,46,632,401.32578158500775,695.2818913630842,9.771366777571922,2.0,1.0
46.0,46,633,1114.0643889428854,87.24657851905752,9.77136677757192,2.0,0.9999999999999999
46.0,46,634,994.3258234191029,330.8896843397337,7.755538950942392,1.0,1.0
46.0,46,636,678.5914825589167,930.8001467719735,9.771366777571922,2.0,1.0
46.0,46,638,76.16867730328187,226.7999787209713,7.755538950942392,1.0,1.0
46.0,46,640,35.08924381555267,452.75648622748656,7.755538950942392,1.0,1.0
46.0,46,641,168.13899102542703,924.2143276273266,7.755538950942392,1.0,1.0
46.0,46,642,289.0880287651544,308.7634754359065,7.755538950942392,1.0,1.0
46.0,46,644,23.953913085040107,32.66163187773655,9.77136677757192,2.0,1.0
46.0,46,645,1263.1226727164844,70.4490558435078,7.755538950942392,1.0,1.0
46.0,46,646,376.71591140944525,882.4848341965761,11.185422719499032,3.0,1.0
46.0,46,647,174.20012871733698,291.4630130019842,9.771366777571922,2.0,1.0
46.0,46,649,1129.2806724741201,117.3482912343732,7.755538950942392,1.0,1.0
46.0,46,651,281.41114267886843,921.5307254197359,7.755538950942392,1.0,1.0
46.0,46,654,1285.283026725048,129.8780911934994,9.77136677757192,2.0,1.0
46.0,46,655,580.5688957046644,702.637915835076,7.755538950942392,1.0,1.0
46.0,46,658,575.8177161676921,346.0910244303075,14.092749536269185,6.0,1.0
46.0,46,659,1297.9382177679,972.2910871640818,7.755538950942392,1.0,1.0
46.0,46,662,1135.3789259236014,961.4544921046947,7.755538950942392,1.0,1.0
46.0,46,665,1034.5180078058038,117.30805270094457,11.185422719499032,3.0,1.0
46.0,46,666,1233.6323401315117,1001.616198751387,12.311150689306299,4.0,1.0
46.0,46,667,195.76710461348682,85.24946841437539,7.755538950942392,1.0,1.0
46.0,46,668,235.7333914672721,951.8473571120779,7.755538950942392,1.0,1.0
46.0,46,670,450.9619926181717,237.15025341363247,9.771366777571922,2.0,1.0
46.0,46,671,1026.8878657833857,84.96581897181133,7.755538950942392,1.0,1.0
46.0,46,672,805.9371291513787,975.1339906799798,7.755538950942392,1.0,1.0
46.0,46,674,1053.7752923276964,634.8536598129837,7.755538950942392,1.0,1.0
46.0,46,675,397.05492395730397,504.2057751853029,7.755538950942392,1.0,1.0
46.0,46,676,1285.0067288181663,868.3122643722105,9.77136677757192,2.0,1.0
46.0,46,678,125.19688560841827,243.24240790508557,7.755538950942392,1.0,1.0
46.0,46,680,863.8522810757602,608.6129574356115,7.755538950942392,1.0,1.0
46.0,46,682,1216.6146599961276,81.73332272721733,7.755538950942392,1.0,1.0
46.0,46,684,1310.2857711907425,931.8866210292098,11.185422719499034,3.0,1.0
46.0,46,686,890.7228968010909,313.23744258845664,7.755538950942392,1.0,0.9999999999999999
46.0,46,687,1209.3038987519114,285.5921830516306,11.185422719499032,3.0,0.9999999999999999
46.0,46,688,241.36193520195846,493.8396224649071,7.755538950942392,1.0,1.0
46.0,46,689,435.9562983959979,619.1985133992139,7.755538950942392,1.0,0.9999999999999999
46.0,46,692,729.7096166762675,294.3710255544332,7.755538950942392,1.0,1.0
46.0,46,694,1107.4893691283116,884.9651878373348,7.755538950942392,1.0,1.0
46.0,46,698,669.7354671921947,99.59608495041496,7.755538950942392,1.0,0.9999999999999999
46.0,46,700,446.21901549703625,506.46611764937205,11.185422719499032,3.0,0.9999999999999999
46.0,46,702,697.7239306222823,27.78087531759531,7.755538950942392,1.0,1.0
46.0,46,704,138.35826799277163,265.15952813442584,7.755538950942392,1.0,1.0
46.0,46,705,408.6387251925586,410.4690361371619,7.755538950942392,1.0,1.0
46.0,46,706,303.4191060778439,203.173569901275,9.77136677757192,2.0,1.0
46.0,46,707,247.90652443796762,253.89450337757128,11.185422719499032,3.0,1.0
46.0,46,710,815.6045178485689,671.101012112884,7.755538950942392,1.0,1.0
46.0,46,716,1323.756175418217,672.5474835397808,9.77136677757192,2.0,1.0
46.0,46,717,528.7697500739172,655.3638927499463,13.26178505962571,5.0,1.0
46.0,46,718,434.38134074224473,159.06170208960106,7.755538950942392,1.0,1.0
46.0,46,720,636.5001869343571,828.6716574177901,9.77136677757192,2.0,1.0
46.0,46,722,1002.935438875585,782.3814424034356,11.185422719499032,3.0,1.0
46.0,46,723,424.16593585924,595.8883696803111,9.771366777571922,2.0,1.0
46.0,46,724,897.21137706776,622.6176561673487,7.755538950942392,1.0,1.0
46.0,46,726,1268.8745832900775,48.14633989891807,9.771366777571922,2.0,1.0
46.0,46,728,1032.091635792541,390.70474362654664,7.755538950942392,1.0,1.0
46.0,46,729,562.396049824036,102.66524194767071,7.755538950942392,1.0,1.0
46.0,46,730,689.2189736446658,458.30282535365393,9.77136677757192,2.0,0.9999999999999999
46.0,46,732,513.6881695332725,156.87417987554892,11.185422719499032,3.0,0.9999999999999999
46.0,46,733,249.2220157382506,279.93268043973694,11.185422719499034,3.0,1.0
46.0,46,734,1338.5437647052088,26.038910146072876,7.755538950942392,1.0,1.0
46.0,46,735,724.3789294719627,6.732429001601201,7.755538950942392,1.0,1.0
46.0,46,737,1108.6228601894998,481.3410498848245,11.185422719499032,3.0,1.0
46.0,46,740,1240.3083513219015,965.9556165253697,7.755538950942392,1.0,1.0
46.0,46,743,736.3130311434561,181.40369298935752,9.77136677757192,2.0,1.0
46.0,46,744,444.7967496540878,591.0070924379852,7.755538950942392,1.0,1.0
46.0,46,745,1083.0187614219599,492.11447936556493,7.755538950942392,1.0,1.0
46.0,46,746,1276.3298500088774,381.38377548071173,9.77136677757192,2.0,1.0
46.0,46,747,624.9363207069031,738.452658743854,7.755538950942392,1.0,1.0
46.0,46,748,1225.2410270274538,332.7319843010536,7.755538950942392,1.0,0.9999999999999999
46.0,46,750,791.1851473870676,249.86280929081778,9.77136677757192,2.0,1.0
46.0,46,752,1308.1438194360537,690.5007255794329,7.755538950942392,1.0,0.9999999999999999
46.0,46,753,646.6233340145211,478.3216930657349,9.771366777571922,2.0,1.0
46.0,46,754,552.4861814365321,733.4800432756045,7.755538950942392,1.0,1.0
46.0,46,755,942.7056959946324,133.24340616481138,7.755538950942392,1.0,0.9999999999999999
46.0,46,757,774.324053402371,479.6340737713415,9.77136677757192,2.0,0.9999999999999999
46.0,46,758,645.7102690875505,409.96272991569725,9.77136677757192,2.0,1.0
46.0,46,759,55.79021402846366,623.0551243872756,11.185422719499032,3.0,1.0
46.0,46,760,162.16900327845278,1012.4494867840068,9.77136677757192,2.0,1.0
46.0,46,762,992.5482177586665,53.05883931931963,11.185422719499032,3.0,0.9999999999999999
46.0,46,764,223.61787115530757,658.1542281215915,7.755538950942392,1.0,1.0
46.0,46,765,721.8459927381145,472.23415667767273,11.185422719499034,3.0,1.0
46.0,46,766,360.59534277680564,9.58176173716906,9.77136677757192,2.0,1.0
46.0,46,767,347.9026986474916,598.6129702218675,7.755538950942392,1.0,1.0
46.0,46,768,718.1273702185193,638.57119011649,12.311150689306299,4.0,1.0
46.0,46,769,4.202778593233603,687.1930034308913,12.311150689306299,4.0,1.0
46.0,46,772,1028.9020884676238,915.5495464263627,7.755538950942392,1.0,1.0
46.0,46,773,930.5281728410757,658.2930332143504,7.755538950942392,1.0,0.9999999999999999
46.0,46,774,75.34034429824608,849.3274459662248,11.185422719499034,3.0,1.0
46.0,46,775,693.5828889294041,865.9697535719854,7.755538950942392,1.0,1.0
46.0,46,776,1087.3357018457434,144.70584316234383,7.755538950942392,1.0,1.0
46.0,46,777,388.66971918883394,323.5784342332599,7.755538950942392,1.0,1.0
46.0,46,779,494.8984391443688,111.01012225567378,7.755538950942392,1.0,1.0
46.0,46,780,240.130028364996,675.8467961583655,7.755538950942392,1.0,1.0
46.0,46,781,421.31125676947886,195.45402774441789,7.755538950942392,1.0,1.0
46.0,46,782,146.5556387966561,567.6618036107487,11.185422719499032,3.0,1.0
46.0,46,783,174.66696040924057,702.3022719964746,13.26178505962571,5.0,0.9999999999999999
46.0,46,786,483.7786674011909,841.3026684763257,7.755538950942392,1.0,1.0
46.0,46,787,736.842652572595,855.6341572086408,11.185422719499032,3.0,1.0
46.0,46,788,1119.4867533156723,402.31380739540094,7.755538950942392,1.0,1.0
46.0,46,789,391.8042254647122,973.0700871675261,11.185422719499034,3.0,0.9999999999999999
46.0,46,790,712.0614382017541,920.2691886828181,9.77136677757192,2.0,0.9999999999999999
46.0,46,791,925.4422161055473,966.5498301629832,11.185422719499032,3.0,1.0
46.0,46,792,556.1739357902159,774.9049714575468,14.09274953626919,6.0,1.0
46.0,46,795,242.86501715450387,842.7720394711164,11.185422719499032,3.0,1.0
46.0,46,796,233.09648507712976,320.0859390730169,7.755538950942392,1.0,1.0
46.0,46,798,1014.5085510098695,469.414890620268,7.755538950942392,1.0,1.0
46.0,46,799,26.251743244600714,201.76707102923078,7.755538950942392,1.0,1.0
46.0,46,800,339.1028229362961,723.652661987268,9.77136677757192,2.0,1.0
46.0,46,801,1241.15837175713,93.07762060562717,7.755538950942392,1.0,1.0
46.0,46,805,715.2200818323753,977.3947121498599,9.77136677757192,2.0,1.0
46.0,46,806,380.84506250461914,674.8026843673405,7.755538950942392,1.0,1.0
46.0,46,809,1192.5775647020184,470.69371869015526,9.77136677757192,2.0,1.0
46.0,46,810,1051.8789479003526,144.644909817043,9.77136677757192,2.0,1.0
46.0,46,811,821.3044631454297,543.0170864364293,9.77136677757192,2.0,1.0
46.0,46,812,51.3896436959534,410.55949087365036,7.755538950942392,1.0,1.0
46.0,46,815,475.784824012246,573.807784277332,9.77136677757192,2.0,1.0
46.0,46,817,1188.888483532931,732.3807004860233,9.77136677757192,2.0,1.0
46.0,46,818,270.20358702206255,1008.6193260684445,7.755538950942392,1.0,0.9999999999999999
46.0,46,819,1028.9360804911703,941.8513686040898,7.755538950942392,1.0,1.0
46.0,46,820,1107.6211338273351,594.6194377228587,7.755538950942392,1.0,1.0
46.0,46,821,1315.3196411290896,38.13775453997518,13.261785059625714,5.0,1.0
46.0,46,823,478.5798476228141,691.4586465409503,7.755538950942392,1.0,1.0
46.0,46,824,553.7540178526536,167.518751031642,7.755538950942392,1.0,1.0
46.0,46,826,981.9058493977014,833.3166506223057,7.755538950942392,1.0,1.0
46.0,46,827,896.1371938104692,7.034371655359837,7.755538950942392,1.0,0.9999999999999999
46.0,46,828,152.0393504042587,823.1451104138313,9.77136677757192,2.0,1.0
46.0,46,829,772.9172216094187,146.35040357774474,9.77136677757192,2.0,1.0
46.0,46,830,441.02684415615596,754.0656639683189,9.771366777571922,2.0,1.0
46.0,46,831,832.3740921863264,614.6799671173682,7.755538950942392,1.0,1.0
46.0,46,832,1045.6312369807167,468.46337184395287,9.77136677757192,2.0,1.0
46.0,46,833,464.4248623429418,314.8846086464804,11.185422719499034,3.0,1.0
46.0,46,837,941.5767601746231,629.1394143944144,11.185422719499034,3.0,1.0
46.0,46,838,310.34733591982905,305.13402515446154,7.755538950942392,1.0,1.0
46.0,46,839,963.543798241584,101.37994819397186,7.755538950942392,1.0,1.0
46.0,46,840,746.1627947080835,681.134028423277,7.755538950942392,1.0,1.0
46.0,46,841,894.1079214652877,579.6564134587795,11.185422719499032,3.0,1.0
46.0,46,842,41.954869596827024,508.9810676314668,7.755538950942392,1.0,1.0
46.0,46,843,938.5927122446352,905.5912461870299,7.755538950942392,1.0,1.0
46.0,46,845,1341.8927858077247,625.9924482336725,7.755538950942392,1.0,1.0
46.0,46,846,685.2192377794183,434.92096171526515,9.77136677757192,2.0,1.0
46.0,46,848,585.9657914702415,631.9845460520798,12.311150689306297,4.0,1.0
46.0,46,851,1319.3885674780186,645.0115816782967,9.77136677757192,2.0,1.0
46.0,46,853,474.12553354179914,797.3250228686989,9.77136677757192,2.0,1.0
46.0,46,855,597.8281025901974,587.8913004195286,7.755538950942392,1.0,1.0
46.0,46,857,749.3379380073756,898.4946262251112,9.771366777571922,2.0,1.0
46.0,46,859,899.1258026767388,769.5167578599159,9.771366777571922,2.0,1.0
46.0,46,860,9.987952501893288,264.9969117621106,9.771366777571922,2.0,1.0
46.0,46,861,999.1158698288964,75.8376156935694,7.755538950942392,1.0,1.0
46.0,46,862,300.12855483248785,576.9597413981572,7.755538950942392,1.0,1.0
46.0,46,863,710.7439981631866,664.9022377722256,7.755538950942392,1.0,1.0
46.0,46,865,839.4338519857347,114.74543378897147,7.755538950942392,1.0,1.0
46.0,46,866,930.2685379461625,27.065704319033514,9.77136677757192,2.0,1.0
46.0,46,868,1295.6332610194052,796.9504811860597,12.311150689306299,4.0,1.0
46.0,46,869,1320.7237848774964,113.55131398787108,9.77136677757192,2.0,1.0
46.0,46,870,236.66350002405207,186.23361718400744,7.755538950942392,1.0,1.0
46.0,46,871,716.9106661575196,748.0344973491648,12.311150689306299,4.0,1.0
46.0,46,872,1028.1740369185193,435.8952660454483,7.755538950942392,1.0,1.0
46.0,46,873,65.26995492421666,381.17674024138535,7.755538950942392,1.0,0.9999999999999999
46.0,46,877,171.92958990800807,433.4307148110149,7.755538950942392,1.0,1.0
46.0,46,879,705.1299592071248,338.18144321570543,7.755538950942392,1.0,1.0
46.0,46,881,1109.9244066174924,113.7003629847327,7.755538950942392,1.0,0.9999999999999999
46.0,46,882,286.6111932516318,638.4964171835433,7.755538950942392,1.0,1.0
46.0,46,883,12.422294940411518,144.6940673691829,9.77136677757192,2.0,0.9999999999999999
46.0,46,884,655.3025955914326,340.65401038027613,9.77136677757192,2.0,1.0
46.0,46,886,71.21270015813685,640.6653027453006,7.755538950942392,1.0,1.0
46.0,46,887,457.3986586207521,258.2089619125165,9.771366777571922,2.0,1.0
46.0,46,890,1268.5656670632434,257.07526685782585,11.185422719499032,3.0,1.0
46.0,46,892,340.7413106516836,45.902889225725694,7.755538950942392,1.0,1.0
46.0,46,894,1188.5572830266924,4.893880196219509,9.771366777571922,2.0,1.0
46.0,46,896,235.8665958777976,924.1038447520185,7.755538950942392,1.0,1.0
46.0,46,897,735.576783721595,584.5351055838038,9.77136677757192,2.0,1.0
46.0,46,898,1082.3770241575305,291.83583346985233,9.77136677757192,2.0,0.9999999999999999
46.0,46,899,1200.513985172029,817.3415405820637,9.77136677757192,2.0,1.0
46.0,46,901,1050.7997184200042,5.66644331281591,11.185422719499032,3.0,1.0
46.0,46,903,287.2599692469015,382.2358212887273,12.311150689306297,4.0,1.0
46.0,46,905,712.5134332962672,873.7110194142143,9.77136677757192,2.0,1.0
46.0,46,907,1155.1688440743242,923.3828665561332,7.755538950942392,1.0,0.9999999999999999
46.0,46,910,1270.8762596210606,788.6005944950293,9.77136677757192,2.0,1.0
46.0,46,911,326.1021339349538,89.07071367612275,7.755538950942392,1.0,1.0
46.0,46,912,434.28995780934196,895.4057880329133,7.755538950942392,1.0,1.0
46.0,46,913,315.36645955157036,742.3512946392037,7.755538950942392,1.0,1.0
46.0,46,914,873.274593752135,381.93284348371606,11.185422719499034,3.0,1.0
46.0,46,915,41.82377194362379,60.70928784605404,7.755538950942392,1.0,1.0
46.0,46,916,836.556655871491,310.67850753951,7.755538950942392,1.0,1.0
46.0,46,921,1230.1445438500289,477.07013842981024,7.755538950942392,1.0,1.0
46.0,46,923,1193.241924004086,270.20042755280735,7.755538950942392,1.0,1.0
46.0,46,924,647.2600318755799,1021.0315451171056,9.77136677757192,2.0,1.0
46.0,46,925,894.6227953314558,359.20251970989045,11.185422719499034,3.0,1.0
46.0,46,926,228.8238291871824,89.94760772637785,11.185422719499032,3.0,1.0
46.0,46,927,1265.2279070349261,97.17009776825785,11.185422719499032,3.0,1.0
46.0,46,928,525.7756301311102,954.1008745873403,7.755538950942392,1.0,1.0
46.0,46,930,809.8023418553797,569.5110415038266,11.185422719499032,3.0,1.0
46.0,46,932,1280.5609143464683,544.6238825844715,11.185422719499032,3.0,1.0
46.0,46,933,1020.3482187353525,199.96433129032428,7.755538950942392,1.0,1.0
46.0,46,934,321.0293760343105,13.940631958421196,13.261785059625714,5.0,0.9999999999999999
46.0,46,935,295.26576288216216,799.0007570981431,7.755538950942392,1.0,1.0
46.0,46,936,525.6119117580294,405.3314236948537,9.77136677757192,2.0,1.0
46.0,46,937,924.334596117097,993.1032562293838,9.77136677757192,2.0,1.0
46.0,46,939,1167.1605965402168,130.10838493784334,9.77136677757192,2.0,1.0
46.0,46,941,52.798922243085144,952.0621493926471,11.185422719499032,3.0,1.0
46.0,46,947,412.93326494388924,77.19718096110087,7.755538950942392,1.0,1.0
46.0,46,949,1216.5970924423996,30.71553438705529,11.185422719499032,3.0,1.0
46.0,46,950,371.9130330442278,635.471047516059,7.755538950942392,1.0,1.0
46.0,46,951,99.40377386358406,320.7400340618583,11.185422719499032,3.0,1.0
46.0,46,952,184.1291831714746,175.34366394529275,7.755538950942392,1.0,1.0
46.0,46,953,586.4390138777272,145.73790859407333,9.77136677757192,2.0,1.0
46.0,46,954,1308.6457740933208,201.33994966786318,7.755538950942392,1.0,1.0
46.0,46,955,468.76556384922856,421.69020605557796,9.77136677757192,2.0,1.0
46.0,46,956,1068.3923433069447,615.2514895969357,9.77136677757192,2.0,1.0
46.0,46,957,265.9556415053764,541.4624463618923,12.311150689306297,4.0,1.0
46.0,46,959,190.6612044794461,905.631690650673,9.77136677757192,2.0,1.0
46.0,46,961,281.96787907471315,180.29876192938897,9.77136677757192,2.0,1.0
46.0,46,962,1307.2067633794672,847.1493719976191,12.311150689306299,4.0,1.0
46.0,46,963,392.68182601849173,195.48289000196414,9.77136677757192,2.0,0.9999999999999999
46.0,46,965,865.3332489416576,479.05327744465825,7.755538950942392,1.0,1.0
46.0,46,969,435.110354803692,462.9033338002255,9.77136677757192,2.0,0.9999999999999999
46.0,46,971,1166.030148734294,821.6966626141277,7.755538950942392,1.0,1.0
46.0,46,972,497.011640592285,604.1868840614047,11.185422719499032,3.0,1.0
46.0,46,975,31.587471907986835,718.4066320799086,7.755538950942392,1.0,1.0
46.0,46,977,1034.3493280939679,158.7521519956802,7.755538950942392,1.0,0.9999999999999999
46.0,46,980,336.2141419097188,751.039052515061,7.755538950942392,1.0,1.0
46.0,46,981,994.4266509540191,405.9164610678019,7.755538950942392,1.0,1.0
46.0,46,983,923.0547309122283,536.9026037387835,7.755538950942392,1.0,1.0
46.0,46,985,1250.6162856354263,924.4306358445739,11.185422719499032,3.0,1.0
46.0,46,986,1146.232876822374,784.9459926130618,9.77136677757192,2.0,1.0
46.0,46,987,1167.5045756407324,871.1340964414152,7.755538950942392,1.0,1.0
46.0,46,988,1133.2012918165678,610.152411275833,7.755538950942392,1.0,1.0
46.0,46,989,541.9128917951397,937.2063891241435,9.77136677757192,2.0,1.0
46.0,46,991,1190.613305317336,849.7749826461885,7.755538950942392,1.0,1.0
46.0,46,995,30.2770338162736,4.490853174451463,11.185422719499032,3.0,0.9999999999999999
46.0,46,996,267.2479859988046,861.0354174324372,9.77136677757192,2.0,1.0
46.0,46,998,5.365546517230529,976.5233541858618,7.755538950942392,1.0,1.0
46.0,46,999,1063.5842738462218,431.70795433606634,7.755538950942392,1.0,1.0
46.0,46,1000,164.62716108843654,872.3349840911544,9.77136677757192,2.0,1.0
53.0,53,1,111.20415023531865,936.3294225821247,7.755538950942392,1.0,1.0
53.0,53,3,951.9266602404139,308.27733945694376,13.261785059625714,5.0,1.0
53.0,53,6,454.8255868755929,96.05919687032045,7.755538950942392,1.0,1.0
53.0,53,8,356.31217136293134,213.08613064311234,16.132171110904203,9.0,1.0
53.0,53,9,1074.9518613289092,404.75063364846255,7.755538950942392,1.0,1.0
53.0,53,10,1151.2810162420742,298.8591116254908,7.755538950942392,1.0,1.0
53.0,53,11,855.9695296762993,938.6845712966433,9.77136677757192,2.0,0.9999999999999999
53.0,53,14,1222.8638983531823,404.71932448983637,7.755538950942392,1.0,0.9999999999999999
53.0,53,15,1007.6586828207876,307.67489732649784,7.755538950942392,1.0,1.0
53.0,53,17,188.8646488381102,261.407255198023,7.755538950942392,1.0,1.0
53.0,53,18,646.8022193539526,644.0520822912896,7.755538950942392,1.0,1.0
53.0,53,19,488.92466443588324,816.1283624357301,7.755538950942392,1.0,0.9999999999999999
53.0,53,20,345.1357067087248,954.6949765502093,7.755538950942392,1.0,1.0
53.0,53,21,260.21349311525546,81.45253653366201,7.755538950942392,1.0,1.0
53.0,53,22,142.8387927121564,459.28830537560674,9.77136677757192,2.0,1.0
53.0,53,23,8.534152045456397,819.3721644010205,9.77136677757192,2.0,1.0
53.0,53,27,521.052160556239,543.3154529971375,7.755538950942392,1.0,1.0
53.0,53,28,909.0073185127297,901.0868388554944,7.755538950942392,1.0,1.0
53.0,53,29,1109.495024933435,1021.667132126998,12.311150689306299,4.0,1.0
53.0,53,31,965.6516122829901,143.21171685733748,7.755538950942392,1.0,1.0
53.0,53,35,195.36199245234175,749.0408260531481,7.755538950942392,1.0,1.0
53.0,53,36,864.5395531084206,55.022485292008305,7.755538950942392,1.0,1.0
53.0,53,37,867.5168932235997,912.813346153709,7.755538950942392,1.0,1.0
53.0,53,38,962.3868086607946,723.4719977332572,7.755538950942392,1.0,1.0
53.0,53,39,1328.1839194990139,1002.9663080882042,7.755538950942392,1.0,0.9999999999999999
53.0,53,40,959.671724379742,932.436486973846,9.77136677757192,2.0,1.0
53.0,53,41,432.9750789995217,279.53227933041893,9.77136677757192,2.0,0.9999999999999999
53.0,53,43,784.0496217489404,821.9858535481973,7.755538950942392,1.0,1.0
53.0,53,44,746.3200500336843,63.72939604018275,11.185422719499032,3.0,1.0
53.0,53,45,886.1988058098692,950.3012396214621,7.755538950942392,1.0,1.0
53.0,53,46,1144.8987085402634,356.1324954640405,7.755538950942392,1.0,1.0
53.0,53,51,1326.20257654117,232.36064886100013,9.77136677757192,2.0,1.0
53.0,53,53,136.935871269853,112.88273889339108,7.755538950942392,1.0,1.0
53.0,53,55,1249.3210542897673,616.3666748095113,7.755538950942392,1.0,0.9999999999999999
53.0,53,57,1059.5450684409107,728.6271435942274,12.311150689306295,4.0,1.0
53.0,53,59,40.89700182361604,148.98085478648662,7.755538950942392,1.0,1.0
53.0,53,60,48.96518932993593,231.27432315763747,9.77136677757192,2.0,1.0
53.0,53,61,880.1599687864224,990.6077098725104,9.771366777571922,2.0,1.0
53.0,53,62,578.480178313467,1022.9062803725373,7.755538950942392,1.0,1.0
53.0,53,63,1137.0516976943104,628.5739025806719,7.755538950942392,1.0,1.0
53.0,53,65,701.8838460815467,831.9831169595943,7.755538950942392,1.0,1.0
53.0,53,66,965.2522406078964,1016.2263712680001,9.771366777571922,2.0,1.0
53.0,53,67,1077.5215681186567,248.8696655657761,13.261785059625712,5.0,1.0
53.0,53,68,1239.538191277472,654.8241852970375,7.755538950942392,1.0,0.9999999999999999
53.0,53,69,1158.021357151224,68.40485870180771,7.755538950942392,1.0,1.0
53.0,53,70,1153.2774492656035,481.43769538988255,7.755538950942392,1.0,1.0
53.0,53,71,774.4409725825211,782.7634593935629,9.771366777571922,2.0,1.0
53.0,53,73,536.4381106183606,309.49463290398705,7.755538950942392,1.0,1.0
53.0,53,77,425.1170847722332,826.0910089570634,11.185422719499032,3.0,1.0
53.0,53,78,1106.8170840834873,180.5776734763093,7.755538950942392,1.0,1.0
53.0,53,79,828.5995377349285,237.81953696574817,9.77136677757192,2.0,1.0
53.0,53,80,1008.2648194389188,357.47977320744565,7.755538950942392,1.0,1.0
53.0,53,81,612.2214632490843,3.22754766326326,9.77136677757192,2.0,1.0
53.0,53,83,1196.6090588155005,415.3489600153464,7.755538950942392,1.0,1.0
53.0,53,84,297.00483526536846,662.3794516893691,7.755538950942392,1.0,1.0
53.0,53,85,120.38208867772923,791.0147446270365,7.755538950942392,1.0,1.0
53.0,53,86,1029.4273711224841,513.3228798716556,9.77136677757192,2.0,1.0
53.0,53,87,712.0727551900552,122.54210251915909,7.755538950942392,1.0,1.0
53.0,53,88,72.79971310560049,504.75322081943636,7.755538950942392,1.0,1.0
53.0,53,90,803.8469716232254,414.86722313867074,7.755538950942392,1.0,0.9999999999999999
53.0,53,91,57.33546193054223,20.417718930953416,7.755538950942392,1.0,1.0
53.0,53,92,1096.090565814371,702.2692966095492,7.755538950942392,1.0,1.0
53.0,53,93,286.25551434704306,297.2618442249159,9.77136677757192,2.0,1.0
53.0,53,94,646.4148260992251,896.7227767659575,11.185422719499032,3.0,1.0
53.0,53,97,941.5760863252336,68.82313699676945,12.311150689306297,4.0,0.9999999999999999
53.0,53,100,360.0438669384122,811.6485611025041,7.755538950942392,1.0,1.0
53.0,53,101,14.894528181013241,616.7912281290431,7.755538950942392,1.0,1.0
53.0,53,103,215.61735734207608,19.355884557017376,7.755538950942392,1.0,1.0
53.0,53,104,376.14479484218214,579.729577698022,7.755538950942392,1.0,1.0
53.0,53,107,441.6358460851787,139.55255588552316,7.755538950942392,1.0,1.0
53.0,53,110,644.0392801492761,621.314450173496,7.755538950942392,1.0,0.9999999999999999
53.0,53,114,294.9205920959365,360.3804451631626,9.77136677757192,2.0,1.0
53.0,53,116,1159.1249997144128,48.5785425238182,9.77136677757192,2.0,1.0
53.0,53,118,285.33678759491767,439.50818308866883,9.77136677757192,2.0,0.9999999999999999
53.0,53,119,1037.7813288228617,561.3725492986893,11.185422719499032,3.0,1.0
53.0,53,120,113.87605462061798,262.35036661814564,7.755538950942392,1.0,1.0
53.0,53,121,103.3944693631254,219.48762359878162,9.77136677757192,2.0,1.0
53.0,53,122,841.8751908321367,263.410997897298,13.261785059625714,5.0,0.9999999999999999
53.0,53,123,1293.4531774455304,586.4888558968864,11.185422719499034,3.0,0.9999999999999999
53.0,53,125,422.0626227421988,1006.8201543165729,9.77136677757192,2.0,0.9999999999999999
53.0,53,126,1339.908656193676,473.99139875828945,7.755538950942392,1.0,1.0
53.0,53,127,840.9378378543987,563.616073161974,7.755538950942392,1.0,1.0
53.0,53,129,779.4288095557654,674.3246486567461,7.755538950942392,1.0,1.0
53.0,53,130,1198.263087992619,435.8471196251129,7.755538950942392,1.0,1.0
53.0,53,131,1242.5622650919058,306.7605572277503,7.755538950942392,1.0,1.0
53.0,53,132,1286.3473100209549,185.02725833537573,11.185422719499032,3.0,1.0
53.0,53,134,118.22193218662758,830.0729023343522,9.77136677757192,2.0,0.9999999999999999
53.0,53,135,1011.2687517575243,595.8005475410586,7.755538950942392,1.0,1.0
53.0,53,138,484.3296093651518,1023.1520498923213,7.755538950942392,1.0,1.0
53.0,53,140,385.3100550646689,649.6905624905451,7.755538950942392,1.0,1.0
53.0,53,142,1295.8990392685416,295.7716605821193,7.755538950942392,1.0,1.0
53.0,53,143,613.4449845335688,114.16943621212405,14.09274953626919,6.0,1.0
53.0,53,144,1273.537372572549,970.6780958041126,9.77136677757192,2.0,1.0
53.0,53,145,110.03071819782039,870.3672900672865,9.77136677757192,2.0,1.0
53.0,53,146,1053.2106085868918,533.0243554088755,7.755538950942392,1.0,1.0
53.0,53,148,550.1725868907338,140.17968978705764,9.77136677757192,2.0,1.0
53.0,53,149,175.80953462737378,981.648575049181,7.755538950942392,1.0,1.0
53.0,53,150,708.5533173982986,388.07984393422,12.311150689306299,4.0,1.0
53.0,53,151,470.81081651110696,669.4686664889671,7.755538950942392,1.0,1.0
53.0,53,152,1163.3632049635391,675.0482004115166,7.755538950942392,1.0,1.0
53.0,53,153,59.19626168500603,542.6219083653078,9.77136677757192,2.0,1.0
53.0,53,156,877.4750873888376,806.7746580397713,7.755538950942392,1.0,0.9999999999999999
53.0,53,160,1051.2636879930471,764.35454056964,7.755538950942392,1.0,1.0
53.0,53,163,80.20493893362884,66.01567231649027,7.755538950942392,1.0,1.0
53.0,53,164,364.26617858179304,74.94931367286237,9.771366777571922,2.0,1.0
53.0,53,165,146.25136718180264,4.83067378259168,7.755538950942392,1.0,1.0
53.0,53,166,493.31722669500067,85.44526867838188,11.185422719499032,3.0,1.0
53.0,53,170,976.4359009069592,690.5388852201554,7.755538950942392,1.0,1.0
53.0,53,172,826.8383957922397,812.6987432285819,7.755538950942392,1.0,1.0
53.0,53,173,7.895712497370266,57.68546934633096,11.185422719499034,3.0,1.0
53.0,53,174,963.9242775089432,744.659236982437,7.755538950942392,1.0,1.0
53.0,53,175,1332.4888642260285,864.7424195820147,9.77136677757192,2.0,1.0
53.0,53,178,1221.3816140969047,543.0796111569989,7.755538950942392,1.0,1.0
53.0,53,181,469.36017637276467,936.2845474361587,11.185422719499032,3.0,1.0
53.0,53,186,232.17368267117533,619.1424333934433,11.185422719499034,3.0,0.9999999999999999
53.0,53,187,613.3062207135508,899.944221470897,7.755538950942392,1.0,1.0
53.0,53,188,596.6719539881258,276.45619731679705,9.771366777571922,2.0,1.0
53.0,53,189,818.6354998069505,926.3981850604405,7.755538950942392,1.0,1.0
53.0,53,190,1088.1423816672166,969.844805602815,7.755538950942392,1.0,1.0
53.0,53,191,1076.4317199844395,751.1667005838066,9.77136677757192,2.0,1.0
53.0,53,193,352.4456506907806,99.51457243448691,7.755538950942392,1.0,1.0
53.0,53,198,205.52264929190352,621.498072285714,7.755538950942392,1.0,1.0
53.0,53,199,200.0501546134665,539.0715683387277,16.132171110904203,9.0,0.9999999999999999
53.0,53,201,138.59386914532342,427.51617064448453,9.77136677757192,2.0,1.0
53.0,53,208,1035.1870309281674,278.78104091248633,9.77136677757192,2.0,0.9999999999999999
53.0,53,210,106.53296418635888,1022.0220067890426,11.185422719499034,3.0,1.0
53.0,53,213,488.6427446922081,744.4476385562427,7.755538950942392,1.0,1.0
53.0,53,214,32.177951161751615,247.28296048883445,7.755538950942392,1.0,1.0
53.0,53,215,344.0436971568596,433.6116926734426,9.77136677757192,2.0,1.0
53.0,53,218,671.6449682565884,307.92233518250873,7.755538950942392,1.0,0.9999999999999999
53.0,53,219,297.8683179354849,100.9753213401442,7.755538950942392,1.0,1.0
53.0,53,220,310.02094873699906,923.0053132488421,11.185422719499032,3.0,0.9999999999999999
53.0,53,221,109.53011233299827,174.27085384434687,12.311150689306299,4.0,1.0
53.0,53,224,560.4797674320841,246.69463848954416,7.755538950942392,1.0,1.0
53.0,53,228,893.416607777837,33.56286863105011,9.771366777571922,2.0,1.0
53.0,53,230,1139.5305705521944,726.0048600329651,7.755538950942392,1.0,1.0
53.0,53,231,735.723445681166,312.99108576974515,7.755538950942392,1.0,1.0
53.0,53,232,504.80291604425287,227.9475617586888,7.755538950942392,1.0,1.0
53.0,53,238,910.2749231416828,861.7894683941661,7.755538950942392,1.0,1.0
53.0,53,239,1195.853715206208,925.5178604588019,7.755538950942392,1.0,1.0
53.0,53,241,1220.9914563567318,522.7417296407873,11.185422719499032,3.0,0.9999999999999999
53.0,53,242,736.5048670683574,25.378651611943365,7.755538950942392,1.0,1.0
53.0,53,243,73.52344066309264,686.0211517805343,7.755538950942392,1.0,0.9999999999999999
53.0,53,245,742.470919461328,781.930491908978,7.755538950942392,1.0,1.0
53.0,53,247,384.7586931689473,214.99173883214152,7.755538950942392,1.0,1.0
53.0,53,248,461.73998454148466,180.51530999759177,9.77136677757192,2.0,1.0
53.0,53,250,514.9585927233293,805.5934682365773,7.755538950942392,1.0,1.0
53.0,53,251,737.0014782537656,799.1140010944758,7.755538950942392,1.0,0.9999999999999999
53.0,53,255,1333.4069555590866,825.3803085300414,9.77136677757192,2.0,1.0
53.0,53,256,926.991142522919,731.301445326433,7.755538950942392,1.0,1.0
53.0,53,257,612.1183914649309,32.01255732320693,7.755538950942392,1.0,1.0
53.0,53,259,747.0334936454456,150.99891641552836,11.185422719499032,3.0,1.0
53.0,53,260,1096.724236672407,811.3141595363896,7.755538950942392,1.0,1.0
53.0,53,261,257.26508498406315,425.84110619248145,7.755538950942392,1.0,1.0
53.0,53,262,845.4771745619834,992.2389419868646,9.77136677757192,2.0,1.0
53.0,53,263,92.70193260844756,146.43125296213046,9.77136677757192,2.0,1.0
53.0,53,264,935.5842080155187,813.485902569854,7.755538950942392,1.0,1.0
53.0,53,265,1.8540238631247457,437.3057301006247,7.755538950942392,1.0,1.0
53.0,53,268,1017.3142322466757,225.26145774960187,7.755538950942392,1.0,1.0
53.0,53,269,121.62870286196951,380.7438961771532,9.771366777571922,2.0,1.0
53.0,53,270,337.3332821444169,401.6026054954941,9.771366777571922,2.0,1.0
53.0,53,272,231.08055934604124,296.34410304256573,7.755538950942392,1.0,1.0
53.0,53,273,619.6804595219913,579.3311840158119,7.755538950942392,1.0,1.0
53.0,53,274,793.3918954397919,852.9884705429802,7.755538950942392,1.0,1.0
53.0,53,275,1175.8832025273132,382.61663270156316,7.755538950942392,1.0,1.0
53.0,53,276,1098.0024152013489,525.609163255928,7.755538950942392,1.0,1.0
53.0,53,277,271.24730600472157,361.17358213686094,7.755538950942392,1.0,0.9999999999999999
53.0,53,278,1252.4618035330336,357.74465146777936,12.311150689306299,4.0,1.0
53.0,53,279,128.4691864552691,630.7446629080782,11.185422719499032,3.0,1.0
53.0,53,280,355.9521303598507,973.6533781703304,7.755538950942392,1.0,1.0
53.0,53,281,1190.0266825263957,552.4906546584589,11.185422719499032,3.0,0.9999999999999999
53.0,53,283,673.4007654939162,601.1953467795931,9.77136677757192,2.0,1.0
53.0,53,284,77.53296328631814,804.9103637559698,7.755538950942392,1.0,1.0
53.0,53,285,854.9675869400575,640.1965090338703,7.755538950942392,1.0,1.0
53.0,53,286,1141.9748582934271,260.9969045708815,7.755538950942392,1.0,1.0
53.0,53,287,94.71974420493125,707.2783049985832,7.755538950942392,1.0,0.9999999999999999
53.0,53,289,1242.9927706681556,811.1919708283099,12.311150689306299,4.0,1.0
53.0,53,291,498.753953248448,352.2033244073718,7.755538950942392,1.0,1.0
53.0,53,294,625.5165909021176,427.29824270023965,7.755538950942392,1.0,1.0
53.0,53,295,46.48555196209575,749.5621341914385,12.311150689306297,4.0,1.0
53.0,53,300,346.8715309466199,661.7664697246718,9.77136677757192,2.0,1.0
53.0,53,301,1111.2287014536928,32.82925095902828,9.77136677757192,2.0,1.0
53.0,53,302,641.7511438209277,996.1035582057773,7.755538950942392,1.0,1.0
53.0,53,304,722.0780228633599,412.10545937920233,7.755538950942392,1.0,1.0
53.0,53,306,151.44284665696526,589.3593385064883,7.755538950942392,1.0,1.0
53.0,53,307,982.660520361891,489.48381960378526,12.311150689306297,4.0,1.0
53.0,53,309,822.2226803842018,195.1596302274019,7.755538950942392,1.0,0.9999999999999999
53.0,53,311,693.7208773577585,572.9701794442373,9.77136677757192,2.0,0.9999999999999999
53.0,53,314,172.20616556459444,147.78821523823197,7.755538950942392,1.0,1.0
53.0,53,318,1215.7560178633953,601.4962192628954,11.185422719499032,3.0,0.9999999999999999
53.0,53,319,106.61593377096278,997.8319037633681,9.77136677757192,2.0,1.0
53.0,53,320,1246.2211677076784,119.46709619964061,9.77136677757192,2.0,0.9999999999999999
53.0,53,322,862.0120571666488,968.2688625505097,9.77136677757192,2.0,1.0
53.0,53,323,72.00401506122768,433.02752283077024,9.77136677757192,2.0,1.0
53.0,53,325,199.971109594609,933.1276813233226,7.755538950942392,1.0,1.0
53.0,53,326,204.08669608408204,469.938989179327,9.77136677757192,2.0,1.0
53.0,53,327,914.5130347487772,477.6488898046596,7.755538950942392,1.0,0.9999999999999999
53.0,53,328,692.6306790663581,298.04211581291577,7.755538950942392,1.0,1.0
53.0,53,330,408.073228563809,865.5431622822484,9.77136677757192,2.0,1.0
53.0,53,331,123.69197744763484,716.5035605372537,13.261785059625714,5.0,1.0
53.0,53,333,631.848120079139,29.465911203595816,7.755538950942392,1.0,1.0
53.0,53,334,1133.5841402099618,834.49884959852,7.755538950942392,1.0,0.9999999999999999
53.0,53,337,590.4261612648647,937.8106489028967,9.77136677757192,2.0,0.9999999999999999
53.0,53,339,814.3235893608114,92.75917783136306,7.755538950942392,1.0,1.0
53.0,53,340,893.0450614511814,666.154999143303,7.755538950942392,1.0,1.0
53.0,53,341,983.9047686748515,606.7821580007072,12.311150689306297,4.0,1.0
53.0,53,342,887.5010896221719,134.49969608341019,9.77136677757192,2.0,1.0
53.0,53,343,127.01719733999516,481.1432606260304,7.755538950942392,1.0,1.0
53.0,53,344,732.0440755900862,362.89644598774345,7.755538950942392,1.0,1.0
53.0,53,346,1181.2980990499682,633.3853503194757,7.755538950942392,1.0,1.0
53.0,53,348,405.648485100072,655.1306177061049,7.755538950942392,1.0,1.0
53.0,53,350,1259.9756566672263,151.71688704381114,7.755538950942392,1.0,1.0
53.0,53,354,476.16197240516175,232.2226771546596,7.755538950942392,1.0,1.0
53.0,53,355,95.16688701026688,491.4583569575311,7.755538950942392,1.0,1.0
53.0,53,356,685.6975884703209,1014.8459744055866,7.755538950942392,1.0,1.0
53.0,53,360,675.4429596950223,331.50504358505793,7.755538950942392,1.0,1.0
53.0,53,361,25.48104762250406,636.3683895970993,7.755538950942392,1.0,1.0
53.0,53,362,997.4917413685084,704.1574620583302,7.755538950942392,1.0,1.0
53.0,53,363,600.7029719813088,502.1198414873159,7.755538950942392,1.0,1.0
53.0,53,364,1332.1124653946686,422.6164247689243,7.755538950942392,1.0,1.0
53.0,53,365,117.37557316958834,74.58852257428835,7.755538950942392,1.0,1.0
53.0,53,366,845.8633409259533,164.2140921587477,7.755538950942392,1.0,1.0
53.0,53,367,1179.7513397380435,992.0838992309834,7.755538950942392,1.0,0.9999999999999999
53.0,53,368,1325.3349389231992,161.4323399550472,12.311150689306297,4.0,0.9999999999999999
53.0,53,369,862.9774962449638,356.33320261899075,7.755538950942392,1.0,1.0
53.0,53,370,33.875540993399305,995.0641579769673,7.755538950942392,1.0,0.9999999999999999
53.0,53,371,580.7280389637441,419.88371624699215,7.755538950942392,1.0,1.0
53.0,53,373,873.9234728603146,203.38256984555622,7.755538950942392,1.0,1.0
53.0,53,374,865.117160522203,75.31992417030163,9.77136677757192,2.0,1.0
53.0,53,378,87.29914559255324,661.2090554497016,7.755538950942392,1.0,1.0
53.0,53,380,851.4001264966712,12.04856199191286,7.755538950942392,1.0,1.0
53.0,53,381,817.2760785842834,333.8928359674284,9.77136677757192,2.0,1.0
53.0,53,382,1332.9466914693253,272.2819241116059,9.77136677757192,2.0,1.0
53.0,53,383,928.6881258695439,503.2307101327816,9.771366777571922,2.0,1.0
53.0,53,385,696.4584998305564,538.4494721503214,7.755538950942392,1.0,1.0
53.0,53,387,816.184143149591,266.9444516210291,9.77136677757192,2.0,1.0
53.0,53,388,188.49302416199387,647.7953281858228,7.755538950942392,1.0,1.0
53.0,53,390,364.2697667811955,166.26051493143999,11.185422719499032,3.0,1.0
53.0,53,391,734.0434579521102,508.21331104100284,12.311150689306299,4.0,1.0
53.0,53,393,264.0656237234104,903.7461194341364,7.755538950942392,1.0,1.0
53.0,53,395,1286.3077705552182,161.33194200018215,7.755538950942392,1.0,1.0
53.0,53,396,1044.1641697760324,359.9360683090746,9.77136677757192,2.0,1.0
53.0,53,399,528.0713580950984,615.7849703591679,11.185422719499032,3.0,1.0
53.0,53,400,230.4954013504753,382.9548735451935,7.755538950942392,1.0,1.0
53.0,53,403,639.4124602870565,535.6405817719872,7.755538950942392,1.0,1.0
53.0,53,405,762.4286113225623,371.1084252131633,12.311150689306297,4.0,1.0
53.0,53,406,264.1118904973991,795.3415646234237,14.092749536269183,6.0,1.0
53.0,53,409,578.6288321706621,868.3715164604986,11.185422719499032,3.0,1.0
53.0,53,410,564.3564105956518,537.7308759114733,7.755538950942392,1.0,1.0
53.0,53,412,747.5115260538035,654.92864253812,9.77136677757192,2.0,1.0
53.0,53,414,1213.1619744219659,496.18651971461554,7.755538950942392,1.0,1.0
53.0,53,415,1135.732006800355,695.5603063124854,7.755538950942392,1.0,1.0
53.0,53,416,394.0383016679011,731.5174819735208,7.755538950942392,1.0,1.0
53.0,53,417,906.1299741451827,520.3457802280944,9.77136677757192,2.0,1.0
53.0,53,418,531.9479762597733,682.7428946783662,9.77136677757192,2.0,1.0
53.0,53,419,334.524991853415,898.6604459120595,9.771366777571922,2.0,1.0
53.0,53,420,687.0913485009113,973.3027924130362,7.755538950942392,1.0,1.0
53.0,53,421,978.2935601265309,356.56402275558264,7.755538950942392,1.0,1.0
53.0,53,422,156.85565935812133,656.4720130130319,7.755538950942392,1.0,0.9999999999999999
53.0,53,427,540.3458820531789,8.32695401577959,9.77136677757192,2.0,1.0
53.0,53,428,1061.2347775170635,204.6436385935792,9.77136677757192,2.0,1.0
53.0,53,431,271.4320804762297,577.4809210219521,7.755538950942392,1.0,0.9999999999999999
53.0,53,432,365.0444311594086,773.451671534532,9.77136677757192,2.0,1.0
53.0,53,433,286.7600204210093,603.4534350152948,9.77136677757192,2.0,1.0
53.0,53,435,884.9511418859175,237.14533509720312,7.755538950942392,1.0,1.0
53.0,53,436,315.04985602562596,664.4347658400799,7.755538950942392,1.0,1.0
53.0,53,438,865.8741531585435,712.8752719031246,7.755538950942392,1.0,1.0
53.0,53,439,536.5140767377982,864.8754348952716,11.185422719499032,3.0,1.0
53.0,53,440,347.76954823596026,878.5499982855239,7.755538950942392,1.0,1.0
53.0,53,441,947.3970987636433,426.68675423906876,9.771366777571922,2.0,1.0
53.0,53,442,501.34874704357674,325.19789120490003,7.755538950942392,1.0,1.0
53.0,53,443,216.4470683145796,748.5749863374102,7.755538950942392,1.0,0.9999999999999999
53.0,53,444,148.01916352641172,732.5340448438898,7.755538950942392,1.0,1.0
53.0,53,445,1051.3125098928822,42.87050085107048,7.755538950942392,1.0,0.9999999999999999
53.0,53,446,332.9633712819322,257.0702573621092,7.755538950942392,1.0,1.0
53.0,53,449,1196.211265219826,133.77783493777594,7.755538950942392,1.0,1.0
53.0,53,451,1333.7793643030661,506.27908468228657,7.755538950942392,1.0,1.0
53.0,53,453,196.5317654707092,1016.3711281231409,7.755538950942392,1.0,1.0
53.0,53,455,849.4198940919748,210.2150099710727,11.185422719499032,3.0,1.0
53.0,53,456,312.04772389812115,816.0172176505733,9.77136677757192,2.0,0.9999999999999999
53.0,53,458,1246.8558594582814,181.42688983112285,7.755538950942392,1.0,0.9999999999999999
53.0,53,459,1316.088687468541,355.31164054214065,9.77136677757192,2.0,1.0
53.0,53,461,141.48979010565216,56.16330227754427,9.77136677757192,2.0,1.0
53.0,53,462,1100.0536132469701,305.9423343372841,7.755538950942392,1.0,1.0
53.0,53,464,1335.7977498280961,71.389808091848,7.755538950942392,1.0,1.0
53.0,53,465,793.2240422563158,172.98094598261437,7.755538950942392,1.0,0.9999999999999999
53.0,53,466,406.4801259935874,618.3655157155215,9.77136677757192,2.0,1.0
53.0,53,468,1210.06472488237,908.3845554381012,7.755538950942392,1.0,1.0
53.0,53,469,1132.1671462895488,882.0706131092323,7.755538950942392,1.0,1.0
53.0,53,470,84.22360497664171,413.44665015068085,7.755538950942392,1.0,0.9999999999999999
53.0,53,471,60.650796824770254,486.5249200696479,7.755538950942392,1.0,1.0
53.0,53,472,308.2101946812037,130.85360957566354,7.755538950942392,1.0,1.0
53.0,53,473,393.5368430806426,906.4269556068081,7.755538950942392,1.0,1.0
53.0,53,474,85.25806913185744,1001.051884139203,9.771366777571922,2.0,1.0
53.0,53,476,483.5792857989274,133.86213851295665,11.185422719499034,3.0,1.0
53.0,53,477,277.5881138814487,934.1269152236414,11.185422719499032,3.0,1.0
53.0,53,479,357.5863501110905,936.3059048287355,7.755538950942392,1.0,1.0
53.0,53,481,593.3108849615785,975.855548478978,11.185422719499034,3.0,0.9999999999999999
53.0,53,483,564.0037096812421,40.213991880715646,7.755538950942392,1.0,1.0
53.0,53,485,1046.2546648327839,685.6691588727452,7.755538950942392,1.0,1.0
53.0,53,486,397.33387359458305,133.51362459646694,7.755538950942392,1.0,1.0
53.0,53,487,1063.8681170030038,965.5326666244998,12.311150689306295,4.0,1.0
53.0,53,489,654.0261229493153,147.41996281581058,9.77136677757192,2.0,1.0
53.0,53,490,455.27120290334364,903.4073310874089,9.77136677757192,2.0,1.0
53.0,53,491,654.5210379411618,758.5066645132434,9.77136677757192,2.0,0.9999999999999999
53.0,53,493,97.41814316318896,372.54494721930536,7.755538950942392,1.0,1.0
53.0,53,494,811.3035280818085,766.5781057759588,9.77136677757192,2.0,1.0
53.0,53,496,698.0844156870438,505.04752332209785,9.771366777571922,2.0,1.0
53.0,53,497,1197.1227115130341,772.658616283103,7.755538950942392,1.0,1.0
53.0,53,498,419.5907130024064,482.0424932384719,7.755538950942392,1.0,0.9999999999999999
53.0,53,500,538.9777435726234,183.0639202605364,7.755538950942392,1.0,1.0
53.0,53,501,519.8968883495149,991.389011489172,12.311150689306299,4.0,1.0
53.0,53,503,537.8030768629349,41.99985908770145,12.311150689306299,4.0,0.9999999999999999
53.0,53,504,992.5461041130193,203.5589003927624,7.755538950942392,1.0,1.0
53.0,53,506,104.66804711989413,738.5521346671882,7.755538950942392,1.0,1.0
53.0,53,507,1338.7387643676568,324.20016722211,7.755538950942392,1.0,1.0
53.0,53,508,1170.0455359002506,523.9264265562379,11.185422719499032,3.0,1.0
53.0,53,509,1065.9478748786776,867.2227912512002,9.77136677757192,2.0,0.9999999999999999
53.0,53,510,601.6034811067036,214.50931281987496,12.311150689306295,4.0,1.0
53.0,53,511,520.4363410457366,507.8423921077257,9.77136677757192,2.0,1.0
53.0,53,512,190.30240906053322,865.9283726056887,11.185422719499034,3.0,1.0
53.0,53,513,1253.4657684378876,582.0359551265465,13.26178505962571,5.0,1.0
53.0,53,516,1222.3848216311571,382.79150138919266,9.77136677757192,2.0,0.9999999999999999
53.0,53,517,904.1269673910588,832.4343537807899,9.77136677757192,2.0,0.9999999999999999
53.0,53,518,133.37560691373588,528.0032165591392,12.311150689306299,4.0,0.9999999999999999
53.0,53,519,821.1911553350996,382.8982926038582,14.09274953626919,6.0,1.0
53.0,53,520,806.1645432034492,5.0854073731031075,11.185422719499034,3.0,1.0
53.0,53,521,821.9391836540726,50.82360882144973,11.185422719499034,3.0,0.9999999999999999
53.0,53,522,987.8787178649893,977.7184293484854,7.755538950942392,1.0,1.0
53.0,53,523,975.4093937389625,186.9974536710541,7.755538950942392,1.0,1.0
53.0,53,524,863.0914661117497,875.7257092544266,9.77136677757192,2.0,1.0
53.0,53,529,783.3979676160855,569.5906984104499,7.755538950942392,1.0,1.0
53.0,53,530,119.43428702718168,679.2172399272018,9.771366777571922,2.0,1.0
53.0,53,533,827.7980283280898,868.6057675363732,9.771366777571922,2.0,1.0
53.0,53,535,838.5665475604355,137.50364734432304,7.755538950942392,1.0,1.0
53.0,53,536,340.4306946388014,493.6273554705362,7.755538950942392,1.0,1.0
53.0,53,538,549.7397717753987,445.6503210302776,11.185422719499032,3.0,1.0
53.0,53,539,965.582651048898,219.8085099958307,7.755538950942392,1.0,0.9999999999999999
53.0,53,540,302.77773254019394,545.7347051550704,7.755538950942392,1.0,1.0
53.0,53,543,909.4470370543244,410.450438045465,9.77136677757192,2.0,1.0
53.0,53,546,1036.4733037777046,833.1133618083028,9.77136677757192,2.0,1.0
53.0,53,547,496.42516149842965,255.49220152480552,7.755538950942392,1.0,1.0
53.0,53,548,890.9967559593578,449.35697179948977,11.185422719499034,3.0,1.0
53.0,53,551,1249.985253414837,764.0769840719506,7.755538950942392,1.0,1.0
53.0,53,555,159.8500518025982,199.44507529913986,11.185422719499032,3.0,0.9999999999999999
53.0,53,556,267.9638319905128,467.7107188070847,7.755538950942392,1.0,1.0
53.0,53,557,594.3339514158041,322.6122220871603,11.185422719499032,3.0,1.0
53.0,53,558,232.72821154465782,63.47345034889272,7.755538950942392,1.0,1.0
53.0,53,559,1072.7641534073002,80.97574857345734,7.755538950942392,1.0,1.0
53.0,53,561,1308.4103020251857,888.1019822463422,7.755538950942392,1.0,0.9999999999999999
53.0,53,562,181.04524558558523,232.92411053724734,11.185422719499032,3.0,0.9999999999999999
53.0,53,563,437.32708815716353,422.017678105355,7.755538950942392,1.0,1.0
53.0,53,564,362.3943029681086,451.4530595589548,11.185422719499032,3.0,1.0
53.0,53,565,1213.5841013727245,743.7786031574876,7.755538950942392,1.0,1.0
53.0,53,568,1113.9212202396145,155.95311973846398,7.755538950942392,1.0,1.0
53.0,53,569,321.6782600078778,344.0492826384452,7.755538950942392,1.0,1.0
53.0,53,570,1320.811732070067,560.4802916408223,9.77136677757192,2.0,1.0
53.0,53,573,485.0668595361473,964.54522897709,7.755538950942392,1.0,1.0
53.0,53,574,181.05017033660724,797.0480857796708,7.755538950942392,1.0,1.0
53.0,53,575,665.6090203774851,691.5413605256298,7.755538950942392,1.0,1.0
53.0,53,576,814.7735044232879,162.45661054524732,7.755538950942392,1.0,1.0
53.0,53,579,538.3474583227062,273.10121992837645,7.755538950942392,1.0,1.0
53.0,53,581,606.9358051268586,832.9213354454884,11.185422719499032,3.0,1.0
53.0,53,582,565.8597181998235,278.8312957740044,9.77136677757192,2.0,1.0
53.0,53,583,1222.657977899814,254.3980978369797,9.77136677757192,2.0,1.0
53.0,53,584,1090.2079115398726,783.4544395616415,7.755538950942392,1.0,1.0
53.0,53,586,385.9864144887813,1021.3430589221941,7.755538950942392,1.0,1.0
53.0,53,587,1071.7798619507591,823.1013992291491,9.77136677757192,2.0,1.0
53.0,53,592,872.175955925001,294.8116550683581,7.755538950942392,1.0,1.0
53.0,53,593,692.8699481873558,787.2233145162977,9.77136677757192,2.0,1.0
53.0,53,594,531.2903014333497,901.7798333517208,9.771366777571922,2.0,1.0
53.0,53,598,610.4434534170537,449.73170754075994,11.185422719499032,3.0,1.0
53.0,53,599,1074.9431211213798,156.33119141747787,7.755538950942392,1.0,1.0
53.0,53,600,542.3363902152604,528.802429874005,11.185422719499034,3.0,0.9999999999999999
53.0,53,602,168.28540525037985,314.0098396832015,7.755538950942392,1.0,1.0
53.0,53,605,795.6579322942572,38.226143603103,13.261785059625714,5.0,1.0
53.0,53,606,1208.7176000977904,639.7491954578431,7.755538950942392,1.0,0.9999999999999999
53.0,53,607,1170.8485653175248,180.64505828878683,12.311150689306297,4.0,0.9999999999999999
53.0,53,608,938.3175773055502,693.4494363535777,7.755538950942392,1.0,1.0
53.0,53,609,1001.5373809389837,856.0363987342773,7.755538950942392,1.0,0.9999999999999999
53.0,53,611,960.4988393013786,446.1685261241143,9.77136677757192,2.0,0.9999999999999999
53.0,53,612,353.8348819957845,307.9392043371253,14.09274953626919,6.0,0.9999999999999999
53.0,53,613,1259.9625280486007,726.675730188406,7.755538950942392,1.0,1.0
53.0,53,614,394.2726899560677,758.2265808004936,11.185422719499032,3.0,0.9999999999999999
53.0,53,619,628.3294888606443,239.28840503916743,7.755538950942392,1.0,1.0
53.0,53,621,180.15040046054474,49.19701243528965,7.755538950942392,1.0,0.9999999999999999
53.0,53,622,267.82326753557606,44.61769900225488,7.755538950942392,1.0,1.0
53.0,53,625,587.2297584321559,735.0031317892026,7.755538950942392,1.0,1.0
53.0,53,626,890.8283243889822,173.14659190195127,7.755538950942392,1.0,1.0
53.0,53,627,1253.3944675208297,22.831367920714577,12.311150689306299,4.0,1.0
53.0,53,629,799.0054128339789,884.4171316320283,11.185422719499032,3.0,0.9999999999999999
53.0,53,632,400.114020176285,693.8206322995374,9.771366777571922,2.0,1.0
53.0,53,633,1113.1979722473332,87.7757037145231,9.77136677757192,2.0,0.9999999999999999
53.0,53,634,994.9330387840441,329.6729223163509,7.755538950942392,1.0,1.0
53.0,53,636,677.3009717498766,932.0288865541855,9.771366777571922,2.0,1.0
53.0,53,638,76.06144937464423,226.06160042866162,7.755538950942392,1.0,1.0
53.0,53,640,34.376195678421894,450.21112979634273,7.755538950942392,1.0,1.0
53.0,53,641,166.87155703010285,926.2535912090686,7.755538950942392,1.0,1.0
53.0,53,644,23.779902792845366,33.14605526141455,9.77136677757192,2.0,1.0
53.0,53,645,1264.55719561118,72.17813362905858,7.755538950942392,1.0,1.0
53.0,53,646,376.1655963798689,884.7629369682211,11.185422719499032,3.0,0.9999999999999999
53.0,53,647,171.69368945899902,289.34132505070215,9.771366777571922,2.0,0.9999999999999999
53.0,53,649,1117.2411338626368,114.35206904754484,9.77136677757192,2.0,1.0
53.0,53,654,1284.8788507820016,129.54528548851846,9.77136677757192,2.0,1.0
53.0,53,655,579.4928177372285,702.7367675967106,7.755538950942392,1.0,1.0
53.0,53,658,574.4447927342501,345.39708728295915,14.092749536269185,6.0,1.0
53.0,53,659,1299.2922085590028,970.148442123272,7.755538950942392,1.0,0.9999999999999999
53.0,53,662,1133.0035579986213,958.3398500691848,7.755538950942392,1.0,1.0
53.0,53,665,1037.1375943935363,116.69264401930899,11.185422719499032,3.0,1.0
53.0,53,666,1232.0148860130334,1002.0164922538013,12.311150689306299,4.0,1.0
53.0,53,667,194.34877100008725,81.47681946859608,7.755538950942392,1.0,1.0
53.0,53,668,237.71130103244005,952.4243565836082,7.755538950942392,1.0,1.0
53.0,53,671,1026.4691716683456,89.16712516720398,7.755538950942392,1.0,1.0
53.0,53,672,806.9884249391793,977.1494107022376,7.755538950942392,1.0,0.9999999999999999
53.0,53,674,1052.6882497748259,635.7980704862626,7.755538950942392,1.0,1.0
53.0,53,675,395.60764756764166,501.6907307677891,7.755538950942392,1.0,0.9999999999999999
53.0,53,676,1284.6309712858656,867.7815849460618,9.77136677757192,2.0,1.0
53.0,53,678,121.84597208490155,244.71851115583664,7.755538950942392,1.0,1.0
53.0,53,680,864.078067437832,606.1441198708388,7.755538950942392,1.0,1.0
53.0,53,682,1215.7385798183268,83.66663905393922,7.755538950942392,1.0,0.9999999999999999
53.0,53,684,1312.0936089045679,933.3211629596135,11.185422719499034,3.0,1.0
53.0,53,686,891.6777988934463,313.30850454271683,7.755538950942392,1.0,1.0
53.0,53,687,1204.1537143342798,282.04555647133503,12.311150689306297,4.0,1.0
53.0,53,688,239.97299332357738,492.21989843103773,7.755538950942392,1.0,0.9999999999999999
53.0,53,689,437.21856915964815,618.4870595769274,7.755538950942392,1.0,1.0
53.0,53,692,730.9333988504737,295.37447114319144,7.755538950942392,1.0,1.0
53.0,53,694,1105.2504790201037,884.2598758034354,7.755538950942392,1.0,0.9999999999999999
53.0,53,698,668.3587419314289,98.47222995825155,7.755538950942392,1.0,1.0
53.0,53,700,445.4945958469912,505.44650689783606,11.185422719499032,3.0,1.0
53.0,53,702,695.3312337921454,30.275210493300467,7.755538950942392,1.0,1.0
53.0,53,704,139.0954875801542,263.79267664005334,7.755538950942392,1.0,0.9999999999999999
53.0,53,705,407.69711948471337,404.1067080115835,9.77136677757192,2.0,1.0
53.0,53,706,299.238434370145,203.09349286914997,11.185422719499032,3.0,1.0
53.0,53,707,249.3531233536822,254.98664347947727,11.185422719499032,3.0,1.0
53.0,53,710,817.019832006343,670.2169340936711,7.755538950942392,1.0,0.9999999999999999
53.0,53,716,1323.6566583401604,673.1460304355928,9.77136677757192,2.0,1.0
53.0,53,717,524.7731438276704,655.4120468361422,13.26178505962571,5.0,1.0
53.0,53,718,436.3392536180691,158.687901326862,7.755538950942392,1.0,1.0
53.0,53,720,633.6426797921492,829.9483043667882,9.77136677757192,2.0,1.0
53.0,53,722,1004.983775457372,783.465681171973,11.185422719499032,3.0,1.0
53.0,53,723,431.67571810552045,594.2413217119212,11.185422719499032,3.0,1.0
53.0,53,724,894.7130508220057,624.4084099895108,7.755538950942392,1.0,1.0
53.0,53,726,1269.8606630963436,47.18576589858616,9.771366777571922,2.0,1.0
53.0,53,728,1034.807808253419,394.00713561216804,7.755538950942392,1.0,1.0
53.0,53,729,564.6721873862854,104.83426886994248,9.771366777571922,2.0,1.0
53.0,53,730,688.6145217240235,456.1912513658518,9.77136677757192,2.0,1.0
53.0,53,732,515.4234679722719,157.44200354838424,11.185422719499032,3.0,1.0
53.0,53,733,251.0367720438673,279.88764208611974,11.185422719499034,3.0,1.0
53.0,53,734,1335.1790690536207,24.393257594247157,7.755538950942392,1.0,1.0
53.0,53,735,723.8340009805235,8.435617616392616,7.755538950942392,1.0,1.0
53.0,53,737,1107.0281164396365,482.3237242859162,11.185422719499032,3.0,1.0
53.0,53,740,1240.0945345225323,964.1383979936278,7.755538950942392,1.0,1.0
53.0,53,743,738.0074120793304,180.72688552725796,9.77136677757192,2.0,1.0
53.0,53,745,1088.5117849398366,497.5482114249344,9.77136677757192,2.0,0.9999999999999999
53.0,53,746,1273.5216317301824,381.1207851317747,9.77136677757192,2.0,1.0
53.0,53,747,626.5622813774912,738.4265352998432,7.755538950942392,1.0,1.0
53.0,53,748,1222.3888053258747,335.0998458453116,7.755538950942392,1.0,1.0
53.0,53,750,791.6893629122001,247.20689656437216,9.77136677757192,2.0,1.0
53.0,53,752,1310.1141884969925,691.4510373886006,9.771366777571922,2.0,1.0
53.0,53,753,647.1373651488291,479.40090533707104,9.771366777571922,2.0,1.0
53.0,53,754,548.3760372603589,730.2809500900864,7.755538950942392,1.0,1.0
53.0,53,755,940.8497480759379,130.98015053422537,7.755538950942392,1.0,1.0
53.0,53,757,774.0023106713631,480.203264905964,9.77136677757192,2.0,1.0
53.0,53,758,648.4383827517916,410.4599240099616,9.77136677757192,2.0,1.0
53.0,53,759,58.140847881155494,621.2333835329646,11.185422719499032,3.0,1.0
53.0,53,760,163.23437641645333,1011.3324886285218,9.77136677757192,2.0,0.9999999999999999
53.0,53,762,993.7793164276328,52.35749961452923,11.185422719499032,3.0,0.9999999999999999
53.0,53,764,224.00676737261523,659.5745416352585,7.755538950942392,1.0,1.0
53.0,53,765,722.4085262701069,472.30319070078053,11.185422719499034,3.0,0.9999999999999999
53.0,53,766,361.2169469955443,7.932652982174499,9.77136677757192,2.0,1.0
53.0,53,767,346.3058154225096,594.6288642330769,7.755538950942392,1.0,1.0
53.0,53,768,717.2460497481683,639.3916617182542,12.311150689306299,4.0,1.0
53.0,53,769,4.04217485787606,686.839567807644,12.311150689306299,4.0,1.0
53.0,53,772,1027.549216610418,917.453003731911,7.755538950942392,1.0,1.0
53.0,53,773,931.0643417351891,658.579106024909,7.755538950942392,1.0,1.0
53.0,53,774,74.81418270583758,849.8464708012049,11.185422719499034,3.0,1.0
53.0,53,775,693.0679212211278,868.262085754809,7.755538950942392,1.0,1.0
53.0,53,776,1085.867832551928,143.62230723377294,7.755538950942392,1.0,1.0
53.0,53,777,389.9348098734303,326.4847973476376,7.755538950942392,1.0,1.0
53.0,53,779,493.4679921707931,108.5398812424991,7.755538950942392,1.0,1.0
53.0,53,780,237.52717676541243,682.8779219837207,11.185422719499032,3.0,0.9999999999999999
53.0,53,781,422.4545347676526,197.33849429549906,7.755538950942392,1.0,1.0
53.0,53,782,142.7048632887406,567.4291194717111,11.185422719499032,3.0,1.0
53.0,53,783,174.87271175459261,703.4830657220249,13.26178505962571,5.0,1.0
53.0,53,786,484.29850429851757,839.481672972199,7.755538950942392,1.0,1.0
53.0,53,787,737.9194421423549,855.102674416623,11.185422719499032,3.0,1.0
53.0,53,788,1120.8879379381638,403.5839835234727,7.755538950942392,1.0,0.9999999999999999
53.0,53,789,392.0149672935595,973.8352271734082,11.185422719499034,3.0,1.0
53.0,53,790,712.3361624723383,920.3118722521415,9.77136677757192,2.0,1.0
53.0,53,791,928.5123392865868,965.6100209026583,11.185422719499032,3.0,1.0
53.0,53,792,556.3929653241788,770.7823050785007,14.835812298463564,7.0,1.0
53.0,53,795,241.35582026553638,843.3331625128428,11.185422719499032,3.0,0.9999999999999999
53.0,53,796,233.66790166494133,318.40467890089917,7.755538950942392,1.0,0.9999999999999999
53.0,53,798,1014.9190116111242,472.3232057120778,7.755538950942392,1.0,1.0
53.0,53,799,26.43094601410905,201.26500432351276,7.755538950942392,1.0,0.9999999999999999
53.0,53,800,338.920622332209,722.1592724514726,9.77136677757192,2.0,1.0
53.0,53,801,1242.3638751579927,95.26781887976884,7.755538950942392,1.0,1.0
53.0,53,805,715.2783464191004,976.3200233318681,9.77136677757192,2.0,1.0
53.0,53,806,382.40594602006684,672.2544468972326,7.755538950942392,1.0,1.0
53.0,53,809,1190.2249459319155,469.1989919540471,9.77136677757192,2.0,1.0
53.0,53,810,1053.1437600709455,144.01443984968137,9.77136677757192,2.0,1.0
53.0,53,811,819.9336705315573,542.1286065140422,9.77136677757192,2.0,1.0
53.0,53,812,50.24770242081772,409.25849389076546,7.755538950942392,1.0,1.0
53.0,53,815,475.83591313974046,574.5977952929169,9.77136677757192,2.0,1.0
53.0,53,817,1191.1158892145147,732.082989433196,9.77136677757192,2.0,1.0
53.0,53,818,271.1883907648528,1008.0118069512941,7.755538950942392,1.0,0.9999999999999999
53.0,53,819,1029.1313260270058,943.8623783918345,7.755538950942392,1.0,1.0
53.0,53,820,1106.75077096418,595.0398245144356,7.755538950942392,1.0,1.0
53.0,53,821,1313.6874332550565,37.26719664513035,13.261785059625714,5.0,1.0
53.0,53,823,477.89227891765034,688.9466640992935,7.755538950942392,1.0,1.0
53.0,53,824,554.5181535878539,169.10194627392923,7.755538950942392,1.0,1.0
53.0,53,826,979.8042153561053,836.5088389487897,7.755538950942392,1.0,1.0
53.0,53,827,897.6520792843778,9.624625552475896,7.755538950942392,1.0,1.0
53.0,53,828,152.02268916679074,822.0015374673284,9.77136677757192,2.0,1.0
53.0,53,829,773.450623745764,147.7971847499371,9.77136677757192,2.0,1.0
53.0,53,830,439.1692338911154,753.1066575031832,9.771366777571922,2.0,1.0
53.0,53,831,832.6584642684429,611.9468743276441,7.755538950942392,1.0,1.0
53.0,53,832,1047.2390288958218,463.99852961248155,9.77136677757192,2.0,1.0
53.0,53,833,461.5533109025416,314.72177235588134,11.185422719499034,3.0,1.0
53.0,53,837,941.5939584255947,630.5821021604426,11.185422719499034,3.0,1.0
53.0,53,838,311.09416889660804,302.4092196441635,7.755538950942392,1.0,1.0
53.0,53,839,963.7907928794214,102.46165846055132,7.755538950942392,1.0,1.0
53.0,53,840,745.1254094179735,680.5714987340369,7.755538950942392,1.0,1.0
53.0,53,841,896.4528427062554,581.7643843933436,11.185422719499032,3.0,1.0
53.0,53,842,41.62072625128381,512.8646218944718,7.755538950942392,1.0,1.0
53.0,53,843,942.6155718755224,905.2219321692754,7.755538950942392,1.0,0.9999999999999999
53.0,53,845,1340.2438269106688,627.4603106398336,7.755538950942392,1.0,1.0
53.0,53,846,690.208669291358,433.732100808694,9.77136677757192,2.0,0.9999999999999999
53.0,53,848,586.6087378508279,631.0836084807538,12.311150689306297,4.0,1.0
53.0,53,851,1321.0512252886122,643.5501209286368,9.77136677757192,2.0,1.0
53.0,53,853,475.9069567982726,797.0141520923457,9.77136677757192,2.0,1.0
53.0,53,855,597.1567639503577,591.7362170620679,7.755538950942392,1.0,1.0
53.0,53,857,748.4771493526644,898.1935334434784,9.771366777571922,2.0,1.0
53.0,53,859,900.5392034182064,770.6042019440978,9.771366777571922,2.0,1.0
53.0,53,860,8.780214602187234,263.07511311867,9.771366777571922,2.0,1.0
53.0,53,861,997.2159890978763,78.8890978166249,7.755538950942392,1.0,1.0
53.0,53,862,301.34973321953737,578.0929667999608,7.755538950942392,1.0,1.0
53.0,53,863,710.3914538264341,663.8683396757547,9.771366777571922,2.0,1.0
53.0,53,865,842.2407861704321,112.12887740677344,7.755538950942392,1.0,1.0
53.0,53,866,930.4976442946737,25.320572926096162,9.77136677757192,2.0,0.9999999999999999
53.0,53,868,1296.8630940545927,805.1673617076918,14.092749536269187,6.0,0.9999999999999999
53.0,53,869,1318.2599313338485,116.24917494800131,9.77136677757192,2.0,0.9999999999999999
53.0,53,870,235.48868238290535,187.6623454411668,7.755538950942392,1.0,1.0
53.0,53,871,713.6746994499398,748.7092152309217,12.311150689306299,4.0,1.0
53.0,53,872,1031.558864354599,438.46494113447426,7.755538950942392,1.0,1.0
53.0,53,873,64.88530123386185,383.25998641811896,7.755538950942392,1.0,1.0
53.0,53,877,170.73196243798122,433.80629390802164,7.755538950942392,1.0,1.0
53.0,53,879,708.1641210044395,338.2661548330373,7.755538950942392,1.0,1.0
53.0,53,882,288.71846017924327,636.8846064544591,7.755538950942392,1.0,1.0
53.0,53,883,11.540397419181998,147.58432122157183,9.77136677757192,2.0,0.9999999999999999
53.0,53,884,655.2502410481543,339.55434959048944,9.77136677757192,2.0,1.0
53.0,53,886,71.21323925410387,643.4983333230433,7.755538950942392,1.0,1.0
53.0,53,887,456.2291826006713,248.28399916144159,12.311150689306299,4.0,1.0
53.0,53,890,1266.756190685578,255.07245274023853,11.185422719499032,3.0,0.9999999999999999
53.0,53,892,339.43158294188964,44.363966388974156,7.755538950942392,1.0,0.9999999999999999
53.0,53,894,1185.0827606096461,2.26219897921898,9.771366777571922,2.0,1.0
53.0,53,896,232.92487727761815,927.3418065411344,7.755538950942392,1.0,0.9999999999999999
53.0,53,897,734.6094976587513,584.8220053692322,9.77136677757192,2.0,1.0
53.0,53,898,1083.5640779640848,288.6406190352664,9.77136677757192,2.0,1.0
53.0,53,899,1200.8924658605756,818.9969918372223,9.77136677757192,2.0,1.0
53.0,53,901,1052.3061075408534,5.529210600560769,11.185422719499032,3.0,1.0
53.0,53,903,289.786913609158,382.65822438006654,12.311150689306297,4.0,1.0
53.0,53,905,713.4004198941227,875.6117692865433,9.77136677757192,2.0,0.9999999999999999
53.0,53,907,1155.1612508646738,924.8706671882275,7.755538950942392,1.0,1.0
53.0,53,910,1270.4944437136567,788.2365176914948,9.77136677757192,2.0,1.0
53.0,53,911,326.53966778682275,88.61425513079942,7.755538950942392,1.0,1.0
53.0,53,912,431.68170708866575,893.2900665339624,7.755538950942392,1.0,1.0
53.0,53,913,314.58402481204854,741.3526275986122,7.755538950942392,1.0,1.0
53.0,53,914,872.5422094884931,380.3338458745298,11.185422719499034,3.0,1.0
53.0,53,915,41.69910059352088,60.260307300379104,7.755538950942392,1.0,1.0
53.0,53,916,834.0485392540594,310.07720314027745,7.755538950942392,1.0,1.0
53.0,53,921,1226.421186631432,475.5853565124384,7.755538950942392,1.0,1.0
53.0,53,924,644.2075294151174,1022.992960417963,9.77136677757192,2.0,1.0
53.0,53,925,893.2682620955751,357.67251982382703,11.185422719499034,3.0,1.0
53.0,53,926,229.3324562813554,92.35805027037901,11.185422719499032,3.0,0.9999999999999999
53.0,53,927,1267.835503704154,94.46055151754949,11.185422719499032,3.0,1.0
53.0,53,928,528.2644903350273,952.8853127383713,7.755538950942392,1.0,1.0
53.0,53,930,808.0309968226567,571.0522967797897,11.185422719499032,3.0,1.0
53.0,53,932,1278.652399452655,544.9350485324298,11.185422719499032,3.0,1.0
53.0,53,933,1021.0663619195736,199.64296390508522,7.755538950942392,1.0,1.0
53.0,53,934,321.27640503606483,15.66045566827682,13.261785059625714,5.0,1.0
53.0,53,935,295.5429293564827,798.8863502889361,7.755538950942392,1.0,1.0
53.0,53,936,523.3747425600352,403.7082489802583,9.77136677757192,2.0,1.0
53.0,53,937,925.5843532714731,994.4006118087034,9.77136677757192,2.0,1.0
53.0,53,939,1166.4453316837894,128.43997910173158,9.77136677757192,2.0,1.0
53.0,53,941,53.06479044059896,953.7056638475086,11.185422719499032,3.0,0.9999999999999999
53.0,53,947,412.1931290164488,76.80684554171943,7.755538950942392,1.0,1.0
53.0,53,949,1213.0052515420964,30.11740520601834,11.185422719499032,3.0,1.0
53.0,53,950,374.75578598275763,637.6654354101634,7.755538950942392,1.0,0.9999999999999999
53.0,53,951,99.87588340857728,321.4900224189915,11.185422719499032,3.0,1.0
53.0,53,952,182.14675650267594,176.75024132706238,7.755538950942392,1.0,1.0
53.0,53,953,584.9305617522283,142.62631580819644,9.77136677757192,2.0,1.0
53.0,53,954,1307.9570993001253,205.10522213731153,7.755538950942392,1.0,1.0
53.0,53,955,471.4876120752072,420.0042363474429,9.77136677757192,2.0,1.0
53.0,53,956,1069.5224880756982,613.9304478375858,9.77136677757192,2.0,1.0
53.0,53,957,266.39258923787315,543.2869672657506,12.311150689306297,4.0,1.0
53.0,53,959,188.6168180891306,900.8495604516295,9.77136677757192,2.0,1.0
53.0,53,961,282.0671494250075,179.899339241599,9.77136677757192,2.0,1.0
53.0,53,962,1303.5916194425977,846.9418434677599,12.311150689306299,4.0,1.0
53.0,53,963,392.8122616763283,195.87488568602237,9.77136677757192,2.0,1.0
53.0,53,965,863.173115464279,478.99755583959944,7.755538950942392,1.0,1.0
53.0,53,969,434.4176561119851,464.95531099138526,9.77136677757192,2.0,1.0
53.0,53,971,1163.5179922453028,820.8415489331447,7.755538950942392,1.0,1.0
53.0,53,972,493.1614912804457,602.771167241286,11.185422719499032,3.0,1.0
53.0,53,975,28.47381707939555,717.8983735176602,7.755538950942392,1.0,1.0
53.0,53,977,1030.8825192443082,161.1373624490239,7.755538950942392,1.0,1.0
53.0,53,980,335.5094349012995,752.6636200702413,7.755538950942392,1.0,1.0
53.0,53,981,994.7186735883245,405.0157253513709,7.755538950942392,1.0,0.9999999999999999
53.0,53,983,922.9682401203451,536.2902353785814,7.755538950942392,1.0,1.0
53.0,53,985,1250.2957072721442,920.1856388244827,11.185422719499032,3.0,0.9999999999999999
53.0,53,986,1156.4875304116379,780.6492232642469,12.311150689306295,4.0,1.0
53.0,53,987,1167.925364687518,871.4617798746942,7.755538950942392,1.0,1.0
53.0,53,988,1130.3625039592964,609.6320988945746,7.755538950942392,1.0,1.0
53.0,53,989,543.7111214330356,935.0614238536957,9.77136677757192,2.0,1.0
53.0,53,991,1189.6337498410162,849.3470729895485,7.755538950942392,1.0,1.0
53.0,53,995,33.16537910175329,9.059345653130867,11.185422719499032,3.0,1.0
53.0,53,996,266.8732271619878,861.2957104302931,9.77136677757192,2.0,0.9999999999999999
53.0,53,998,6.906704603899382,975.6578268225059,7.755538950942392,1.0,0.9999999999999999
53.0,53,999,1065.352866628406,429.5529549164062,7.755538950942392,1.0,0.9999999999999999
53.0,53,1000,164.90639646434283,875.8609502775922,9.77136677757192,2.0,1.0
58.0,58,1,112.94395884357985,933.7628865142129,7.755538950942392,1.0,0.9999999999999999
58.0,58,3,950.9456281438314,307.79565072923174,13.261785059625714,5.0,1.0
58.0,58,6,456.283569853232,97.60608860853327,7.755538950942392,1.0,1.0
58.0,58,8,356.3514378465818,214.38833971199008,16.132171110904203,9.0,1.0
58.0,58,9,1070.7407381820792,404.1434437888101,7.755538950942392,1.0,0.9999999999999999
58.0,58,10,1148.8675175388612,297.69343216173957,7.755538950942392,1.0,1.0
58.0,58,11,854.5676290205284,940.3930779751291,9.77136677757192,2.0,1.0
58.0,58,14,1222.4125376988286,400.3984740291739,7.755538950942392,1.0,0.9999999999999999
58.0,58,15,1004.8477150866312,307.89525626401195,7.755538950942392,1.0,1.0
58.0,58,17,189.12330107307255,263.9689869932445,7.755538950942392,1.0,0.9999999999999999
58.0,58,18,648.9012697790035,646.3775890303524,7.755538950942392,1.0,1.0
58.0,58,19,487.67590514761355,813.6276361384103,7.755538950942392,1.0,1.0
58.0,58,20,346.3225115888795,956.0025316180394,7.755538950942392,1.0,1.0
58.0,58,21,258.73560137033144,81.63265012041059,7.755538950942392,1.0,1.0
58.0,58,22,140.84843316218613,457.753606244666,9.77136677757192,2.0,1.0
58.0,58,23,5.719319473417596,817.3675328808243,9.77136677757192,2.0,1.0
58.0,58,27,523.3660559112149,544.542465993025,7.755538950942392,1.0,1.0
58.0,58,28,912.6023680455622,900.3614339066663,7.755538950942392,1.0,1.0
58.0,58,29,1107.6179990136557,1022.2715027416328,12.311150689306299,4.0,1.0
58.0,58,31,966.0713314955433,142.16059892681898,7.755538950942392,1.0,1.0
58.0,58,35,196.75720851143413,748.7039155234872,7.755538950942392,1.0,1.0
58.0,58,37,864.2966002540968,911.8229906975755,7.755538950942392,1.0,0.9999999999999999
58.0,58,38,962.5105275602752,725.099314840108,7.755538950942392,1.0,1.0
58.0,58,39,1326.94897235933,1004.6668517889917,7.755538950942392,1.0,1.0
58.0,58,40,958.3199146874213,932.2657254280864,9.77136677757192,2.0,1.0
58.0,58,41,434.17061991447514,278.03171038226475,9.77136677757192,2.0,1.0
58.0,58,43,784.2863477732094,821.9156055764481,7.755538950942392,1.0,0.9999999999999999
58.0,58,44,746.7377857060886,61.04035360843117,11.185422719499032,3.0,1.0
58.0,58,45,884.5475592591728,951.1033254830427,7.755538950942392,1.0,1.0
58.0,58,46,1145.2544583978822,354.9680466567011,7.755538950942392,1.0,1.0
58.0,58,51,1327.2654706617013,235.04166846239224,9.77136677757192,2.0,1.0
58.0,58,53,136.3270526109428,110.17150760200883,7.755538950942392,1.0,1.0
58.0,58,55,1248.7676437295681,615.3745824426818,7.755538950942392,1.0,1.0
58.0,58,57,1059.5367839550624,730.3360787100767,12.311150689306295,4.0,1.0
58.0,58,59,40.46735525665875,149.31348670763686,7.755538950942392,1.0,1.0
58.0,58,60,48.754115667232305,233.70201212562634,9.77136677757192,2.0,0.9999999999999999
58.0,58,61,881.4357371402866,991.3755141788458,9.771366777571922,2.0,1.0
58.0,58,62,578.678844834394,1021.6274408999835,7.755538950942392,1.0,1.0
58.0,58,63,1135.0875553591763,632.2718541690317,7.755538950942392,1.0,1.0
58.0,58,65,699.757496819807,831.0461719936087,7.755538950942392,1.0,1.0
58.0,58,66,967.5212166305108,1015.1930633911214,9.771366777571922,2.0,1.0
58.0,58,67,1078.7370991300588,251.1719859730052,13.261785059625712,5.0,1.0
58.0,58,68,1238.9887265322222,656.0443758400578,7.755538950942392,1.0,1.0
58.0,58,70,1151.6940632161386,479.15517990431147,7.755538950942392,1.0,1.0
58.0,58,71,773.3871390727165,782.2338421413066,9.771366777571922,2.0,1.0
58.0,58,73,534.348043662667,309.5437585973637,7.755538950942392,1.0,1.0
58.0,58,77,424.4984107336714,827.1501963903173,11.185422719499032,3.0,0.9999999999999999
58.0,58,78,1104.572381990311,178.58586435499285,7.755538950942392,1.0,0.9999999999999999
58.0,58,79,824.2277116541087,238.10672013628417,9.77136677757192,2.0,1.0
58.0,58,80,1008.428864586975,358.4819502578037,7.755538950942392,1.0,1.0
58.0,58,81,612.6971586892481,2.535748340433181,9.77136677757192,2.0,1.0
58.0,58,83,1195.4309141920069,416.4234891592342,7.755538950942392,1.0,1.0
58.0,58,85,117.96525561211763,790.4221535602301,7.755538950942392,1.0,1.0
58.0,58,86,1032.608920862946,514.4536620891197,9.77136677757192,2.0,1.0
58.0,58,87,711.3174456764605,124.10332425080018,7.755538950942392,1.0,1.0
58.0,58,88,73.70492103883058,503.07467920455565,7.755538950942392,1.0,0.9999999999999999
58.0,58,90,803.3695004481798,417.0962788677896,7.755538950942392,1.0,1.0
58.0,58,91,56.351926720805736,19.769253906770988,7.755538950942392,1.0,1.0
58.0,58,92,1097.6175311930156,700.7468537679719,7.755538950942392,1.0,1.0
58.0,58,93,285.79963810051237,294.3176259892904,9.77136677757192,2.0,1.0
58.0,58,94,647.4241130070398,895.2829390620847,12.311150689306299,4.0,1.0
58.0,58,97,943.1936544164386,69.06835676063272,12.311150689306297,4.0,1.0
58.0,58,100,359.79845891562303,812.5324372900515,7.755538950942392,1.0,0.9999999999999999
58.0,58,101,13.504581288374458,618.7408945753941,7.755538950942392,1.0,1.0
58.0,58,103,217.60227279226223,17.885879572126527,7.755538950942392,1.0,1.0
58.0,58,104,376.4370200431994,581.0028029262222,7.755538950942392,1.0,0.9999999999999999
58.0,58,107,441.82006227671945,138.82436284006815,7.755538950942392,1.0,0.9999999999999999
58.0,58,110,643.5637335931857,619.598377220843,7.755538950942392,1.0,1.0
58.0,58,116,1157.8971877366146,56.22407266453345,11.185422719499032,3.0,1.0
58.0,58,118,284.6781987718026,441.54915943249597,9.77136677757192,2.0,1.0
58.0,58,119,1036.3341713438049,560.4059682294366,11.185422719499032,3.0,1.0
58.0,58,120,116.24039500741398,260.8977451562191,7.755538950942392,1.0,0.9999999999999999
58.0,58,121,103.22129879651321,220.4224063725863,9.77136677757192,2.0,1.0
58.0,58,122,842.9665543264263,262.5838186703715,13.261785059625714,5.0,0.9999999999999999
58.0,58,123,1294.598965535124,587.3036101858081,11.185422719499034,3.0,1.0
58.0,58,125,421.70150919530664,1007.2505011599204,11.185422719499034,3.0,1.0
58.0,58,126,1340.4146211036086,472.33271529900526,7.755538950942392,1.0,0.9999999999999999
58.0,58,127,840.190092069034,562.7567192900864,7.755538950942392,1.0,1.0
58.0,58,129,781.41706232032,673.6441843772639,7.755538950942392,1.0,1.0
58.0,58,130,1201.158017736372,437.8906243646366,7.755538950942392,1.0,0.9999999999999999
58.0,58,131,1242.4636538413667,308.6000369633413,7.755538950942392,1.0,1.0
58.0,58,132,1285.7216353927167,184.86094057211807,11.185422719499032,3.0,1.0
58.0,58,134,117.30487543788534,829.6135524586248,9.77136677757192,2.0,0.9999999999999999
58.0,58,135,1009.6735917087361,597.9524714087669,7.755538950942392,1.0,1.0
58.0,58,138,483.92373610424266,1023.6559557852103,7.755538950942392,1.0,1.0
58.0,58,142,1294.086842681681,294.2197852583343,7.755538950942392,1.0,1.0
58.0,58,143,614.9776269584213,112.56053339630353,14.09274953626919,6.0,1.0
58.0,58,144,1270.8353224073992,970.333969050685,9.77136677757192,2.0,1.0
58.0,58,145,112.84869665318823,869.8270573458303,9.77136677757192,2.0,1.0
58.0,58,146,1055.5903660213478,530.3522917888064,7.755538950942392,1.0,1.0
58.0,58,148,547.7489114170475,142.93863592452672,9.77136677757192,2.0,1.0
58.0,58,149,173.69507016136154,983.5795817431919,7.755538950942392,1.0,1.0
58.0,58,150,706.8652829791232,388.00971701950226,12.311150689306299,4.0,1.0
58.0,58,151,473.6275172899989,668.9419758787355,7.755538950942392,1.0,1.0
58.0,58,152,1162.7093759197155,674.1993145182843,7.755538950942392,1.0,0.9999999999999999
58.0,58,153,60.9340763872205,543.0551561544232,9.77136677757192,2.0,1.0
58.0,58,156,876.3025553986765,808.5348283793495,7.755538950942392,1.0,1.0
58.0,58,160,1049.565681372493,766.3986971437563,7.755538950942392,1.0,1.0
58.0,58,163,78.09456969884663,63.91389899031205,7.755538950942392,1.0,1.0
58.0,58,164,365.86063455142295,75.51385779169354,9.771366777571922,2.0,1.0
58.0,58,165,147.11960899484845,7.45286034736477,7.755538950942392,1.0,0.9999999999999999
58.0,58,166,493.00081096949293,86.99614320777293,11.185422719499032,3.0,1.0
58.0,58,170,975.9499637099196,690.7984186115086,7.755538950942392,1.0,1.0
58.0,58,172,822.9061215181096,813.3135841931784,7.755538950942392,1.0,1.0
58.0,58,173,6.5297737141330385,55.75988728784624,11.185422719499034,3.0,1.0
58.0,58,174,964.4542159483309,743.832078089352,7.755538950942392,1.0,1.0
58.0,58,175,1334.165185054768,864.0787736650013,9.77136677757192,2.0,1.0
58.0,58,181,470.21093537340425,936.4095040447594,11.185422719499032,3.0,1.0
58.0,58,186,231.04056933388728,618.7475731070238,11.185422719499034,3.0,1.0
58.0,58,187,611.541993425469,901.0310430077155,7.755538950942392,1.0,1.0
58.0,58,188,595.7666215061548,276.8341055558209,9.771366777571922,2.0,1.0
58.0,58,189,820.4902201370046,923.8979085361946,7.755538950942392,1.0,1.0
58.0,58,190,1087.9132499974403,970.326228564427,7.755538950942392,1.0,1.0
58.0,58,191,1076.750473331332,754.5077103910244,9.77136677757192,2.0,1.0
58.0,58,193,351.518876150385,98.40567249406625,7.755538950942392,1.0,1.0
58.0,58,198,208.12582743724434,624.8032111287155,7.755538950942392,1.0,1.0
58.0,58,199,197.70598004169682,539.376727399977,16.132171110904203,9.0,1.0
58.0,58,201,137.72086874505763,425.7537295428233,9.77136677757192,2.0,0.9999999999999999
58.0,58,208,1035.1947460736897,281.81043209492555,9.77136677757192,2.0,0.9999999999999999
58.0,58,210,105.94351930930662,1023.503707659266,11.185422719499034,3.0,1.0
58.0,58,213,486.37981080309095,741.2068102641789,7.755538950942392,1.0,1.0
58.0,58,214,31.192554571546964,247.8895592144416,7.755538950942392,1.0,1.0
58.0,58,215,345.1797651117516,432.1320820717456,9.77136677757192,2.0,1.0
58.0,58,218,672.0689879832083,309.65163399501813,7.755538950942392,1.0,1.0
58.0,58,219,301.5013893251001,102.56439676771242,7.755538950942392,1.0,1.0
58.0,58,220,308.43778025256296,923.7129850906847,12.311150689306299,4.0,1.0
58.0,58,221,108.80949510657555,175.2084850199638,12.311150689306299,4.0,1.0
58.0,58,224,562.9224660859877,244.66632663828395,7.755538950942392,1.0,1.0
58.0,58,228,891.8917403382368,33.622444576718685,9.771366777571922,2.0,1.0
58.0,58,230,1138.3314480337033,726.252760748001,7.755538950942392,1.0,0.9999999999999999
58.0,58,231,737.4083231720501,311.6121449280059,7.755538950942392,1.0,1.0
58.0,58,232,504.667651460697,228.36211434928885,7.755538950942392,1.0,1.0
58.0,58,238,909.4159832934189,860.0092330322594,7.755538950942392,1.0,1.0
58.0,58,239,1197.8525966580723,925.9536517233737,7.755538950942392,1.0,1.0
58.0,58,241,1222.1925003031938,529.0744095750002,12.311150689306297,4.0,1.0
58.0,58,242,738.9115002640085,24.625246442293918,7.755538950942392,1.0,1.0
58.0,58,243,72.83027224288729,687.4656172653953,7.755538950942392,1.0,0.9999999999999999
58.0,58,245,743.2976385128663,779.9062705789947,7.755538950942392,1.0,1.0
58.0,58,247,383.8576208006764,212.08457284490703,7.755538950942392,1.0,1.0
58.0,58,248,459.03612874259727,179.15489415615474,9.77136677757192,2.0,1.0
58.0,58,250,513.2087835444635,805.9982851790625,7.755538950942392,1.0,1.0
58.0,58,251,740.4056590409498,797.7113925158654,7.755538950942392,1.0,1.0
58.0,58,255,1336.0183798015614,824.9557694029753,9.77136677757192,2.0,1.0
58.0,58,256,924.9409404007953,730.7676568564237,7.755538950942392,1.0,0.9999999999999999
58.0,58,257,612.4774784273125,35.35466187290656,7.755538950942392,1.0,1.0
58.0,58,259,748.1394832494334,146.78197180613296,11.185422719499032,3.0,1.0
58.0,58,260,1095.682675583488,810.2320230549033,7.755538950942392,1.0,1.0
58.0,58,261,257.19773478146004,426.51112599656955,7.755538950942392,1.0,0.9999999999999999
58.0,58,262,846.6573622046611,990.0415163869342,9.77136677757192,2.0,1.0
58.0,58,263,93.25851712522343,144.34139977523773,9.77136677757192,2.0,0.9999999999999999
58.0,58,264,937.7679359142304,814.3315341517805,7.755538950942392,1.0,1.0
58.0,58,265,1343.4534161114768,435.87630514301253,7.755538950942392,1.0,1.0
58.0,58,268,1018.0823748222724,224.23682825704978,7.755538950942392,1.0,0.9999999999999999
58.0,58,269,121.79690594400218,380.50010776996737,9.771366777571922,2.0,0.9999999999999999
58.0,58,270,336.93705906257867,404.43042867029357,9.771366777571922,2.0,1.0
58.0,58,272,232.78943425620142,296.1100527808886,7.755538950942392,1.0,1.0
58.0,58,273,618.303444254271,578.9251338071675,7.755538950942392,1.0,1.0
58.0,58,274,796.3211025771669,850.6512665008021,7.755538950942392,1.0,1.0
58.0,58,275,1176.3698953595847,382.5694253272557,7.755538950942392,1.0,1.0
58.0,58,276,1094.7084268493718,528.355075687819,7.755538950942392,1.0,1.0
58.0,58,278,1250.5378861082227,360.7101405916698,12.311150689306299,4.0,0.9999999999999999
58.0,58,279,129.41497886780508,631.6231832190525,11.185422719499032,3.0,0.9999999999999999
58.0,58,280,352.2824381395634,976.0546545085652,7.755538950942392,1.0,1.0
58.0,58,281,1187.0903123498008,551.2319791851122,11.185422719499032,3.0,1.0
58.0,58,283,675.8617944471006,600.8883148401175,9.77136677757192,2.0,0.9999999999999999
58.0,58,284,76.09342343830377,805.4099436330195,7.755538950942392,1.0,1.0
58.0,58,285,855.6825934429922,641.0558235185254,7.755538950942392,1.0,1.0
58.0,58,286,1140.1348636238647,259.10981566208466,7.755538950942392,1.0,1.0
58.0,58,287,95.119341764377,709.4072303152117,7.755538950942392,1.0,1.0
58.0,58,289,1242.9116646191326,811.6119211085132,12.311150689306299,4.0,1.0
58.0,58,291,499.181579095414,353.8029331734229,7.755538950942392,1.0,1.0
58.0,58,294,626.6241694171869,427.7674455363844,7.755538950942392,1.0,0.9999999999999999
58.0,58,295,46.777078776750315,747.997590230817,12.311150689306297,4.0,1.0
58.0,58,300,348.3380236564667,663.2294823133201,9.77136677757192,2.0,0.9999999999999999
58.0,58,301,1111.1223314704803,34.08971609210676,9.77136677757192,2.0,0.9999999999999999
58.0,58,302,640.0931309698135,995.7805384539429,7.755538950942392,1.0,1.0
58.0,58,304,721.6701206339872,409.0749818956024,7.755538950942392,1.0,0.9999999999999999
58.0,58,306,152.74181026444217,591.7127569841598,7.755538950942392,1.0,1.0
58.0,58,307,983.1532061230117,489.05963479493886,12.311150689306297,4.0,1.0
58.0,58,309,817.5436805651495,194.73758201897283,7.755538950942392,1.0,1.0
58.0,58,311,695.1536967702532,573.9797447022237,9.77136677757192,2.0,0.9999999999999999
58.0,58,314,169.86487456345688,146.7322173591526,7.755538950942392,1.0,1.0
58.0,58,318,1214.8662048276642,602.6390398228858,11.185422719499032,3.0,1.0
58.0,58,319,106.64892801344273,999.5421667974443,9.77136677757192,2.0,0.9999999999999999
58.0,58,320,1244.832791925003,121.05395968190116,9.77136677757192,2.0,0.9999999999999999
58.0,58,322,862.7682371388051,970.5479986125582,9.77136677757192,2.0,1.0
58.0,58,323,70.90648834675515,434.41513415614145,9.77136677757192,2.0,1.0
58.0,58,325,201.4095625801268,932.7262594462018,7.755538950942392,1.0,1.0
58.0,58,326,203.66151406690875,471.5007260544515,9.77136677757192,2.0,1.0
58.0,58,327,912.9112508877637,475.4054678391876,7.755538950942392,1.0,1.0
58.0,58,328,690.3803972615301,300.3891961174338,7.755538950942392,1.0,1.0
58.0,58,330,409.03028394783354,862.8731981251316,9.77136677757192,2.0,1.0
58.0,58,331,125.45346984560297,716.0971100576295,13.261785059625714,5.0,1.0
58.0,58,333,632.7719811064243,29.555667489117734,7.755538950942392,1.0,1.0
58.0,58,334,1134.1498274818625,832.410730666314,7.755538950942392,1.0,1.0
58.0,58,337,587.2036226036964,937.1915113641144,9.77136677757192,2.0,1.0
58.0,58,339,814.7097175460174,92.16956088909959,7.755538950942392,1.0,1.0
58.0,58,340,893.1657140874491,663.7924438280513,7.755538950942392,1.0,1.0
58.0,58,341,982.6514586275063,609.3780566480731,12.311150689306297,4.0,1.0
58.0,58,342,887.12605263666,134.2734695276853,9.77136677757192,2.0,1.0
58.0,58,343,130.38662241772593,481.6043974671623,7.755538950942392,1.0,1.0
58.0,58,344,731.4731975647812,362.42109557734227,7.755538950942392,1.0,0.9999999999999999
58.0,58,346,1181.8612682155617,634.8836404760374,7.755538950942392,1.0,1.0
58.0,58,348,406.2393030324161,656.4476098968598,7.755538950942392,1.0,1.0
58.0,58,350,1261.1952031085968,152.5655561489302,7.755538950942392,1.0,1.0
58.0,58,354,474.67283745851637,233.9739885471973,7.755538950942392,1.0,1.0
58.0,58,355,95.22154264549435,489.0592842844626,7.755538950942392,1.0,0.9999999999999999
58.0,58,356,685.3096869142131,1014.5927439440547,7.755538950942392,1.0,0.9999999999999999
58.0,58,360,674.7923719746783,329.55880221740995,7.755538950942392,1.0,1.0
58.0,58,361,26.514629349182307,635.42801357153,7.755538950942392,1.0,1.0
58.0,58,362,996.6372049225018,706.0284799974372,7.755538950942392,1.0,1.0
58.0,58,363,600.8087131850162,503.0732333644999,7.755538950942392,1.0,0.9999999999999999
58.0,58,364,1333.0969957156774,419.70833231019185,7.755538950942392,1.0,0.9999999999999999
58.0,58,365,117.45652825114175,73.76149540066996,7.755538950942392,1.0,1.0
58.0,58,366,843.7628564848172,161.3142870345216,7.755538950942392,1.0,1.0
58.0,58,367,1178.9936812450906,991.4020031690538,7.755538950942392,1.0,1.0
58.0,58,368,1327.5399619046111,161.35740439798704,12.311150689306297,4.0,1.0
58.0,58,369,864.2853267305978,355.5083775241274,7.755538950942392,1.0,1.0
58.0,58,370,32.78686267280608,994.2724763967727,7.755538950942392,1.0,1.0
58.0,58,371,580.9206523345081,422.0821887806426,7.755538950942392,1.0,1.0
58.0,58,373,872.81700300433,203.3328119620179,7.755538950942392,1.0,0.9999999999999999
58.0,58,374,863.98034368664,69.28791939781435,11.185422719499032,3.0,1.0
58.0,58,378,86.79394514168693,660.4813300244956,7.755538950942392,1.0,1.0
58.0,58,380,851.7420081498244,15.108542635150137,9.771366777571922,2.0,1.0
58.0,58,381,815.2130214021521,333.26274800726696,9.77136677757192,2.0,1.0
58.0,58,382,1332.038177554147,272.2144032133267,9.77136677757192,2.0,1.0
58.0,58,383,928.4430394464204,501.65472578164037,9.771366777571922,2.0,1.0
58.0,58,385,694.5879834338008,540.0676403693406,7.755538950942392,1.0,1.0
58.0,58,387,819.8953547067118,267.31667623521247,9.77136677757192,2.0,0.9999999999999999
58.0,58,388,186.64946257991613,648.8855696468329,7.755538950942392,1.0,1.0
58.0,58,390,364.89234907749307,165.2577866023853,12.311150689306299,4.0,1.0
58.0,58,391,734.9351958112452,509.15232886968084,12.311150689306299,4.0,1.0
58.0,58,393,262.69358705183225,902.6187447208962,7.755538950942392,1.0,1.0
58.0,58,395,1285.2937655199812,165.59316242585317,7.755538950942392,1.0,0.9999999999999999
58.0,58,396,1044.2015493163233,359.56204530519483,9.77136677757192,2.0,1.0
58.0,58,399,528.7252287004488,618.0245225836627,11.185422719499032,3.0,1.0
58.0,58,400,230.1400651945335,380.98022019234656,7.755538950942392,1.0,1.0
58.0,58,403,639.3380910731747,537.6161563732355,7.755538950942392,1.0,1.0
58.0,58,405,762.2991924115937,375.40171767972697,12.311150689306297,4.0,1.0
58.0,58,406,263.6407593664146,792.5421068753295,14.092749536269183,6.0,1.0
58.0,58,409,574.7004542561295,868.7007651082472,11.185422719499032,3.0,1.0
58.0,58,410,566.7401053539203,536.7694106766315,9.771366777571922,2.0,0.9999999999999999
58.0,58,412,750.0584348491551,654.2565792581021,9.77136677757192,2.0,0.9999999999999999
58.0,58,414,1211.7335883166973,496.6121139010768,7.755538950942392,1.0,1.0
58.0,58,415,1133.6567248473734,697.3211302509665,7.755538950942392,1.0,1.0
58.0,58,416,393.4674380772562,729.5041918937454,7.755538950942392,1.0,1.0
58.0,58,417,904.3137046644108,521.2354693288539,9.77136677757192,2.0,0.9999999999999999
58.0,58,418,532.5150095428504,681.703912502938,9.77136677757192,2.0,0.9999999999999999
58.0,58,419,334.2720727718594,899.8123935201278,9.771366777571922,2.0,0.9999999999999999
58.0,58,420,686.3117195033949,971.4384217482296,7.755538950942392,1.0,1.0
58.0,58,421,979.2103830775845,355.33925778174466,7.755538950942392,1.0,1.0
58.0,58,422,157.63699139803478,656.5707095803383,7.755538950942392,1.0,1.0
58.0,58,427,539.6902345046087,11.200298563314666,9.77136677757192,2.0,1.0
58.0,58,428,1061.7416311931954,202.89916603926545,9.77136677757192,2.0,0.9999999999999999
58.0,58,431,269.20038163641976,575.702837109197,7.755538950942392,1.0,1.0
58.0,58,432,365.24858391777394,775.7847918923176,9.77136677757192,2.0,1.0
58.0,58,433,285.4306080640656,602.6732382607493,9.77136677757192,2.0,1.0
58.0,58,435,888.0041168376446,235.81224895084918,7.755538950942392,1.0,1.0
58.0,58,436,306.6983055600109,663.4181331267846,9.77136677757192,2.0,1.0
58.0,58,438,864.3117521335237,713.0693896937092,7.755538950942392,1.0,1.0
58.0,58,439,536.4196061283839,862.9600719338304,12.311150689306299,4.0,1.0
58.0,58,440,347.0851830987124,875.739917650201,7.755538950942392,1.0,1.0
58.0,58,441,946.343497156715,425.066301470603,9.771366777571922,2.0,1.0
58.0,58,442,502.38074699770107,326.96474625429806,7.755538950942392,1.0,1.0
58.0,58,443,214.0385491183156,748.9867149652957,7.755538950942392,1.0,1.0
58.0,58,444,147.4789971558562,730.0305909279216,9.771366777571922,2.0,1.0
58.0,58,445,1053.4280855453933,41.47917934684745,7.755538950942392,1.0,1.0
58.0,58,446,329.79975941192987,259.0496978918254,7.755538950942392,1.0,0.9999999999999999
58.0,58,449,1197.2890745353359,133.5856073344508,7.755538950942392,1.0,1.0
58.0,58,451,1336.315186237884,507.90732571716137,7.755538950942392,1.0,1.0
58.0,58,453,193.42746745672113,1016.9516651312413,7.755538950942392,1.0,0.9999999999999999
58.0,58,455,846.7424904672629,209.9068213140751,11.185422719499032,3.0,1.0
58.0,58,456,312.68926439986865,817.2147365803837,9.77136677757192,2.0,1.0
58.0,58,458,1246.9832811316487,177.9844979898706,7.755538950942392,1.0,0.9999999999999999
58.0,58,459,1314.9643518044797,354.4164450815313,9.77136677757192,2.0,0.9999999999999999
58.0,58,461,144.93806901145322,57.13941280096098,9.77136677757192,2.0,1.0
58.0,58,462,1100.7691024123765,303.85332899429756,7.755538950942392,1.0,1.0
58.0,58,464,1337.4527630442103,69.10634548984892,7.755538950942392,1.0,1.0
58.0,58,465,794.5516377846034,174.58327835994794,7.755538950942392,1.0,1.0
58.0,58,466,405.0064505678293,619.8924437977298,9.77136677757192,2.0,1.0
58.0,58,468,1211.842164400271,910.082134307006,7.755538950942392,1.0,1.0
58.0,58,469,1133.0134532254065,882.6590785594653,7.755538950942392,1.0,1.0
58.0,58,470,85.85636787700706,412.98172998807127,7.755538950942392,1.0,1.0
58.0,58,471,62.15902446760478,486.24299336566014,7.755538950942392,1.0,1.0
58.0,58,472,307.77036783072117,130.34231785082727,7.755538950942392,1.0,1.0
58.0,58,473,389.70903990747274,908.5932979459077,7.755538950942392,1.0,1.0
58.0,58,474,85.08067694262904,1002.7121388428202,9.771366777571922,2.0,1.0
58.0,58,476,483.9404372099701,134.6088567503391,11.185422719499034,3.0,1.0
58.0,58,477,275.7104528157256,934.8002125129688,11.185422719499032,3.0,1.0
58.0,58,479,353.73658540560086,936.7095293592541,7.755538950942392,1.0,1.0
58.0,58,481,592.0479266423392,975.9448050744759,11.185422719499034,3.0,1.0
58.0,58,483,561.4335406683399,41.31202624549897,7.755538950942392,1.0,1.0
58.0,58,485,1045.697431540224,688.6040273543879,7.755538950942392,1.0,1.0
58.0,58,486,400.40230090541763,130.55377250648465,7.755538950942392,1.0,1.0
58.0,58,487,1063.3690601635242,963.9340353920784,12.311150689306295,4.0,1.0
58.0,58,489,654.9979800334698,145.44968103440905,9.77136677757192,2.0,1.0
58.0,58,490,454.0803298898236,905.0821163385252,9.77136677757192,2.0,1.0
58.0,58,491,656.7308955054472,757.0811749625432,9.77136677757192,2.0,0.9999999999999999
58.0,58,493,96.53663894090106,371.41020718312996,7.755538950942392,1.0,1.0
58.0,58,494,813.2896380632131,765.9313527316145,9.77136677757192,2.0,0.9999999999999999
58.0,58,496,696.6763163783885,507.1133848240526,9.771366777571922,2.0,1.0
58.0,58,497,1195.7975082565295,773.4848400938374,7.755538950942392,1.0,0.9999999999999999
58.0,58,498,421.3068895412393,484.80825827946666,7.755538950942392,1.0,0.9999999999999999
58.0,58,500,538.8917809097214,181.9517024701063,7.755538950942392,1.0,1.0
58.0,58,501,520.6163100839392,991.3021083240899,12.311150689306299,4.0,1.0
58.0,58,503,535.4553842618858,41.16255317777395,12.311150689306299,4.0,1.0
58.0,58,504,994.1462116636801,203.81328617088207,7.755538950942392,1.0,1.0
58.0,58,506,103.70799035628751,736.454522029557,7.755538950942392,1.0,1.0
58.0,58,507,1337.5264998159591,323.14109117141,7.755538950942392,1.0,1.0
58.0,58,508,1166.9987362020333,522.5265026439622,11.185422719499032,3.0,1.0
58.0,58,509,1065.0913959500544,866.6291940746581,9.77136677757192,2.0,1.0
58.0,58,510,600.6633025480875,216.4918835641529,12.311150689306295,4.0,0.9999999999999999
58.0,58,511,521.2192578450849,506.7924946877624,9.77136677757192,2.0,1.0
58.0,58,512,190.42906899690058,867.4501515348265,11.185422719499034,3.0,1.0
58.0,58,513,1254.443003833624,579.3063258167232,14.09274953626919,6.0,1.0
58.0,58,516,1222.5043516419264,381.75610523862395,9.77136677757192,2.0,1.0
58.0,58,517,904.1849152898105,833.3175118876078,9.77136677757192,2.0,1.0
58.0,58,518,134.92221737974617,525.4530242845514,12.311150689306299,4.0,1.0
58.0,58,519,822.1420093334488,383.6942070226739,14.09274953626919,6.0,1.0
58.0,58,520,805.4857610182652,6.580724532559219,11.185422719499034,3.0,0.9999999999999999
58.0,58,521,823.7590613450577,52.60480657556974,11.185422719499034,3.0,1.0
58.0,58,522,988.8559141595067,974.9553710907979,7.755538950942392,1.0,1.0
58.0,58,523,976.3277979262142,186.92681235992276,7.755538950942392,1.0,1.0
58.0,58,524,863.1389040044508,874.4299443537416,9.77136677757192,2.0,1.0
58.0,58,529,783.8402153790835,568.7325927777736,7.755538950942392,1.0,1.0
58.0,58,530,121.6555610918611,678.8667098925895,9.771366777571922,2.0,1.0
58.0,58,533,826.6069452665145,869.4034717337183,9.771366777571922,2.0,1.0
58.0,58,535,838.6014413135097,139.8185069322638,7.755538950942392,1.0,1.0
58.0,58,536,339.523863780373,493.30339574949954,7.755538950942392,1.0,0.9999999999999999
58.0,58,538,550.2228374770738,445.3199337030943,11.185422719499032,3.0,1.0
58.0,58,539,965.6757565848964,220.45019913258562,7.755538950942392,1.0,1.0
58.0,58,540,303.89516553937597,545.5870802816918,7.755538950942392,1.0,1.0
58.0,58,543,908.0238303159997,410.65955616513537,9.77136677757192,2.0,0.9999999999999999
58.0,58,546,1034.2835672174406,833.4500274697754,9.77136677757192,2.0,1.0
58.0,58,547,493.68678877034677,252.96569134711075,7.755538950942392,1.0,1.0
58.0,58,548,894.2794483037733,448.7592431006986,11.185422719499034,3.0,1.0
58.0,58,551,1249.8482689405691,767.2077359064288,7.755538950942392,1.0,1.0
58.0,58,555,156.87366437242403,197.96485321240345,11.185422719499032,3.0,1.0
58.0,58,556,268.8109129075442,469.0126419281767,7.755538950942392,1.0,0.9999999999999999
58.0,58,557,595.5232625572362,325.15047152122844,11.185422719499032,3.0,1.0
58.0,58,558,232.61564418186674,65.69353366103631,7.755538950942392,1.0,1.0
58.0,58,559,1070.9517142503378,80.5244210847177,7.755538950942392,1.0,0.9999999999999999
58.0,58,561,1309.9250653983875,886.7683207938052,7.755538950942392,1.0,1.0
58.0,58,562,182.25324394994257,234.6716455615952,11.185422719499032,3.0,1.0
58.0,58,563,438.1020064581182,423.51097815076326,7.755538950942392,1.0,1.0
58.0,58,564,362.4940674280562,451.14743958087996,11.185422719499032,3.0,1.0
58.0,58,565,1213.4387743408433,747.4315007483651,7.755538950942392,1.0,1.0
58.0,58,568,1111.9697438111898,155.40541482133074,7.755538950942392,1.0,1.0
58.0,58,569,325.3091885301863,343.54328466179624,7.755538950942392,1.0,1.0
58.0,58,570,1318.8417952887914,560.2155891286668,9.77136677757192,2.0,1.0
58.0,58,573,486.9752853177139,962.9522863194376,7.755538950942392,1.0,1.0
58.0,58,574,183.7384682953549,794.1872470384965,7.755538950942392,1.0,0.9999999999999999
58.0,58,575,662.4668193908524,692.739771030387,7.755538950942392,1.0,1.0
58.0,58,576,813.5831043063074,160.74554381728467,7.755538950942392,1.0,0.9999999999999999
58.0,58,579,541.1152975461861,271.97779342347326,7.755538950942392,1.0,1.0
58.0,58,581,607.3510310612967,830.6890979785784,11.185422719499032,3.0,1.0
58.0,58,582,563.5709119924963,280.9506887197186,9.77136677757192,2.0,1.0
58.0,58,583,1222.8520243543992,253.2519082739189,9.77136677757192,2.0,1.0
58.0,58,584,1090.6509760283338,784.3164937027499,7.755538950942392,1.0,1.0
58.0,58,586,382.62292681466425,1024.52469569164,7.755538950942392,1.0,1.0
58.0,58,587,1072.2330916723347,821.1874182249678,9.77136677757192,2.0,1.0
58.0,58,592,873.6632952559683,295.3382456887952,7.755538950942392,1.0,0.9999999999999999
58.0,58,593,693.072833161377,790.868149057481,9.77136677757192,2.0,1.0
58.0,58,594,531.2390000445544,900.0788408918964,9.771366777571922,2.0,1.0
58.0,58,598,608.815785531096,450.1891639647454,11.185422719499032,3.0,1.0
58.0,58,600,540.8587976128854,526.8530254929075,11.185422719499034,3.0,1.0
58.0,58,602,170.44531254091623,312.805539372368,7.755538950942392,1.0,1.0
58.0,58,605,796.6315310827825,35.33130138132887,13.261785059625714,5.0,1.0
58.0,58,606,1209.6750956599028,637.2541784917819,7.755538950942392,1.0,1.0
58.0,58,607,1171.7936980506024,179.78902028363288,12.311150689306297,4.0,0.9999999999999999
58.0,58,608,940.8233936482115,694.1821397727941,7.755538950942392,1.0,1.0
58.0,58,609,999.0391827792354,856.3105730152521,7.755538950942392,1.0,1.0
58.0,58,611,963.4299915124788,444.3029173765387,9.77136677757192,2.0,1.0
58.0,58,612,351.9919068438471,311.29440965955433,14.09274953626919,6.0,1.0
58.0,58,613,1260.7924247339392,724.5829205793019,7.755538950942392,1.0,1.0
58.0,58,614,394.22813313674067,758.115469946662,11.185422719499032,3.0,1.0
58.0,58,619,627.9032558105462,239.8324577797077,7.755538950942392,1.0,0.9999999999999999
58.0,58,621,181.04241442672298,48.680388258029126,7.755538950942392,1.0,1.0
58.0,58,622,266.82826844172314,46.03090561792101,7.755538950942392,1.0,1.0
58.0,58,625,584.2123798998506,735.1443450269949,7.755538950942392,1.0,1.0
58.0,58,626,893.9150771137307,172.8683072275542,7.755538950942392,1.0,1.0
58.0,58,627,1252.3643811823745,23.908091438068766,12.311150689306299,4.0,0.9999999999999999
58.0,58,629,801.2629170945598,882.9055344574701,11.185422719499032,3.0,1.0
58.0,58,632,399.25553908466713,696.6946715383013,9.771366777571922,2.0,1.0
58.0,58,633,1111.1832745262004,87.43469345708043,9.77136677757192,2.0,1.0
58.0,58,634,994.3139467340851,330.4092650069227,7.755538950942392,1.0,0.9999999999999999
58.0,58,636,679.3997698859142,931.4285259254207,9.771366777571922,2.0,1.0
58.0,58,638,78.69214356125218,228.37208917744766,7.755538950942392,1.0,1.0
58.0,58,640,33.431429936379054,450.4304259113206,7.755538950942392,1.0,1.0
58.0,58,641,167.9745674589326,926.0954228458584,7.755538950942392,1.0,1.0
58.0,58,644,23.27944591658878,32.29015587143175,9.77136677757192,2.0,1.0
58.0,58,645,1264.2355401590287,71.20815769028681,7.755538950942392,1.0,1.0
58.0,58,646,374.75032005303876,884.4346107598167,11.185422719499032,3.0,1.0
58.0,58,647,170.57033454735662,288.7530575910157,9.771366777571922,2.0,1.0
58.0,58,649,1114.875415027632,112.8890674394947,9.77136677757192,2.0,1.0
58.0,58,654,1287.1398259847274,128.52550672982179,11.185422719499034,3.0,1.0
58.0,58,655,580.7475885348333,701.7399856704287,7.755538950942392,1.0,1.0
58.0,58,658,573.2321496895222,343.7551883174937,14.092749536269185,6.0,1.0
58.0,58,659,1297.196974377872,970.7295980467638,7.755538950942392,1.0,1.0
58.0,58,662,1133.5810627504945,955.5873258188043,7.755538950942392,1.0,1.0
58.0,58,665,1040.6864259291112,116.11141266832622,11.185422719499032,3.0,1.0
58.0,58,666,1233.0289422051992,1000.5436074857136,12.311150689306299,4.0,1.0
58.0,58,667,195.80793125388823,84.64289631050355,7.755538950942392,1.0,1.0
58.0,58,668,236.86991485614053,952.5083844540352,7.755538950942392,1.0,1.0
58.0,58,671,1026.5358581567748,87.89951263567046,7.755538950942392,1.0,1.0
58.0,58,672,805.9605042506855,977.9592076794701,7.755538950942392,1.0,1.0
58.0,58,674,1054.1761015692623,637.2727106661935,7.755538950942392,1.0,0.9999999999999999
58.0,58,675,393.2408049811544,500.09239612600464,7.755538950942392,1.0,1.0
58.0,58,676,1284.6080681104083,868.0136021581667,9.77136677757192,2.0,1.0
58.0,58,678,118.69598219738616,243.97117392749783,7.755538950942392,1.0,0.9999999999999999
58.0,58,680,868.1555071173485,605.6505964398074,7.755538950942392,1.0,1.0
58.0,58,682,1216.624804012726,83.99518132979519,7.755538950942392,1.0,1.0
58.0,58,684,1310.599001917445,935.3748116243809,11.185422719499034,3.0,1.0
58.0,58,686,892.2344061032811,311.3589112587726,7.755538950942392,1.0,1.0
58.0,58,687,1202.049260818581,285.1465910180257,12.311150689306297,4.0,1.0
58.0,58,688,241.1524427392753,490.96042937813326,7.755538950942392,1.0,1.0
58.0,58,689,435.23952938780155,616.8364009254574,7.755538950942392,1.0,1.0
58.0,58,692,730.0917491041166,295.1694145410013,7.755538950942392,1.0,1.0
58.0,58,694,1104.371389977102,884.756445397865,7.755538950942392,1.0,1.0
58.0,58,698,668.180627675764,99.75320514257537,7.755538950942392,1.0,1.0
58.0,58,700,446.06476515480733,506.3835357601544,11.185422719499032,3.0,1.0
58.0,58,702,695.6611258294694,28.439274633376126,7.755538950942392,1.0,1.0
58.0,58,704,136.43479584443406,262.18416560638116,7.755538950942392,1.0,1.0
58.0,58,705,406.78735194599136,404.3071201304904,11.185422719499034,3.0,1.0
58.0,58,706,299.6306214427204,205.4384687531597,11.185422719499032,3.0,1.0
58.0,58,707,250.48374309821696,253.14597369525154,11.185422719499032,3.0,1.0
58.0,58,710,815.7946339369701,670.6650560076333,7.755538950942392,1.0,1.0
58.0,58,716,1325.069833960489,672.8689947211484,9.77136677757192,2.0,0.9999999999999999
58.0,58,717,522.9251099246887,653.5830844590067,13.26178505962571,5.0,1.0
58.0,58,718,437.8105836844961,156.48259439337136,7.755538950942392,1.0,1.0
58.0,58,720,635.1638261043068,831.8945396051545,9.77136677757192,2.0,1.0
58.0,58,722,1003.9828243190074,780.810472009274,11.185422719499032,3.0,1.0
58.0,58,723,430.93875246626624,592.8152130649992,11.185422719499032,3.0,1.0
58.0,58,724,895.4223445403716,624.0366545098902,7.755538950942392,1.0,1.0
58.0,58,726,1270.1443850124986,45.55919434006495,9.771366777571922,2.0,1.0
58.0,58,728,1034.1081612413848,390.49167470669886,7.755538950942392,1.0,1.0
58.0,58,729,564.7131032539032,104.21571568472451,9.771366777571922,2.0,1.0
58.0,58,730,688.9009401125126,456.62104742285305,9.77136677757192,2.0,1.0
58.0,58,732,512.7629998786401,158.50745905736903,11.185422719499032,3.0,1.0
58.0,58,733,249.83149171570332,280.0664576068575,11.185422719499034,3.0,1.0
58.0,58,734,1335.4215049123175,22.41499626297908,7.755538950942392,1.0,1.0
58.0,58,735,725.8682588981485,8.23792609496602,7.755538950942392,1.0,1.0
58.0,58,737,1105.5330078289833,484.65525411588203,11.185422719499032,3.0,1.0
58.0,58,740,1243.4861395277694,961.3891862882564,7.755538950942392,1.0,1.0
58.0,58,743,738.7029817921923,180.2340616451983,9.77136677757192,2.0,0.9999999999999999
58.0,58,745,1087.503339767347,498.585339022435,9.77136677757192,2.0,1.0
58.0,58,746,1276.0416637778178,380.63784863708617,9.77136677757192,2.0,1.0
58.0,58,747,627.0521960557071,739.8430141374913,7.755538950942392,1.0,1.0
58.0,58,748,1224.6159149772584,336.43308496583535,7.755538950942392,1.0,0.9999999999999999
58.0,58,750,793.1812457341982,246.0694915715065,9.77136677757192,2.0,1.0
58.0,58,752,1308.1906735371585,694.3299148170936,9.771366777571922,2.0,1.0
58.0,58,753,644.1983570503971,478.1564805711177,9.771366777571922,2.0,1.0
58.0,58,754,549.451575914379,729.262586964136,7.755538950942392,1.0,1.0
58.0,58,755,940.7941292162047,128.29025489271277,7.755538950942392,1.0,1.0
58.0,58,757,775.4763696998306,480.37882081005574,9.77136677757192,2.0,1.0
58.0,58,758,647.7340377287319,411.98711234310764,9.77136677757192,2.0,0.9999999999999999
58.0,58,759,61.147076750961645,620.306021358681,11.185422719499032,3.0,1.0
58.0,58,760,159.67230659893414,1011.849643317664,9.77136677757192,2.0,1.0
58.0,58,762,995.3901244356517,48.34527703065071,11.185422719499032,3.0,0.9999999999999999
58.0,58,764,223.60478192808637,658.1667130762581,7.755538950942392,1.0,1.0
58.0,58,765,723.1394625438616,471.8729646321083,11.185422719499034,3.0,1.0
58.0,58,766,363.08787103729696,7.31239126954026,9.77136677757192,2.0,0.9999999999999999
58.0,58,767,348.03017408773314,595.964899033178,7.755538950942392,1.0,1.0
58.0,58,768,714.903726669231,639.3036850034994,13.261785059625714,5.0,1.0
58.0,58,769,7.003315598686891,683.9025996784852,12.311150689306299,4.0,1.0
58.0,58,772,1026.2316191096336,916.4300194251139,7.755538950942392,1.0,0.9999999999999999
58.0,58,773,931.6656135588184,657.8001181705421,7.755538950942392,1.0,1.0
58.0,58,774,71.19084386997268,852.3539091246872,11.185422719499034,3.0,1.0
58.0,58,775,694.1956326260026,864.6771010044354,7.755538950942392,1.0,1.0
58.0,58,776,1081.9465277131012,151.4514385563659,9.77136677757192,2.0,0.9999999999999999
58.0,58,777,391.0153392172427,327.40688410685107,7.755538950942392,1.0,0.9999999999999999
58.0,58,779,493.36894978361244,109.73417791103861,7.755538950942392,1.0,1.0
58.0,58,780,236.82480989872576,685.1931149499338,11.185422719499032,3.0,1.0
58.0,58,781,422.4283756229137,198.33153364923007,7.755538950942392,1.0,1.0
58.0,58,782,142.00082156952817,566.9469919692815,11.185422719499032,3.0,0.9999999999999999
58.0,58,783,175.2664464828099,706.2820331267103,13.26178505962571,5.0,1.0
58.0,58,786,485.20782183475006,839.1143526531547,7.755538950942392,1.0,1.0
58.0,58,787,738.7250116344493,854.4845286844936,11.185422719499032,3.0,1.0
58.0,58,788,1120.2227844260005,403.3970553837102,7.755538950942392,1.0,0.9999999999999999
58.0,58,789,392.8204260401207,971.242520169966,11.185422719499034,3.0,1.0
58.0,58,790,712.5786655143545,917.5037600739944,9.77136677757192,2.0,0.9999999999999999
58.0,58,791,930.2417835304767,962.4342179702328,11.185422719499032,3.0,1.0
58.0,58,792,557.4438332690495,771.4835512425462,15.511077901884784,8.0,1.0
58.0,58,795,241.02458989338183,841.0562082252173,11.185422719499032,3.0,1.0
58.0,58,796,235.38887712274914,318.5008444960569,7.755538950942392,1.0,0.9999999999999999
58.0,58,798,1016.1933989843794,468.6961633298265,7.755538950942392,1.0,1.0
58.0,58,799,28.164025836246005,198.3354884893898,7.755538950942392,1.0,1.0
58.0,58,800,338.3491484015149,724.0774454846243,9.77136677757192,2.0,1.0
58.0,58,801,1239.6730164852183,94.2406591794606,7.755538950942392,1.0,1.0
58.0,58,805,715.0767021192735,975.4161165545962,9.77136677757192,2.0,1.0
58.0,58,806,383.5221853155001,673.6534625353084,7.755538950942392,1.0,1.0
58.0,58,809,1192.7278724679713,468.250389697056,9.77136677757192,2.0,1.0
58.0,58,810,1055.2991790416618,142.79605359485438,9.77136677757192,2.0,1.0
58.0,58,811,821.4710159987362,545.0298844062703,9.77136677757192,2.0,1.0
58.0,58,812,50.322229468276376,407.89724356341145,7.755538950942392,1.0,1.0
58.0,58,815,474.8578897557687,573.8407638106146,9.77136677757192,2.0,1.0
58.0,58,817,1191.2292640026017,731.4119443593867,9.77136677757192,2.0,1.0
58.0,58,818,272.27412575998676,1005.850759263386,7.755538950942392,1.0,1.0
58.0,58,819,1030.8454002313101,943.7920579428427,7.755538950942392,1.0,1.0
58.0,58,820,1106.228244027644,593.8681844660443,7.755538950942392,1.0,1.0
58.0,58,821,1312.0824059262827,38.02737730170771,13.261785059625714,5.0,1.0
58.0,58,823,477.32572172464484,688.5364801500284,7.755538950942392,1.0,0.9999999999999999
58.0,58,824,556.3468805710645,169.5549850340923,7.755538950942392,1.0,1.0
58.0,58,826,982.033928265527,837.2336290285289,7.755538950942392,1.0,1.0
58.0,58,827,895.802110558024,9.440774414306528,9.771366777571922,2.0,1.0
58.0,58,828,151.77166293039517,821.5826913108589,9.77136677757192,2.0,1.0
58.0,58,829,773.6581581034665,149.26022062010762,9.77136677757192,2.0,0.9999999999999999
58.0,58,830,439.81683105473365,753.5497202850157,9.771366777571922,2.0,1.0
58.0,58,831,836.2993236463717,612.4925641964523,7.755538950942392,1.0,1.0
58.0,58,832,1045.5478489601458,466.2193307390869,9.77136677757192,2.0,1.0
58.0,58,833,461.0179751633396,316.0326933418372,11.185422719499034,3.0,0.9999999999999999
58.0,58,837,944.6623164609636,629.3601162672752,11.185422719499034,3.0,1.0
58.0,58,838,311.4892076064408,305.38411897853655,7.755538950942392,1.0,1.0
58.0,58,839,963.9875378621715,100.35752377242966,7.755538950942392,1.0,1.0
58.0,58,840,746.5096254626803,681.2257950729258,7.755538950942392,1.0,1.0
58.0,58,841,895.45234383233,583.0650472699342,11.185422719499032,3.0,0.9999999999999999
58.0,58,842,43.088062339396444,512.7138658844816,7.755538950942392,1.0,1.0
58.0,58,843,940.606559599371,902.7153965003025,7.755538950942392,1.0,1.0
58.0,58,845,1341.1923723946754,628.2201185999587,7.755538950942392,1.0,0.9999999999999999
58.0,58,846,691.2902679146858,434.6844493257009,9.77136677757192,2.0,1.0
58.0,58,848,585.2947600330513,632.1278058947231,13.261785059625714,5.0,1.0
58.0,58,851,1320.4773832179833,643.0212419622313,9.77136677757192,2.0,0.9999999999999999
58.0,58,853,475.19430988699884,796.8007316732311,9.77136677757192,2.0,0.9999999999999999
58.0,58,855,598.9403297020809,591.7340687825929,7.755538950942392,1.0,1.0
58.0,58,857,749.1204301548879,899.668059040114,9.771366777571922,2.0,0.9999999999999999
58.0,58,859,898.6601407967416,771.7685429630945,9.771366777571922,2.0,1.0
58.0,58,860,8.642477276170947,264.14619076324453,9.771366777571922,2.0,1.0
58.0,58,861,995.7924567670822,76.22398638940965,7.755538950942392,1.0,1.0
58.0,58,862,301.19674892432135,576.6695372642062,7.755538950942392,1.0,0.9999999999999999
58.0,58,863,711.3022413677841,663.617893286959,9.771366777571922,2.0,1.0
58.0,58,865,843.8371273775075,111.43500830246104,7.755538950942392,1.0,1.0
58.0,58,866,928.9548442208982,22.58741853051778,9.77136677757192,2.0,1.0
58.0,58,868,1296.1985759029321,808.3151179064429,14.092749536269187,6.0,1.0
58.0,58,869,1318.469469314007,117.31412403613224,9.77136677757192,2.0,1.0
58.0,58,870,233.06069525106184,186.88405900768652,7.755538950942392,1.0,0.9999999999999999
58.0,58,871,709.6437671075778,750.0035397480897,12.311150689306299,4.0,1.0
58.0,58,872,1035.2335700346055,438.8474525259546,7.755538950942392,1.0,0.9999999999999999
58.0,58,873,65.54698159570185,384.61385490535883,7.755538950942392,1.0,1.0
58.0,58,877,173.2558931208443,432.86585669789326,7.755538950942392,1.0,1.0
58.0,58,879,709.1417396176358,338.95454291301627,7.755538950942392,1.0,1.0
58.0,58,882,288.3076516021922,637.7674463949941,7.755538950942392,1.0,1.0
58.0,58,883,10.108676102315366,146.6853242146698,9.77136677757192,2.0,1.0
58.0,58,884,654.7153680899086,340.8853214435505,9.77136677757192,2.0,1.0
58.0,58,886,70.40676338991581,646.7630134511894,7.755538950942392,1.0,1.0
58.0,58,887,454.84253523557436,247.71286557981955,12.311150689306299,4.0,1.0
58.0,58,890,1266.4523544123695,251.95721626572995,11.185422719499032,3.0,1.0
58.0,58,892,340.28544969810406,46.54265204679028,7.755538950942392,1.0,1.0
58.0,58,894,1184.3537451861314,2.258672968360184,9.771366777571922,2.0,0.9999999999999999
58.0,58,896,230.4847415261429,927.8186360319298,7.755538950942392,1.0,1.0
58.0,58,897,734.9455373547597,582.7418886744463,9.77136677757192,2.0,1.0
58.0,58,898,1081.2970552051393,292.2621692124147,9.77136677757192,2.0,1.0
58.0,58,899,1202.1376442154308,821.5304698058192,9.77136677757192,2.0,1.0
58.0,58,901,1052.2841220226885,3.6640869993560155,11.185422719499032,3.0,1.0
58.0,58,903,287.0270658000552,372.68149804513166,14.835812298463557,7.0,1.0
58.0,58,905,714.9043249075838,875.4112475192857,9.77136677757192,2.0,1.0
58.0,58,907,1153.0914958897686,926.2352095120408,7.755538950942392,1.0,1.0
58.0,58,910,1273.2764345663572,786.8054035603668,9.77136677757192,2.0,1.0
58.0,58,911,326.5882911513454,91.62067120702662,7.755538950942392,1.0,1.0
58.0,58,912,431.77270134422344,892.2547237599475,7.755538950942392,1.0,0.9999999999999999
58.0,58,913,314.16535539300224,740.1622673991545,7.755538950942392,1.0,1.0
58.0,58,914,870.2447729037226,381.4137085862203,11.185422719499034,3.0,1.0
58.0,58,915,41.12045667108593,60.63100274320784,7.755538950942392,1.0,1.0
58.0,58,916,832.5413976446932,308.012896173503,7.755538950942392,1.0,1.0
58.0,58,921,1225.2225217006344,475.43302797115183,7.755538950942392,1.0,1.0
58.0,58,924,644.7827417249589,1021.4805712868671,9.77136677757192,2.0,1.0
58.0,58,925,894.2104527910068,357.018117098548,11.185422719499034,3.0,1.0
58.0,58,926,230.80726307113875,91.80716802547212,11.185422719499032,3.0,1.0
58.0,58,927,1268.5480234331822,91.21318137624803,11.185422719499032,3.0,1.0
58.0,58,928,527.8311305911421,953.5028605039175,7.755538950942392,1.0,1.0
58.0,58,930,808.8976583804773,569.1648728570024,11.185422719499032,3.0,1.0
58.0,58,932,1277.3180766746425,544.0592480054138,11.185422719499032,3.0,0.9999999999999999
58.0,58,933,1022.0865512013105,200.465170693188,7.755538950942392,1.0,1.0
58.0,58,934,321.6827367568568,17.565700598848085,13.261785059625714,5.0,1.0
58.0,58,935,295.92885936647195,798.7592179989089,7.755538950942392,1.0,1.0
58.0,58,936,524.4336348544773,402.8283583854277,9.77136677757192,2.0,1.0
58.0,58,937,926.2017296758079,996.9603416094569,9.77136677757192,2.0,1.0
58.0,58,939,1165.5540011022563,128.40863754187407,9.77136677757192,2.0,1.0
58.0,58,941,52.951552607469615,953.3484554332554,11.185422719499032,3.0,1.0
58.0,58,947,414.02008128365065,74.9062475607634,7.755538950942392,1.0,1.0
58.0,58,949,1212.814425195724,27.544550318816135,11.185422719499032,3.0,1.0
58.0,58,950,379.4471667604976,644.8228723564466,9.77136677757192,2.0,1.0
58.0,58,951,100.87670141035802,320.5664912222705,11.185422719499032,3.0,1.0
58.0,58,952,181.99858777485562,176.72709743343106,7.755538950942392,1.0,1.0
58.0,58,953,585.7289661084943,145.80205881211361,9.77136677757192,2.0,1.0
58.0,58,954,1310.8073284397037,204.9571143416799,7.755538950942392,1.0,1.0
58.0,58,955,471.679338678544,416.61399567399354,9.77136677757192,2.0,1.0
58.0,58,956,1070.1049570411083,616.7587308910421,9.77136677757192,2.0,1.0
58.0,58,957,267.9767458534277,543.0629069387394,12.311150689306297,4.0,1.0
58.0,58,959,188.02984456232363,900.7197373076561,9.77136677757192,2.0,1.0
58.0,58,961,279.8060904072993,176.89753450421372,9.77136677757192,2.0,1.0
58.0,58,962,1303.7701070913147,845.7910541887275,12.311150689306299,4.0,1.0
58.0,58,963,391.42750881817796,194.3430940870602,9.77136677757192,2.0,1.0
58.0,58,965,861.2877668798953,476.9595347142656,7.755538950942392,1.0,1.0
58.0,58,969,433.352439332171,462.09863295884134,9.77136677757192,2.0,0.9999999999999999
58.0,58,971,1163.6704067875708,820.061102782128,7.755538950942392,1.0,1.0
58.0,58,972,493.200025950155,599.5567195562826,11.185422719499032,3.0,1.0
58.0,58,975,30.472658889696035,717.6514972964176,7.755538950942392,1.0,1.0
58.0,58,977,1031.28009791186,160.16926593646443,7.755538950942392,1.0,1.0
58.0,58,980,335.6991579200251,749.6690324375761,7.755538950942392,1.0,1.0
58.0,58,981,995.1627055755736,406.0533741182171,7.755538950942392,1.0,1.0
58.0,58,983,924.3649066973326,533.862964341665,7.755538950942392,1.0,1.0
58.0,58,985,1254.5300932755968,920.7046015210284,11.185422719499032,3.0,1.0
58.0,58,986,1158.3317768439376,782.9388925513186,12.311150689306295,4.0,0.9999999999999999
58.0,58,987,1166.2873759962513,872.2054191676337,7.755538950942392,1.0,1.0
58.0,58,988,1130.653854564641,610.7285051851899,7.755538950942392,1.0,1.0
58.0,58,989,542.1944710433329,936.7267273226388,9.77136677757192,2.0,1.0
58.0,58,991,1191.280774390703,850.9155982618172,7.755538950942392,1.0,1.0
58.0,58,995,36.849161650022566,7.320563828990156,11.185422719499032,3.0,0.9999999999999999
58.0,58,996,267.98435672497,859.6942602461869,9.77136677757192,2.0,0.9999999999999999
58.0,58,998,7.724747027443463,978.2105905717636,7.755538950942392,1.0,1.0
58.0,58,999,1066.132948615741,427.82149207872635,7.755538950942392,1.0,0.9999999999999999
58.0,58,1000,166.9068525487143,877.786494412715,9.77136677757192,2.0,1.0
60.0,60,1,112.63686300572715,932.2057226787217,7.755538950942392,1.0,1.0
60.0,60,3,949.1042826074794,308.54048482937634,13.261785059625714,5.0,1.0
60.0,60,6,455.9651767373298,96.40878783863533,7.755538950942392,1.0,1.0
60.0,60,8,356.01181972685373,212.98351944982707,16.132171110904203,9.0,1.0
60.0,60,9,1070.2174329903135,402.4362543977256,7.755538950942392,1.0,0.9999999999999999
60.0,60,10,1149.2491317197978,299.15791154729476,7.755538950942392,1.0,1.0
60.0,60,11,852.5757381093891,940.2184862790584,9.77136677757192,2.0,1.0
60.0,60,14,1220.561235896251,400.42732370450534,7.755538950942392,1.0,1.0
60.0,60,15,1004.8116899063712,308.39917395648826,7.755538950942392,1.0,1.0
60.0,60,17,188.15993939100173,265.1940368871122,7.755538950942392,1.0,1.0
60.0,60,18,648.8743252827933,646.6422473188555,7.755538950942392,1.0,0.9999999999999999
60.0,60,19,488.4346003575165,812.7950220613471,7.755538950942392,1.0,1.0
60.0,60,20,346.18889864628125,957.8754994004968,7.755538950942392,1.0,1.0
60.0,60,21,259.0398555653611,81.05426853389001,7.755538950942392,1.0,1.0
60.0,60,22,141.49100518054618,459.5931587783458,9.77136677757192,2.0,1.0
60.0,60,23,3.751594203997926,817.5970611400872,9.77136677757192,2.0,1.0
60.0,60,27,522.8332286354571,546.2722614526822,7.755538950942392,1.0,1.0
60.0,60,28,911.7592449832498,900.4375568001338,7.755538950942392,1.0,0.9999999999999999
60.0,60,29,1107.1270613050754,1022.6008490946633,12.311150689306299,4.0,1.0
60.0,60,31,966.4745410652253,142.26188056097078,7.755538950942392,1.0,1.0
60.0,60,35,196.6979732916029,748.5379045146666,7.755538950942392,1.0,0.9999999999999999
60.0,60,37,865.0366202019343,909.9832165690343,7.755538950942392,1.0,1.0
60.0,60,38,962.5903586878732,725.8098664365591,7.755538950942392,1.0,1.0
60.0,60,39,1328.3273891341435,1005.994064229354,7.755538950942392,1.0,1.0
60.0,60,40,957.5702220986002,933.2627588301451,9.77136677757192,2.0,1.0
60.0,60,41,434.1657901663502,277.9870402777324,9.77136677757192,2.0,1.0
60.0,60,43,783.5116135505505,821.8375774661519,7.755538950942392,1.0,1.0
60.0,60,44,746.697589985216,59.826509788783895,11.185422719499032,3.0,1.0
60.0,60,45,885.594141740362,951.7906910604116,7.755538950942392,1.0,1.0
60.0,60,46,1146.4467491031553,353.75076283702333,7.755538950942392,1.0,0.9999999999999999
60.0,60,51,1326.526052757816,233.45027980208536,9.77136677757192,2.0,0.9999999999999999
60.0,60,53,136.2893643875412,108.3497110896527,7.755538950942392,1.0,1.0
60.0,60,55,1247.0649819636758,616.2048603744734,7.755538950942392,1.0,1.0
60.0,60,57,1059.1594075408893,729.385006473213,12.311150689306295,4.0,1.0
60.0,60,59,41.08546717813201,149.0338716128826,7.755538950942392,1.0,0.9999999999999999
60.0,60,60,48.07986197888581,234.4416214904345,9.77136677757192,2.0,1.0
60.0,60,61,882.8324269817108,992.6910156585014,9.771366777571922,2.0,1.0
60.0,60,62,578.4305635230013,1021.7630232111916,7.755538950942392,1.0,1.0
60.0,60,63,1133.4720960214859,633.4433702629049,7.755538950942392,1.0,1.0
60.0,60,65,700.5772128464617,831.9735476810384,7.755538950942392,1.0,1.0
60.0,60,66,966.7733348359509,1013.8556098052195,9.771366777571922,2.0,1.0
60.0,60,67,1080.1949158833795,250.03619375431077,13.261785059625712,5.0,1.0
60.0,60,68,1238.7686437021212,656.3585443302248,7.755538950942392,1.0,1.0
60.0,60,70,1152.09719285465,479.00399887506893,7.755538950942392,1.0,0.9999999999999999
60.0,60,71,772.0664910328466,783.5937374051256,9.771366777571922,2.0,1.0
60.0,60,73,536.0323662370785,310.2301093192969,7.755538950942392,1.0,1.0
60.0,60,77,424.2577169851245,827.9506342147531,11.185422719499032,3.0,1.0
60.0,60,78,1104.6767081147846,178.3369534013206,7.755538950942392,1.0,0.9999999999999999
60.0,60,79,825.2745163038497,237.8054222361387,9.77136677757192,2.0,0.9999999999999999
60.0,60,80,1007.5010029010851,357.51731803463883,7.755538950942392,1.0,1.0
60.0,60,81,613.9937685808064,4.058479525408468,9.77136677757192,2.0,1.0
60.0,60,83,1195.833814261243,416.25814506792887,7.755538950942392,1.0,1.0
60.0,60,85,119.93695537940285,790.1062917785683,7.755538950942392,1.0,1.0
60.0,60,86,1031.953182998031,514.8564643390799,9.77136677757192,2.0,1.0
60.0,60,87,710.2724802256204,122.64205386670002,7.755538950942392,1.0,1.0
60.0,60,88,73.97748920997937,503.3801022474479,7.755538950942392,1.0,1.0
60.0,60,90,802.0998426369836,415.58298913980155,7.755538950942392,1.0,1.0
60.0,60,91,56.72790075984774,17.94485538291031,7.755538950942392,1.0,0.9999999999999999
60.0,60,92,1096.9222562055436,700.1971712239749,7.755538950942392,1.0,1.0
60.0,60,93,285.91359680047566,294.5181223015298,9.77136677757192,2.0,0.9999999999999999
60.0,60,94,647.2748550482787,893.5117696891856,12.311150689306299,4.0,1.0
60.0,60,97,942.5220165544554,67.34762405551112,12.311150689306297,4.0,1.0
60.0,60,100,358.98373139563245,811.7670868600394,7.755538950942392,1.0,1.0
60.0,60,101,13.96437148375186,620.0933758624789,7.755538950942392,1.0,0.9999999999999999
60.0,60,103,218.3039376399068,19.75855895298186,7.755538950942392,1.0,1.0
60.0,60,104,377.6763772070006,579.7394829607339,7.755538950942392,1.0,1.0
60.0,60,107,441.8094969052258,137.66517516871517,7.755538950942392,1.0,1.0
60.0,60,110,643.0667610227437,618.368220705927,7.755538950942392,1.0,1.0
60.0,60,116,1157.9836113460178,55.40589326232326,11.185422719499032,3.0,1.0
60.0,60,118,283.6702417161488,441.0087197630317,9.77136677757192,2.0,1.0
60.0,60,119,1036.3075390679542,560.4345898655935,11.185422719499032,3.0,1.0
60.0,60,120,115.08987227425007,259.3718815171259,7.755538950942392,1.0,0.9999999999999999
60.0,60,121,103.69504345004229,218.49371281815644,9.77136677757192,2.0,0.9999999999999999
60.0,60,122,844.376903152412,261.5644534208704,13.261785059625714,5.0,1.0
60.0,60,123,1293.0779132583646,588.4346091886867,11.185422719499034,3.0,1.0
60.0,60,125,422.28430171714615,1008.0555544181825,11.185422719499034,3.0,1.0
60.0,60,126,1341.535534688195,471.3472491971365,7.755538950942392,1.0,1.0
60.0,60,127,840.4799335220357,562.9651079259642,7.755538950942392,1.0,1.0
60.0,60,129,782.8923269690246,674.812483685693,7.755538950942392,1.0,1.0
60.0,60,130,1201.5465315734443,438.48239384368503,7.755538950942392,1.0,0.9999999999999999
60.0,60,131,1241.8698147420855,309.3747737536108,7.755538950942392,1.0,1.0
60.0,60,132,1284.7452008433688,180.11361119438268,12.311150689306297,4.0,1.0
60.0,60,134,116.0388505738668,829.0442401928713,9.77136677757192,2.0,1.0
60.0,60,135,1009.5658145638041,597.6294971395477,7.755538950942392,1.0,1.0
60.0,60,138,484.16514278405083,1024.7416153328516,7.755538950942392,1.0,0.9999999999999999
60.0,60,142,1294.8264889234954,294.00765871111946,7.755538950942392,1.0,1.0
60.0,60,143,615.2482953677353,111.88991215145343,14.09274953626919,6.0,1.0
60.0,60,144,1272.2670948607665,971.730402909114,9.77136677757192,2.0,1.0
60.0,60,145,111.52582364166848,870.7478893062038,9.77136677757192,2.0,1.0
60.0,60,146,1055.3741135780729,530.031452164452,7.755538950942392,1.0,1.0
60.0,60,148,545.9702628717207,142.76696067341885,9.77136677757192,2.0,0.9999999999999999
60.0,60,149,174.13227308037918,982.7007055091044,7.755538950942392,1.0,0.9999999999999999
60.0,60,150,707.0048298184474,387.60218997858965,12.311150689306299,4.0,1.0
60.0,60,151,472.1562736679839,667.8030492367951,7.755538950942392,1.0,0.9999999999999999
60.0,60,152,1162.3397669493945,675.9284550177896,7.755538950942392,1.0,1.0
60.0,60,153,60.20551166021061,543.6140767706642,9.77136677757192,2.0,1.0
60.0,60,156,876.3448605736888,807.5915072266522,7.755538950942392,1.0,1.0
60.0,60,160,1048.5123590429157,764.7148025575808,7.755538950942392,1.0,1.0
60.0,60,163,77.69862195508823,64.29673713754225,7.755538950942392,1.0,1.0
60.0,60,164,365.52233258975747,77.26669209127638,9.771366777571922,2.0,1.0
60.0,60,165,149.10032679308912,7.709312789700199,7.755538950942392,1.0,1.0
60.0,60,166,491.9005307019019,88.60762641603401,11.185422719499032,3.0,1.0
60.0,60,170,975.3663777670596,689.6905251162842,7.755538950942392,1.0,0.9999999999999999
60.0,60,172,823.0637556402105,813.1359787590094,7.755538950942392,1.0,1.0
60.0,60,173,7.72589279380542,56.83129782434968,11.185422719499034,3.0,1.0
60.0,60,174,964.974852584169,745.5867550278659,7.755538950942392,1.0,1.0
60.0,60,175,1334.366573667666,862.2645836850019,9.77136677757192,2.0,0.9999999999999999
60.0,60,181,471.12580249079167,935.0529134035313,11.185422719499032,3.0,1.0
60.0,60,186,230.73657283959716,619.3558006149902,11.185422719499034,3.0,1.0
60.0,60,187,611.8928907713973,900.6857046158075,7.755538950942392,1.0,1.0
60.0,60,188,594.8720629475631,275.37375723188853,9.771366777571922,2.0,1.0
60.0,60,189,820.0767925509202,924.5498296100875,7.755538950942392,1.0,1.0
60.0,60,190,1087.2458512359533,969.3103339197417,7.755538950942392,1.0,1.0
60.0,60,191,1076.3948887744298,754.8578876493402,9.77136677757192,2.0,1.0
60.0,60,193,353.5125036650807,98.27679060098905,7.755538950942392,1.0,1.0
60.0,60,198,209.50119615317396,626.0173411679948,7.755538950942392,1.0,0.9999999999999999
60.0,60,199,197.53918893120186,539.2566177848679,16.132171110904203,9.0,1.0
60.0,60,201,137.71029958892683,425.6500784123577,9.77136677757192,2.0,1.0
60.0,60,208,1037.0428105631506,281.1610076761348,9.77136677757192,2.0,1.0
60.0,60,210,106.3536950829296,1024.8545877379058,11.185422719499034,3.0,0.9999999999999999
60.0,60,213,485.36084389972933,739.8489205479256,7.755538950942392,1.0,0.9999999999999999
60.0,60,214,30.213342941066056,247.12113884895038,7.755538950942392,1.0,1.0
60.0,60,215,346.56180685662525,432.3386103070923,9.77136677757192,2.0,1.0
60.0,60,218,672.294066327837,311.3103824874533,7.755538950942392,1.0,1.0
60.0,60,219,302.63305423473804,101.6458255734871,7.755538950942392,1.0,1.0
60.0,60,220,306.7835891541607,924.5936666504316,12.311150689306299,4.0,1.0
60.0,60,221,108.9593442891302,175.1001480919765,12.311150689306299,4.0,1.0
60.0,60,224,564.1231723945158,244.72893540908345,7.755538950942392,1.0,1.0
60.0,60,228,891.3063661615773,34.43796763176121,9.771366777571922,2.0,1.0
60.0,60,230,1136.585850208257,727.0641297091468,7.755538950942392,1.0,1.0
60.0,60,231,738.7512210460026,312.7425853730396,9.771366777571922,2.0,1.0
60.0,60,232,505.057925620064,228.12858238263453,7.755538950942392,1.0,1.0
60.0,60,238,908.9759330974701,860.323292986874,7.755538950942392,1.0,1.0
60.0,60,239,1199.3822651648609,926.3132677196528,7.755538950942392,1.0,1.0
60.0,60,241,1222.6227474404316,527.156952976763,12.311150689306297,4.0,1.0
60.0,60,242,739.6910660715685,24.26170965213576,7.755538950942392,1.0,1.0
60.0,60,243,72.2451278310377,686.6282680273536,7.755538950942392,1.0,1.0
60.0,60,245,740.8931719512258,789.0206235947675,9.77136677757192,2.0,1.0
60.0,60,247,383.53400290650796,214.0476699431972,7.755538950942392,1.0,1.0
60.0,60,248,460.1726286698423,179.62217633256103,9.77136677757192,2.0,1.0
60.0,60,250,511.34456735177196,805.3504989300516,7.755538950942392,1.0,0.9999999999999999
60.0,60,255,1334.2953857225716,824.0467701766826,9.77136677757192,2.0,1.0
60.0,60,256,926.5653832509089,729.9750887548225,7.755538950942392,1.0,1.0
60.0,60,257,610.7129234744011,34.56671316907207,7.755538950942392,1.0,0.9999999999999999
60.0,60,259,746.4727187604634,146.43167351808484,11.185422719499032,3.0,0.9999999999999999
60.0,60,260,1093.9364043549197,811.0109727286564,7.755538950942392,1.0,1.0
60.0,60,261,256.9939947323329,425.9234120979845,7.755538950942392,1.0,1.0
60.0,60,262,845.5452858129885,988.9277323508322,9.77136677757192,2.0,0.9999999999999999
60.0,60,263,93.26922144994367,142.41140168723962,9.77136677757192,2.0,1.0
60.0,60,264,938.4730315684069,813.3133844968538,7.755538950942392,1.0,0.9999999999999999
60.0,60,265,1343.739454122634,435.6108708759656,7.755538950942392,1.0,1.0
60.0,60,268,1018.5400724335053,225.88315471100654,7.755538950942392,1.0,0.9999999999999999
60.0,60,269,121.28168975361677,378.8715450610958,9.771366777571922,2.0,1.0
60.0,60,270,338.4695635463694,405.22606913616016,9.771366777571922,2.0,1.0
60.0,60,272,231.72961461211148,295.80977800280704,7.755538950942392,1.0,1.0
60.0,60,273,617.0214410105617,580.2398402375492,7.755538950942392,1.0,0.9999999999999999
60.0,60,274,796.2172809746471,849.4642222433557,7.755538950942392,1.0,1.0
60.0,60,275,1176.8875562854903,383.3248225220102,7.755538950942392,1.0,1.0
60.0,60,276,1095.0434600761448,528.7962814084872,7.755538950942392,1.0,1.0
60.0,60,278,1249.1986479442335,360.5541725898606,12.311150689306299,4.0,1.0
60.0,60,279,128.4592590674336,630.1160392154686,11.185422719499032,3.0,0.9999999999999999
60.0,60,280,351.9934179109953,976.9740827930482,7.755538950942392,1.0,1.0
60.0,60,281,1185.9477930384237,551.6701245139665,11.185422719499032,3.0,0.9999999999999999
60.0,60,283,675.0225536558396,599.4898610724074,9.77136677757192,2.0,1.0
60.0,60,284,75.73222273900066,806.6937273474213,7.755538950942392,1.0,1.0
60.0,60,285,856.3471279569768,641.3405438079245,7.755538950942392,1.0,1.0
60.0,60,286,1140.194097283809,259.17285007779066,7.755538950942392,1.0,1.0
60.0,60,287,96.35341336376497,710.9586006084697,7.755538950942392,1.0,0.9999999999999999
60.0,60,289,1241.4940810656924,812.6246050178571,12.311150689306299,4.0,1.0
60.0,60,291,499.1883472231884,355.63950312605846,7.755538950942392,1.0,1.0
60.0,60,294,626.8712816100606,428.3642594129999,7.755538950942392,1.0,1.0
60.0,60,295,48.35526198659624,749.2066793022882,12.311150689306297,4.0,1.0
60.0,60,300,347.7480779155578,663.7957132817008,9.77136677757192,2.0,1.0
60.0,60,301,1111.4919760786063,35.24427203177917,9.77136677757192,2.0,1.0
60.0,60,302,639.0899963914485,996.0516697763596,7.755538950942392,1.0,0.9999999999999999
60.0,60,304,721.3302438859848,407.33487834104534,7.755538950942392,1.0,1.0
60.0,60,306,154.37018045807875,592.873849998177,7.755538950942392,1.0,0.9999999999999999
60.0,60,307,982.7873788830381,490.7888827938017,12.311150689306297,4.0,1.0
60.0,60,309,818.5761903217077,195.08781608988951,7.755538950942392,1.0,0.9999999999999999
60.0,60,311,694.5989433624587,574.8174811622335,9.77136677757192,2.0,0.9999999999999999
60.0,60,314,171.65830452115608,147.1227340962712,7.755538950942392,1.0,1.0
60.0,60,318,1214.6204140883883,604.0850775164314,11.185422719499032,3.0,1.0
60.0,60,319,108.36902995110938,999.3919845105393,9.77136677757192,2.0,1.0
60.0,60,320,1243.0683738327366,120.40264773685723,9.77136677757192,2.0,1.0
60.0,60,322,861.6799914938199,970.8973530267748,9.77136677757192,2.0,1.0
60.0,60,323,72.72025662400625,434.6321385830439,9.77136677757192,2.0,1.0
60.0,60,325,203.21769719286712,931.9185065408489,7.755538950942392,1.0,0.9999999999999999
60.0,60,326,203.32942781148333,471.85619264800704,9.77136677757192,2.0,1.0
60.0,60,327,912.9986277204207,475.4265878703015,7.755538950942392,1.0,1.0
60.0,60,328,688.7170924547459,300.14245300624,7.755538950942392,1.0,1.0
60.0,60,330,407.1298832897445,862.6026227151051,9.77136677757192,2.0,1.0
60.0,60,331,123.84791691268346,716.3451850355887,13.261785059625714,5.0,1.0
60.0,60,333,630.9383997986599,29.4982207878421,7.755538950942392,1.0,1.0
60.0,60,334,1135.1585256869753,833.6772421694603,7.755538950942392,1.0,1.0
60.0,60,337,587.4441563568084,935.6820542009192,9.77136677757192,2.0,1.0
60.0,60,339,814.8774860174274,92.35899138826339,7.755538950942392,1.0,1.0
60.0,60,340,894.7691694256289,663.5548705930894,7.755538950942392,1.0,1.0
60.0,60,341,982.6323230105827,610.5488493655838,12.311150689306297,4.0,1.0
60.0,60,342,886.3401946098057,135.7709227021275,9.77136677757192,2.0,0.9999999999999999
60.0,60,343,131.4234319886044,483.3082427199107,7.755538950942392,1.0,1.0
60.0,60,344,730.7936503084433,360.54546910977297,7.755538950942392,1.0,1.0
60.0,60,346,1182.998815889165,636.2714284219736,7.755538950942392,1.0,1.0
60.0,60,348,405.61965435912,657.1256009328956,7.755538950942392,1.0,1.0
60.0,60,350,1261.8440501024684,154.0721730459126,7.755538950942392,1.0,1.0
60.0,60,354,476.1463638081372,233.62233621294794,7.755538950942392,1.0,1.0
60.0,60,355,97.01065624994321,488.22424867332177,7.755538950942392,1.0,1.0
60.0,60,356,685.0599275006213,1013.2930032637856,7.755538950942392,1.0,0.9999999999999999
60.0,60,360,674.6854725691348,330.7912127545677,7.755538950942392,1.0,1.0
60.0,60,361,27.28371284360267,636.9130042265076,7.755538950942392,1.0,1.0
60.0,60,362,996.6524564513775,707.9845663200442,7.755538950942392,1.0,1.0
60.0,60,363,601.1610970681054,504.8375252517386,7.755538950942392,1.0,1.0
60.0,60,364,1331.411070211242,420.77735844974274,7.755538950942392,1.0,1.0
60.0,60,365,116.11338641778504,73.35751651646574,7.755538950942392,1.0,0.9999999999999999
60.0,60,366,842.2463672552636,162.59939133202465,7.755538950942392,1.0,1.0
60.0,60,367,1178.4792407053108,990.1612846847511,7.755538950942392,1.0,1.0
60.0,60,368,1327.1081080971937,162.75111130543078,12.311150689306297,4.0,1.0
60.0,60,369,864.1233886351087,356.96109451980976,7.755538950942392,1.0,1.0
60.0,60,370,34.52654742470363,993.4517127564629,7.755538950942392,1.0,1.0
60.0,60,371,580.087207660575,420.4654354606541,7.755538950942392,1.0,1.0
60.0,60,373,872.6615446888673,202.06933374464816,7.755538950942392,1.0,1.0
60.0,60,374,865.5241655777832,69.90254054551444,11.185422719499032,3.0,1.0
60.0,60,378,86.99392146321968,659.136301827959,7.755538950942392,1.0,1.0
60.0,60,380,851.3815104528002,15.892141127446626,9.771366777571922,2.0,0.9999999999999999
60.0,60,381,815.9862910406775,331.5946693356837,9.77136677757192,2.0,1.0
60.0,60,382,1330.531868601326,271.3049395050312,9.77136677757192,2.0,1.0
60.0,60,383,930.1203553955627,502.28481414230987,9.771366777571922,2.0,0.9999999999999999
60.0,60,385,695.7699150043968,541.4117834736419,7.755538950942392,1.0,1.0
60.0,60,387,821.2619246614848,267.68246760282614,9.77136677757192,2.0,1.0
60.0,60,388,184.8614548447215,649.760084234574,7.755538950942392,1.0,1.0
60.0,60,390,363.822813611629,166.86751497664957,12.311150689306299,4.0,1.0
60.0,60,391,734.4127584559915,507.4676424787732,12.311150689306299,4.0,0.9999999999999999
60.0,60,393,264.1217803522214,903.6216773628377,7.755538950942392,1.0,1.0
60.0,60,396,1045.051399268673,357.75872693082516,9.77136677757192,2.0,1.0
60.0,60,399,528.1972282402631,618.2082016294734,11.185422719499032,3.0,0.9999999999999999
60.0,60,400,229.9242596641174,379.2467069647696,7.755538950942392,1.0,1.0
60.0,60,403,640.7863493781631,538.9768775499862,7.755538950942392,1.0,1.0
60.0,60,405,761.7140371266685,373.5466138227664,12.311150689306297,4.0,1.0
60.0,60,406,265.3654833249652,791.5499377373793,14.092749536269183,6.0,0.9999999999999999
60.0,60,409,575.7123445087975,868.7918616133943,11.185422719499032,3.0,1.0
60.0,60,410,567.7578744310879,537.9739810507284,9.771366777571922,2.0,1.0
60.0,60,412,750.1413927921506,653.9384505451181,9.77136677757192,2.0,1.0
60.0,60,414,1211.7964093656672,497.56814785388354,7.755538950942392,1.0,0.9999999999999999
60.0,60,415,1134.7411767367682,695.6918111921937,7.755538950942392,1.0,1.0
60.0,60,416,392.93981047265135,729.5360612894235,7.755538950942392,1.0,1.0
60.0,60,417,904.862567643548,523.023052407687,9.77136677757192,2.0,1.0
60.0,60,418,531.6087120958083,680.054940432928,9.77136677757192,2.0,1.0
60.0,60,419,332.52574526571743,900.4458131832299,9.771366777571922,2.0,1.0
60.0,60,420,687.563534601375,970.3704923558626,7.755538950942392,1.0,1.0
60.0,60,421,980.6299469591627,356.17791848264255,7.755538950942392,1.0,0.9999999999999999
60.0,60,422,158.95537537092363,658.0489764419681,7.755538950942392,1.0,1.0
60.0,60,427,541.3334322868615,11.897941623108789,9.77136677757192,2.0,0.9999999999999999
60.0,60,428,1062.8270442414441,203.8681335055236,9.77136677757192,2.0,1.0
60.0,60,431,269.2620695909754,575.6637372019745,7.755538950942392,1.0,1.0
60.0,60,432,364.8524518723376,773.8245765880362,9.77136677757192,2.0,0.9999999999999999
60.0,60,433,287.19308238581533,603.4069155528919,9.77136677757192,2.0,1.0
60.0,60,435,888.4057441849122,235.32664420778818,7.755538950942392,1.0,0.9999999999999999
60.0,60,436,305.8322390055738,664.6510135032403,9.77136677757192,2.0,1.0
60.0,60,438,863.9166353848246,713.4061021153037,7.755538950942392,1.0,1.0
60.0,60,439,535.8347260054371,861.237933374692,12.311150689306299,4.0,1.0
60.0,60,440,348.5093662578554,875.6229046010669,7.755538950942392,1.0,1.0
60.0,60,441,946.4526666866208,426.38735031837615,9.771366777571922,2.0,1.0
60.0,60,442,502.57017308114365,326.877564374694,7.755538950942392,1.0,0.9999999999999999
60.0,60,443,214.1570317920129,749.0247747920951,7.755538950942392,1.0,0.9999999999999999
60.0,60,444,146.84549392068425,728.134498550184,9.771366777571922,2.0,1.0
60.0,60,445,1051.588681767908,42.21813567707388,7.755538950942392,1.0,1.0
60.0,60,446,329.81413356072903,258.9067681145193,7.755538950942392,1.0,0.9999999999999999
60.0,60,449,1199.1012004537838,133.29140934440554,7.755538950942392,1.0,1.0
60.0,60,451,1336.4376661639997,508.0859141565692,7.755538950942392,1.0,1.0
60.0,60,453,192.68980972791766,1017.4457699594548,7.755538950942392,1.0,1.0
60.0,60,455,845.1696766450411,209.5199024960766,11.185422719499032,3.0,1.0
60.0,60,456,312.52913620919236,817.2467130825139,9.77136677757192,2.0,1.0
60.0,60,458,1245.0212273021175,178.13794625888656,7.755538950942392,1.0,1.0
60.0,60,459,1314.5135854527882,354.01522366031475,9.77136677757192,2.0,0.9999999999999999
60.0,60,461,146.3867301233372,56.181774754202735,9.77136677757192,2.0,1.0
60.0,60,462,1099.2237577388694,303.06070284251814,7.755538950942392,1.0,1.0
60.0,60,464,1337.8518378578958,68.56395552785908,7.755538950942392,1.0,0.9999999999999999
60.0,60,465,796.4003841009767,174.27530369827787,7.755538950942392,1.0,0.9999999999999999
60.0,60,466,406.41096777424394,619.2256078948445,9.77136677757192,2.0,1.0
60.0,60,468,1213.5712081208576,909.8824092582506,7.755538950942392,1.0,0.9999999999999999
60.0,60,469,1132.170455118478,883.3878533838316,7.755538950942392,1.0,0.9999999999999999
60.0,60,470,87.40742100786396,413.773057449285,7.755538950942392,1.0,1.0
60.0,60,471,61.678882038062916,484.54700959075876,7.755538950942392,1.0,1.0
60.0,60,472,307.70215533283573,130.5479128569385,7.755538950942392,1.0,1.0
60.0,60,473,388.5947518001818,908.4850361339439,7.755538950942392,1.0,1.0
60.0,60,474,84.61807916822002,1000.9696622127709,9.771366777571922,2.0,1.0
60.0,60,476,483.8524597222692,134.58965666354428,12.311150689306299,4.0,1.0
60.0,60,477,276.932703170252,936.3153572638886,11.185422719499032,3.0,0.9999999999999999
60.0,60,479,355.1118713756362,935.5226588858477,7.755538950942392,1.0,1.0
60.0,60,481,591.3300179113245,974.138757749658,11.185422719499034,3.0,0.9999999999999999
60.0,60,483,559.4831233261192,40.989278430811254,7.755538950942392,1.0,1.0
60.0,60,485,1045.122742573266,690.2082572179523,7.755538950942392,1.0,1.0
60.0,60,486,401.439892824613,130.7378756472022,7.755538950942392,1.0,1.0
60.0,60,487,1061.8398211161434,962.6695067780795,12.311150689306295,4.0,1.0
60.0,60,489,654.6412612201306,147.33576165532463,9.77136677757192,2.0,1.0
60.0,60,490,453.6097853018901,904.3639916053941,9.77136677757192,2.0,1.0
60.0,60,491,657.8256187284396,756.6364908247655,9.77136677757192,2.0,1.0
60.0,60,493,96.84889698296398,370.8088459473133,7.755538950942392,1.0,1.0
60.0,60,494,813.4225303589318,764.856277925838,9.77136677757192,2.0,1.0
60.0,60,496,697.365545521938,506.18871508329005,9.771366777571922,2.0,0.9999999999999999
60.0,60,497,1195.4057169266355,772.5492421751866,7.755538950942392,1.0,1.0
60.0,60,498,421.8396296432834,482.98825331896626,7.755538950942392,1.0,1.0
60.0,60,500,539.1842705058245,183.22249948617753,7.755538950942392,1.0,1.0
60.0,60,501,520.949623964034,990.3745692222213,12.311150689306299,4.0,0.9999999999999999
60.0,60,503,536.6792099348636,39.64912628160935,12.311150689306299,4.0,1.0
60.0,60,504,994.6136101656166,203.59378899109205,7.755538950942392,1.0,1.0
60.0,60,506,104.71412151030978,737.3678565324205,7.755538950942392,1.0,1.0
60.0,60,507,1337.649174449955,323.5799568093306,7.755538950942392,1.0,0.9999999999999999
60.0,60,508,1168.3097120232626,523.858886099443,11.185422719499032,3.0,1.0
60.0,60,509,1065.4454919223417,866.1941812875043,9.77136677757192,2.0,1.0
60.0,60,510,599.2171689784743,215.81412416151073,12.311150689306295,4.0,1.0
60.0,60,511,522.131167836421,505.07426186738604,9.77136677757192,2.0,1.0
60.0,60,512,190.4080839291918,867.2619671665302,11.185422719499034,3.0,1.0
60.0,60,513,1254.6200457611308,578.0755764535036,14.09274953626919,6.0,1.0
60.0,60,516,1223.1605737006491,381.9322740276226,9.77136677757192,2.0,1.0
60.0,60,517,903.2818221979779,833.7544909000832,9.77136677757192,2.0,0.9999999999999999
60.0,60,518,133.26562042901253,524.5163203902385,12.311150689306299,4.0,1.0
60.0,60,519,823.1152520071502,382.32641628785666,14.09274953626919,6.0,1.0
60.0,60,520,804.3103658322196,5.216814900267944,11.185422719499034,3.0,0.9999999999999999
60.0,60,521,824.0374827057972,52.39886369782047,11.185422719499034,3.0,1.0
60.0,60,522,989.850025746233,975.9310854298428,7.755538950942392,1.0,1.0
60.0,60,523,975.9814886328152,188.51470060575508,7.755538950942392,1.0,1.0
60.0,60,524,862.4366748653144,872.7464376975422,9.77136677757192,2.0,1.0
60.0,60,529,784.5494266651738,570.4018252778862,7.755538950942392,1.0,1.0
60.0,60,530,121.82935330173783,677.7037412230482,9.771366777571922,2.0,1.0
60.0,60,533,826.5094323633601,869.3161161820383,9.771366777571922,2.0,1.0
60.0,60,535,837.4365309744278,139.5583586997421,7.755538950942392,1.0,0.9999999999999999
60.0,60,536,339.61065010087907,491.4073243570864,7.755538950942392,1.0,1.0
60.0,60,538,549.1038203199465,444.54477223916876,11.185422719499032,3.0,1.0
60.0,60,539,965.1808261819241,220.34084548961,7.755538950942392,1.0,0.9999999999999999
60.0,60,540,305.13910233182276,544.1871177726047,7.755538950942392,1.0,1.0
60.0,60,543,909.0072397934313,410.71222372519054,9.77136677757192,2.0,1.0
60.0,60,546,1033.5493725559115,833.0332077109355,9.77136677757192,2.0,1.0
60.0,60,547,494.4182776216344,252.16173457065233,7.755538950942392,1.0,1.0
60.0,60,548,892.3529989986121,448.2796990871274,11.185422719499034,3.0,0.9999999999999999
60.0,60,551,1248.1257562719234,768.2147094114976,7.755538950942392,1.0,1.0
60.0,60,555,156.47788279746533,197.9630300628737,11.185422719499032,3.0,1.0
60.0,60,556,268.98630295864405,469.0461469312584,7.755538950942392,1.0,0.9999999999999999
60.0,60,557,597.0706669484296,323.9991004753758,11.185422719499032,3.0,1.0
60.0,60,558,232.77582435814296,67.31433845738565,7.755538950942392,1.0,1.0
60.0,60,559,1070.4885851096878,78.862319770089,7.755538950942392,1.0,1.0
60.0,60,561,1308.7353045180635,885.1771618655495,7.755538950942392,1.0,1.0
60.0,60,562,183.9431651131997,235.64272309976303,11.185422719499032,3.0,1.0
60.0,60,563,438.224023856729,422.31693164264374,7.755538950942392,1.0,1.0
60.0,60,564,362.17283838071717,450.905493824397,11.185422719499032,3.0,1.0
60.0,60,565,1214.483922545815,748.1367075911766,7.755538950942392,1.0,1.0
60.0,60,568,1111.2373029102353,157.1517697300986,7.755538950942392,1.0,1.0
60.0,60,569,325.35875035552436,341.5446400727223,7.755538950942392,1.0,1.0
60.0,60,570,1317.9894567177646,561.3658708393789,9.77136677757192,2.0,1.0
60.0,60,573,488.2157233754726,961.7799966904164,7.755538950942392,1.0,1.0
60.0,60,574,183.3851737313776,795.298587167399,7.755538950942392,1.0,1.0
60.0,60,575,664.0113905450576,692.9227940871427,7.755538950942392,1.0,1.0
60.0,60,576,813.7289869366757,160.75537579185394,7.755538950942392,1.0,1.0
60.0,60,579,541.1847066156163,272.189075660452,7.755538950942392,1.0,1.0
60.0,60,581,606.749630204733,830.0205598883455,11.185422719499032,3.0,1.0
60.0,60,582,562.7194402268138,281.2840004526321,9.77136677757192,2.0,1.0
60.0,60,583,1222.9495604775416,253.55065949002966,9.77136677757192,2.0,1.0
60.0,60,584,1090.796422658148,782.5286313565261,7.755538950942392,1.0,1.0
60.0,60,586,383.13290139044034,1023.8997930019078,7.755538950942392,1.0,1.0
60.0,60,587,1071.652902569154,820.8039363135382,9.77136677757192,2.0,1.0
60.0,60,592,873.6630450777534,295.1085023755203,7.755538950942392,1.0,1.0
60.0,60,593,692.687671546586,792.0196647482903,9.77136677757192,2.0,1.0
60.0,60,594,531.8553848601348,899.2211579637187,9.771366777571922,2.0,1.0
60.0,60,598,608.1019631321939,450.39389106961465,11.185422719499032,3.0,1.0
60.0,60,600,539.9265256950517,528.521668260116,11.185422719499034,3.0,0.9999999999999999
60.0,60,602,170.32947664058437,312.5545476095211,7.755538950942392,1.0,1.0
60.0,60,605,797.7184012729967,34.58636005242968,13.261785059625714,5.0,1.0
60.0,60,606,1210.0605481349014,638.0400889972768,7.755538950942392,1.0,1.0
60.0,60,607,1171.8981334665555,177.82030920587633,12.311150689306297,4.0,1.0
60.0,60,608,940.9370139293914,694.0796608285825,7.755538950942392,1.0,1.0
60.0,60,609,1000.8789948025511,855.5693154189369,7.755538950942392,1.0,0.9999999999999999
60.0,60,611,962.7288142609773,442.8006562180904,9.77136677757192,2.0,1.0
60.0,60,612,352.89471291965054,311.32217639911585,14.09274953626919,6.0,1.0
60.0,60,613,1260.0406186760038,725.8654874847044,7.755538950942392,1.0,0.9999999999999999
60.0,60,614,393.30510378923947,759.5638251825789,11.185422719499032,3.0,1.0
60.0,60,619,629.8417963771249,240.04694082630087,7.755538950942392,1.0,1.0
60.0,60,621,180.24513160499177,46.84711015517291,7.755538950942392,1.0,1.0
60.0,60,622,265.79992926288463,45.91790898497697,7.755538950942392,1.0,1.0
60.0,60,625,583.0976052877083,736.4216729159781,7.755538950942392,1.0,1.0
60.0,60,626,895.1523408088343,173.09843177456142,7.755538950942392,1.0,1.0
60.0,60,627,1251.1025208851252,22.372543872063883,12.311150689306299,4.0,0.9999999999999999
60.0,60,629,802.4794093258201,884.3038860429551,11.185422719499032,3.0,1.0
60.0,60,632,399.14657046368757,698.1739288485072,9.771366777571922,2.0,1.0
60.0,60,633,1109.915840443831,87.49509977483326,9.77136677757192,2.0,1.0
60.0,60,634,993.7852938430907,331.10140425339375,7.755538950942392,1.0,1.0
60.0,60,636,678.4008293988908,931.1689280198335,9.771366777571922,2.0,1.0
60.0,60,638,77.41162192118259,229.2890383629584,7.755538950942392,1.0,1.0
60.0,60,640,31.82132204083815,449.2688912905909,7.755538950942392,1.0,0.9999999999999999
60.0,60,641,168.36310748786542,926.4167360987999,7.755538950942392,1.0,1.0
60.0,60,644,23.80784003989242,31.10471422460332,9.77136677757192,2.0,1.0
60.0,60,646,374.14627155078165,882.8420713567475,11.185422719499032,3.0,0.9999999999999999
60.0,60,647,172.51205745938378,288.73578883312985,9.771366777571922,2.0,1.0
60.0,60,649,1113.3401526329237,114.16291085992755,9.77136677757192,2.0,1.0
60.0,60,654,1286.8444799566093,129.04896305159346,11.185422719499034,3.0,0.9999999999999999
60.0,60,655,582.1271064122697,700.3461741583062,7.755538950942392,1.0,1.0
60.0,60,658,571.4416573729939,343.89200691175586,14.092749536269185,6.0,1.0
60.0,60,659,1298.1532605465943,970.122450052825,7.755538950942392,1.0,1.0
60.0,60,662,1134.7988534304104,956.7882840081435,7.755538950942392,1.0,1.0
60.0,60,665,1040.8084024493187,115.28619007200673,11.185422719499032,3.0,1.0
60.0,60,666,1231.169590152489,1000.1773929021682,12.311150689306299,4.0,1.0
60.0,60,667,195.7265961726625,86.59642646797099,7.755538950942392,1.0,1.0
60.0,60,668,235.77448322701886,951.1175651106397,7.755538950942392,1.0,0.9999999999999999
60.0,60,671,1024.665841497371,87.69214766062507,7.755538950942392,1.0,1.0
60.0,60,672,805.909026941847,977.8904168431237,7.755538950942392,1.0,1.0
60.0,60,674,1055.6330819132509,636.6655972187333,7.755538950942392,1.0,1.0
60.0,60,675,394.18806886325945,498.4543688667949,7.755538950942392,1.0,0.9999999999999999
60.0,60,676,1283.9451581631486,868.3351286104058,9.77136677757192,2.0,1.0
60.0,60,678,120.51655119534605,244.38095845738772,7.755538950942392,1.0,1.0
60.0,60,680,867.16475762675,605.7409280159949,7.755538950942392,1.0,1.0
60.0,60,682,1218.5589457996496,83.48917533828924,7.755538950942392,1.0,1.0
60.0,60,684,1310.9857452450317,937.1216676412557,11.185422719499034,3.0,1.0
60.0,60,686,892.3364027228347,312.76566697592546,7.755538950942392,1.0,1.0
60.0,60,687,1201.866261152671,285.7283171592766,12.311150689306297,4.0,0.9999999999999999
60.0,60,688,239.321903074767,491.56419599472497,7.755538950942392,1.0,1.0
60.0,60,689,433.60950487712415,617.0801357327871,7.755538950942392,1.0,1.0
60.0,60,692,730.1789432791229,294.3950718243033,7.755538950942392,1.0,1.0
60.0,60,694,1105.8662186820277,885.2286702049181,7.755538950942392,1.0,0.9999999999999999
60.0,60,698,666.6846251900331,99.47561723995598,7.755538950942392,1.0,1.0
60.0,60,700,446.02238635849034,505.7176963535471,11.185422719499032,3.0,1.0
60.0,60,702,695.8120118274801,29.38100784758063,7.755538950942392,1.0,1.0
60.0,60,704,137.18328732868812,261.3279259879272,7.755538950942392,1.0,1.0
60.0,60,705,408.45073231392496,405.4044044424093,11.185422719499034,3.0,0.9999999999999999
60.0,60,706,298.6950881720422,206.4093242122405,11.185422719499032,3.0,1.0
60.0,60,707,250.74028829144075,252.41299234103832,11.185422719499032,3.0,1.0
60.0,60,710,814.9738354039262,672.3545455170922,7.755538950942392,1.0,1.0
60.0,60,716,1323.6542746875512,673.2697315217604,9.77136677757192,2.0,1.0
60.0,60,717,523.1661643887609,652.4800950635065,13.26178505962571,5.0,1.0
60.0,60,718,437.810797506377,156.48225864951633,7.755538950942392,1.0,1.0
60.0,60,720,635.0237320818743,830.5266600259678,9.77136677757192,2.0,0.9999999999999999
60.0,60,722,1004.9647640998678,779.9779026892544,11.185422719499032,3.0,0.9999999999999999
60.0,60,723,430.1956604998663,594.6629133988497,11.185422719499032,3.0,0.9999999999999999
60.0,60,724,894.2122143224209,624.6623991674472,7.755538950942392,1.0,0.9999999999999999
60.0,60,726,1270.38210871527,45.158230022053644,9.771366777571922,2.0,1.0
60.0,60,728,1035.033388196676,389.75620251270345,7.755538950942392,1.0,1.0
60.0,60,729,564.7795600376069,104.60150884480812,9.771366777571922,2.0,1.0
60.0,60,730,688.5251038338415,457.6848372135813,9.77136677757192,2.0,1.0
60.0,60,732,513.7424913832729,160.22959628105264,11.185422719499032,3.0,1.0
60.0,60,733,249.56903592670912,281.69888918060707,11.185422719499034,3.0,0.9999999999999999
60.0,60,734,1334.3416862062527,21.547869121861336,7.755538950942392,1.0,1.0
60.0,60,735,725.2327306723731,8.852454032156169,7.755538950942392,1.0,1.0
60.0,60,737,1105.7327485359096,485.42603339287973,11.185422719499032,3.0,1.0
60.0,60,740,1244.6631038485014,962.9995530796513,7.755538950942392,1.0,1.0
60.0,60,743,740.6574749586918,180.57355950772796,9.77136677757192,2.0,1.0
60.0,60,745,1085.657737219217,498.8505936217804,9.77136677757192,2.0,1.0
60.0,60,746,1277.268737181896,380.1419793111034,9.77136677757192,2.0,0.9999999999999999
60.0,60,747,627.7578116140664,739.6644935024889,7.755538950942392,1.0,0.9999999999999999
60.0,60,748,1224.8053142995561,336.0855671667593,7.755538950942392,1.0,1.0
60.0,60,750,794.251018874796,247.3036142296251,9.77136677757192,2.0,0.9999999999999999
60.0,60,752,1307.208167729879,694.1770980369438,9.771366777571922,2.0,0.9999999999999999
60.0,60,753,642.8869987299012,478.13926050967206,9.771366777571922,2.0,1.0
60.0,60,754,549.3615904814477,729.1170616653051,7.755538950942392,1.0,1.0
60.0,60,755,940.8755549358083,128.32258605323827,7.755538950942392,1.0,0.9999999999999999
60.0,60,757,776.2217493519762,480.28804713474767,9.77136677757192,2.0,1.0
60.0,60,758,645.8774432241066,412.7159653092775,9.77136677757192,2.0,1.0
60.0,60,759,59.152190376481784,620.1920970946348,11.185422719499032,3.0,1.0
60.0,60,760,157.95657925377375,1011.170319995138,9.77136677757192,2.0,1.0
60.0,60,762,995.3486061389215,49.26107654723266,11.185422719499032,3.0,1.0
60.0,60,764,223.64487394669032,658.2080030356624,7.755538950942392,1.0,1.0
60.0,60,765,724.0935764147769,473.5886151236223,11.185422719499034,3.0,0.9999999999999999
60.0,60,766,362.7084334733556,5.801007921846922,9.77136677757192,2.0,1.0
60.0,60,767,348.96088624937,596.7076496498943,7.755538950942392,1.0,1.0
60.0,60,768,714.7366804966717,639.964827328121,13.261785059625714,5.0,1.0
60.0,60,769,6.584978835204453,683.2292234429752,12.311150689306299,4.0,1.0
60.0,60,772,1027.7362626003958,916.2674512430236,7.755538950942392,1.0,1.0
60.0,60,773,932.2975829157077,658.7051752326491,7.755538950942392,1.0,1.0
60.0,60,774,71.80246564014396,854.250940181722,11.185422719499034,3.0,1.0
60.0,60,775,692.3735082147515,864.3083485129695,7.755538950942392,1.0,1.0
60.0,60,776,1082.2765297109174,152.21680461166395,9.77136677757192,2.0,1.0
60.0,60,777,390.40846883664744,325.7478889466362,7.755538950942392,1.0,1.0
60.0,60,779,492.1747475951546,110.50369079574557,7.755538950942392,1.0,1.0
60.0,60,780,238.10939767910412,686.2014703935729,11.185422719499032,3.0,1.0
60.0,60,781,422.3497697468818,198.21061506457536,7.755538950942392,1.0,1.0
60.0,60,782,140.88676737741912,565.3729471718287,11.185422719499032,3.0,1.0
60.0,60,783,175.0299586400411,707.6784320330605,13.26178505962571,5.0,1.0
60.0,60,786,484.91444268098195,839.5427018315143,7.755538950942392,1.0,0.9999999999999999
60.0,60,787,738.5770254536761,855.295777952321,11.185422719499032,3.0,0.9999999999999999
60.0,60,788,1120.8664216844206,402.99353536510864,7.755538950942392,1.0,1.0
60.0,60,789,393.2485627441231,970.1027977488862,11.185422719499034,3.0,1.0
60.0,60,790,712.506348195009,917.0415643120809,9.77136677757192,2.0,1.0
60.0,60,791,931.6674734215776,962.8688777757869,11.185422719499032,3.0,1.0
60.0,60,792,556.2564218392373,771.7805570868221,15.511077901884784,8.0,1.0
60.0,60,795,240.87237078798262,839.1894707968568,11.185422719499032,3.0,1.0
60.0,60,796,235.110399528656,318.4971044594583,7.755538950942392,1.0,1.0
60.0,60,798,1014.7911279735347,468.3896648810942,7.755538950942392,1.0,1.0
60.0,60,799,27.906823637722972,198.6347108498045,7.755538950942392,1.0,1.0
60.0,60,800,339.1964481673963,723.9991150139763,9.77136677757192,2.0,1.0
60.0,60,801,1239.76528430694,94.14602616066782,7.755538950942392,1.0,1.0
60.0,60,805,714.448591466735,973.8471714538686,9.77136677757192,2.0,0.9999999999999999
60.0,60,806,382.45453316764247,671.9812079456996,7.755538950942392,1.0,1.0
60.0,60,809,1193.2510817437021,468.85510529584496,9.77136677757192,2.0,1.0
60.0,60,810,1055.6371272653403,143.20383157719223,9.77136677757192,2.0,1.0
60.0,60,811,819.8641318955416,545.3251905385646,9.77136677757192,2.0,1.0
60.0,60,812,51.908092992178105,409.0684832309394,7.755538950942392,1.0,0.9999999999999999
60.0,60,815,474.77998536960257,573.4863943270835,9.77136677757192,2.0,0.9999999999999999
60.0,60,817,1191.0493063789497,731.7947567127527,9.77136677757192,2.0,1.0
60.0,60,818,272.4705333325526,1006.3463978617102,7.755538950942392,1.0,1.0
60.0,60,819,1029.9074917992607,945.3311261373204,7.755538950942392,1.0,1.0
60.0,60,820,1106.3085588954236,594.0176823403825,7.755538950942392,1.0,0.9999999999999999
60.0,60,821,1313.9882211432264,38.04584065187219,13.261785059625714,5.0,0.9999999999999999
60.0,60,823,477.3302411426904,690.0238006166215,7.755538950942392,1.0,1.0
60.0,60,824,554.831073178515,170.15348823593547,7.755538950942392,1.0,1.0
60.0,60,826,981.2702655201575,836.4907426963995,7.755538950942392,1.0,1.0
60.0,60,827,895.6447262188394,11.055763214763987,9.771366777571922,2.0,1.0
60.0,60,828,152.58432774090514,823.2221844035207,9.77136677757192,2.0,1.0
60.0,60,829,773.7166525743513,149.60979452433287,9.77136677757192,2.0,0.9999999999999999
60.0,60,830,439.35659488482275,755.4446921721278,9.771366777571922,2.0,1.0
60.0,60,831,835.2058508914206,614.1559904079618,7.755538950942392,1.0,1.0
60.0,60,832,1046.8267051742696,464.6825875135586,9.77136677757192,2.0,0.9999999999999999
60.0,60,833,460.33104088734467,317.9015275630261,11.185422719499034,3.0,1.0
60.0,60,837,946.4300347875467,630.1798514906975,11.185422719499034,3.0,1.0
60.0,60,838,310.38989495377393,306.528592798844,7.755538950942392,1.0,1.0
60.0,60,839,964.8788562615713,101.24852767320698,7.755538950942392,1.0,0.9999999999999999
60.0,60,840,746.1192701979014,680.6740395160974,7.755538950942392,1.0,1.0
60.0,60,841,895.127990465943,583.2162718256942,11.185422719499032,3.0,1.0
60.0,60,842,44.23669696530882,513.5004903484015,7.755538950942392,1.0,1.0
60.0,60,843,940.3547986991721,903.5709523336502,7.755538950942392,1.0,1.0
60.0,60,845,1341.7128050510485,627.2329820306608,7.755538950942392,1.0,1.0
60.0,60,846,691.3943973861885,434.93784837594177,9.77136677757192,2.0,1.0
60.0,60,848,586.5264613426062,631.0853998454962,13.261785059625714,5.0,1.0
60.0,60,851,1318.6215645267398,643.6366837387245,9.77136677757192,2.0,1.0
60.0,60,853,474.4140083095767,798.3969928891356,9.77136677757192,2.0,0.9999999999999999
60.0,60,855,598.8332904153509,591.7584394497942,7.755538950942392,1.0,1.0
60.0,60,857,748.0085320479167,898.5836118198205,9.771366777571922,2.0,1.0
60.0,60,859,897.6150134774351,770.6159344145242,9.771366777571922,2.0,1.0
60.0,60,860,8.937608038213236,262.183886525421,9.771366777571922,2.0,1.0
60.0,60,861,995.8165486467734,75.18161676942933,7.755538950942392,1.0,1.0
60.0,60,862,302.1530240450029,577.8866874405752,7.755538950942392,1.0,1.0
60.0,60,863,712.6667893686966,663.5097835399375,9.771366777571922,2.0,1.0
60.0,60,865,843.7320441253868,110.82494173745097,7.755538950942392,1.0,1.0
60.0,60,866,929.7793765948195,22.436504552719637,9.77136677757192,2.0,1.0
60.0,60,868,1294.900984395993,807.5640706976257,14.092749536269187,6.0,1.0
60.0,60,869,1319.060868981973,117.7044741196412,9.77136677757192,2.0,1.0
60.0,60,870,233.00458373297477,188.28969214189118,7.755538950942392,1.0,0.9999999999999999
60.0,60,871,710.7308487786969,751.1435287416035,12.311150689306299,4.0,1.0
60.0,60,872,1037.1337273463012,439.4604599325413,7.755538950942392,1.0,1.0
60.0,60,873,64.89486303689867,386.2613597748694,7.755538950942392,1.0,1.0
60.0,60,877,173.06499252828843,434.569170627784,7.755538950942392,1.0,1.0
60.0,60,879,708.2610265350604,338.09371145727573,7.755538950942392,1.0,1.0
60.0,60,882,288.53360459177594,636.2037312872744,7.755538950942392,1.0,1.0
60.0,60,883,9.33206983964966,145.83103754330273,9.77136677757192,2.0,1.0
60.0,60,884,654.654308665218,341.0614122266302,9.77136677757192,2.0,1.0
60.0,60,886,70.66819387310969,646.5045748203264,7.755538950942392,1.0,1.0
60.0,60,887,455.4399620519944,247.37858497784802,12.311150689306299,4.0,1.0
60.0,60,890,1267.4094093418,251.06406460406743,11.185422719499032,3.0,0.9999999999999999
60.0,60,892,339.2827587849127,46.100657548272274,7.755538950942392,1.0,0.9999999999999999
60.0,60,894,1186.2907530762595,2.7525171203783168,9.771366777571922,2.0,1.0
60.0,60,896,229.27159706254454,928.0718990422745,7.755538950942392,1.0,1.0
60.0,60,897,734.2751977185408,582.0421647058273,9.77136677757192,2.0,1.0
60.0,60,898,1081.0085569584157,292.6325265541586,9.77136677757192,2.0,1.0
60.0,60,899,1202.362624127686,821.7323469233173,9.77136677757192,2.0,1.0
60.0,60,901,1052.0040178955264,3.901767683099099,11.185422719499032,3.0,0.9999999999999999
60.0,60,903,287.05760990071917,372.7229650867889,14.835812298463557,7.0,1.0
60.0,60,905,713.7485453631624,875.580626821127,9.77136677757192,2.0,0.9999999999999999
60.0,60,907,1154.8596140279353,926.339217903402,7.755538950942392,1.0,1.0
60.0,60,910,1273.7149930955752,785.0926611747503,9.77136677757192,2.0,1.0
60.0,60,911,324.9469934940221,90.68681748015146,7.755538950942392,1.0,1.0
60.0,60,912,430.34891122772484,893.027405544596,7.755538950942392,1.0,1.0
60.0,60,913,313.5091013932015,741.0504980365783,7.755538950942392,1.0,1.0
60.0,60,914,870.353504502785,381.2325932510547,11.185422719499034,3.0,1.0
60.0,60,915,41.03302681504813,59.29848641758019,7.755538950942392,1.0,0.9999999999999999
60.0,60,916,832.3176454743536,308.2089667590626,7.755538950942392,1.0,1.0
60.0,60,921,1226.2924184091353,473.7493853531895,7.755538950942392,1.0,0.9999999999999999
60.0,60,924,645.091999365037,1022.6547542161446,9.77136677757192,2.0,1.0
60.0,60,925,894.9281582918096,355.5846538496602,11.185422719499034,3.0,1.0
60.0,60,926,230.17427016722797,90.70244693087368,11.185422719499032,3.0,1.0
60.0,60,927,1266.9824691085776,85.11691815187983,12.311150689306297,4.0,0.9999999999999999
60.0,60,928,525.9367533583702,954.1367673699528,7.755538950942392,1.0,1.0
60.0,60,930,810.6734812323847,569.3194881546267,11.185422719499032,3.0,1.0
60.0,60,932,1279.2902442309821,544.3661346625493,11.185422719499032,3.0,1.0
60.0,60,933,1022.1572471888727,199.9365698651469,7.755538950942392,1.0,0.9999999999999999
60.0,60,934,321.6357288088651,17.482687779965588,13.261785059625714,5.0,1.0
60.0,60,935,295.03232886871234,799.585819405253,7.755538950942392,1.0,0.9999999999999999
60.0,60,936,523.5217875034325,402.7293389766426,9.77136677757192,2.0,1.0
60.0,60,937,926.5179694384552,996.6176475907683,9.77136677757192,2.0,1.0
60.0,60,939,1163.559625331122,128.5398451337803,9.77136677757192,2.0,1.0
60.0,60,941,52.14299443757751,953.0426533356434,11.185422719499032,3.0,0.9999999999999999
60.0,60,947,412.07020144134606,74.86839293371203,7.755538950942392,1.0,1.0
60.0,60,949,1211.947164359414,27.642341268039708,11.185422719499032,3.0,1.0
60.0,60,950,379.568608470898,644.6775893515139,9.77136677757192,2.0,1.0
60.0,60,951,102.08847266131143,319.09408093396706,11.185422719499032,3.0,1.0
60.0,60,952,180.91015763363498,175.55684183308506,7.755538950942392,1.0,1.0
60.0,60,953,585.1839400758842,143.8786021522139,9.77136677757192,2.0,0.9999999999999999
60.0,60,954,1312.4728669197705,204.349701145354,7.755538950942392,1.0,1.0
60.0,60,955,471.6552389928939,416.6705450627849,9.77136677757192,2.0,1.0
60.0,60,956,1070.1780788707185,616.772379990312,9.77136677757192,2.0,1.0
60.0,60,957,267.7811269489957,541.2819894737905,12.311150689306297,4.0,1.0
60.0,60,959,188.98815506403977,901.5225434561395,9.77136677757192,2.0,1.0
60.0,60,961,279.59516831062456,176.09802662488025,9.77136677757192,2.0,1.0
60.0,60,962,1305.5332751250623,845.2361571762316,12.311150689306299,4.0,1.0
60.0,60,963,390.2177383774646,193.67891134082015,9.77136677757192,2.0,1.0
60.0,60,965,860.484684563874,477.32778170644434,7.755538950942392,1.0,1.0
60.0,60,969,432.48974423200445,462.02957282585425,9.77136677757192,2.0,1.0
60.0,60,971,1164.1487795837136,819.4111040143581,7.755538950942392,1.0,1.0
60.0,60,972,492.1741178166322,601.2272753181173,11.185422719499032,3.0,1.0
60.0,60,975,28.750261318247425,716.6364668052983,7.755538950942392,1.0,1.0
60.0,60,977,1031.085787005952,158.51411941770468,7.755538950942392,1.0,1.0
60.0,60,980,335.5331914422955,747.6817393705113,7.755538950942392,1.0,1.0
60.0,60,981,995.4038028786397,404.3058360170133,7.755538950942392,1.0,1.0
60.0,60,983,924.3392904236244,533.8530595417249,7.755538950942392,1.0,0.9999999999999999
60.0,60,985,1254.4111986827218,920.5318203564657,11.185422719499032,3.0,0.9999999999999999
60.0,60,986,1156.6538838757792,782.9326555324743,12.311150689306295,4.0,1.0
60.0,60,987,1167.3770398681725,873.6407210902668,7.755538950942392,1.0,1.0
60.0,60,988,1131.6261033356877,610.942366711797,7.755538950942392,1.0,1.0
60.0,60,989,540.9402172817272,938.2820397147125,9.77136677757192,2.0,1.0
60.0,60,991,1191.836871020624,852.1670241406745,7.755538950942392,1.0,1.0
60.0,60,995,38.21093408819959,6.822037299235154,11.185422719499032,3.0,0.9999999999999999
60.0,60,996,268.1247680904305,861.6854267820333,9.77136677757192,2.0,1.0
60.0,60,998,9.31379375608591,977.0009516855705,7.755538950942392,1.0,0.9999999999999999
60.0,60,999,1065.3567294641475,429.53939179412544,7.755538950942392,1.0,1.0
60.0,60,1000,166.97835595368645,877.7556863258842,9.77136677757192,2.0,1.0
68.0,68,1,115.16556720244941,936.3893070776734,7.755538950942392,1.0,1.0
68.0,68,3,950.2601015312512,307.71886206413507,13.261785059625714,5.0,1.0
68.0,68,6,456.14950853349364,94.02742622716063,7.755538950942392,1.0,1.0
68.0,68,8,356.83732812837275,211.29124072874384,16.132171110904203,9.0,1.0
68.0,68,9,1069.8466429968064,403.8083585616197,7.755538950942392,1.0,1.0
68.0,68,10,1150.249627671255,299.0418155210311,7.755538950942392,1.0,1.0
68.0,68,11,849.2279701626405,944.129635786786,9.77136677757192,2.0,1.0
68.0,68,15,1002.9046843315581,305.9439431262057,7.755538950942392,1.0,1.0
68.0,68,17,190.20237381487865,264.5124296092641,7.755538950942392,1.0,1.0
68.0,68,18,646.8552332804039,649.3081760726809,7.755538950942392,1.0,0.9999999999999999
68.0,68,20,345.1018351607683,960.8816456954751,7.755538950942392,1.0,1.0
68.0,68,21,255.33583252416702,81.76581543240778,7.755538950942392,1.0,1.0
68.0,68,22,140.55601959863577,461.7943868923754,9.77136677757192,2.0,1.0
68.0,68,23,3.006055033694295,817.6195251673001,9.77136677757192,2.0,1.0
68.0,68,27,523.3222444814007,545.6790556337291,7.755538950942392,1.0,0.9999999999999999
68.0,68,28,910.1241852789857,899.4129576983812,7.755538950942392,1.0,1.0
68.0,68,29,1106.3198438594175,1024.421272582326,13.261785059625714,5.0,0.9999999999999999
68.0,68,31,968.9734977224493,143.87554216484725,7.755538950942392,1.0,1.0
68.0,68,35,195.14318720511474,748.5291531623907,7.755538950942392,1.0,0.9999999999999999
68.0,68,37,864.6181513749699,912.5045373978685,7.755538950942392,1.0,1.0
68.0,68,38,959.0930752395988,726.2440328940338,7.755538950942392,1.0,1.0
68.0,68,39,1326.867209255381,1003.0559532631579,7.755538950942392,1.0,1.0
68.0,68,40,960.0053392086043,935.9826318932613,9.77136677757192,2.0,1.0
68.0,68,41,430.73632895787426,279.14661181798743,9.77136677757192,2.0,0.9999999999999999
68.0,68,43,783.3504102557719,823.2191665655565,7.755538950942392,1.0,0.9999999999999999
68.0,68,44,746.5537721278969,60.39002887345497,11.185422719499032,3.0,1.0
68.0,68,45,884.0002258884622,954.7718757940722,7.755538950942392,1.0,1.0
68.0,68,46,1146.5093344992613,351.44439784856826,7.755538950942392,1.0,1.0
68.0,68,51,1327.9257465207559,230.31406785374406,9.77136677757192,2.0,1.0
68.0,68,53,136.9897763902205,108.68487220555389,7.755538950942392,1.0,0.9999999999999999
68.0,68,55,1246.9968537548134,616.4732009516745,7.755538950942392,1.0,1.0
68.0,68,57,1056.964593014927,727.7162674231304,12.311150689306295,4.0,1.0
68.0,68,59,39.552897279430425,149.12409697271136,7.755538950942392,1.0,1.0
68.0,68,60,49.95394369769668,234.55460145458122,9.77136677757192,2.0,1.0
68.0,68,61,882.221852492725,992.0946198073557,9.771366777571922,2.0,0.9999999999999999
68.0,68,62,577.3504192990082,1021.8769179012519,7.755538950942392,1.0,1.0
68.0,68,63,1135.6991635844984,632.0569897267881,7.755538950942392,1.0,1.0
68.0,68,65,703.015276208376,831.0236403948506,7.755538950942392,1.0,1.0
68.0,68,66,964.2758784570735,1014.9402190155844,9.771366777571922,2.0,1.0
68.0,68,67,1084.506701233439,249.03509866045,13.261785059625712,5.0,1.0
68.0,68,68,1238.7051537190075,660.0941569501161,7.755538950942392,1.0,0.9999999999999999
68.0,68,70,1151.7943311956997,477.9115359855904,7.755538950942392,1.0,0.9999999999999999
68.0,68,71,772.7368656100954,786.4139036177387,9.771366777571922,2.0,1.0
68.0,68,73,540.2373251753454,307.597326814547,7.755538950942392,1.0,1.0
68.0,68,77,425.0836466898054,828.8098439208635,11.185422719499032,3.0,0.9999999999999999
68.0,68,78,1105.8962565868096,177.88045321954652,7.755538950942392,1.0,0.9999999999999999
68.0,68,79,826.6754943195923,233.75959344241778,9.77136677757192,2.0,1.0
68.0,68,80,1010.7105374571274,355.7614217185216,7.755538950942392,1.0,1.0
68.0,68,81,612.9292110479896,6.200346343686194,9.77136677757192,2.0,1.0
68.0,68,83,1195.8162010161907,415.3367600790953,7.755538950942392,1.0,0.9999999999999999
68.0,68,85,118.2340118880491,788.5718641654913,7.755538950942392,1.0,0.9999999999999999
68.0,68,86,1028.3795005454438,510.851806654455,9.77136677757192,2.0,1.0
68.0,68,87,707.1428830009417,124.2078802237795,7.755538950942392,1.0,1.0
68.0,68,88,75.33580324884382,503.82467611776895,7.755538950942392,1.0,1.0
68.0,68,90,802.9061691743041,416.27170145938135,7.755538950942392,1.0,1.0
68.0,68,91,55.85189900145987,15.799298085890099,7.755538950942392,1.0,1.0
68.0,68,92,1097.590921375773,698.9566469593881,7.755538950942392,1.0,0.9999999999999999
68.0,68,93,285.16623332759116,292.4745009147805,9.77136677757192,2.0,1.0
68.0,68,94,644.7249503033217,894.2696680148601,12.311150689306299,4.0,1.0
68.0,68,97,942.5359784336091,64.580588177694,12.311150689306297,4.0,1.0
68.0,68,100,361.30147551587834,811.4616964481487,7.755538950942392,1.0,1.0
68.0,68,101,13.589411123969075,616.4275959522149,7.755538950942392,1.0,1.0
68.0,68,103,221.174019845347,20.25604687212375,7.755538950942392,1.0,1.0
68.0,68,104,378.0590831510615,580.3847793670035,7.755538950942392,1.0,1.0
68.0,68,107,440.0221910706701,136.58308125565088,7.755538950942392,1.0,1.0
68.0,68,110,648.2135651540054,619.8662253771391,7.755538950942392,1.0,1.0
68.0,68,116,1158.0203405106206,55.605655027384834,11.185422719499032,3.0,1.0
68.0,68,118,282.1410154302352,440.08577699761804,9.77136677757192,2.0,1.0
68.0,68,119,1040.063550735519,557.1619910203921,11.185422719499032,3.0,1.0
68.0,68,121,107.22082183431367,219.60687866540067,11.185422719499034,3.0,1.0
68.0,68,122,848.8495388088782,262.7624052186045,13.261785059625714,5.0,0.9999999999999999
68.0,68,123,1293.0749791875512,588.7787558096372,11.185422719499034,3.0,1.0
68.0,68,125,422.62793138418397,1011.656092882545,11.185422719499034,3.0,1.0
68.0,68,126,1342.9600071777675,469.66890526257515,7.755538950942392,1.0,1.0
68.0,68,127,839.3121981342268,560.4959335765275,7.755538950942392,1.0,1.0
68.0,68,129,781.716134649553,677.2019716946928,7.755538950942392,1.0,0.9999999999999999
68.0,68,130,1201.522482079069,438.3817569543659,7.755538950942392,1.0,1.0
68.0,68,131,1244.132785405594,308.47360292890136,7.755538950942392,1.0,0.9999999999999999
68.0,68,132,1284.868279395417,177.9091745743854,12.311150689306297,4.0,1.0
68.0,68,134,114.09459727539755,832.0470969731043,9.77136677757192,2.0,1.0
68.0,68,135,1012.804916224175,593.5512872872426,7.755538950942392,1.0,1.0
68.0,68,138,487.5167818695783,1024.7356496913444,7.755538950942392,1.0,1.0
68.0,68,142,1293.757164218495,294.48295492236974,7.755538950942392,1.0,1.0
68.0,68,143,614.7938650112291,111.03819655919385,14.09274953626919,6.0,1.0
68.0,68,144,1271.0715526799422,967.4306844387874,9.77136677757192,2.0,1.0
68.0,68,145,114.85750813324806,866.8940408690137,9.77136677757192,2.0,0.9999999999999999
68.0,68,146,1055.27189601751,527.7676890928627,7.755538950942392,1.0,1.0
68.0,68,148,546.5585537437058,142.1777831325457,9.77136677757192,2.0,1.0
68.0,68,149,174.47329845095783,984.011623201962,7.755538950942392,1.0,1.0
68.0,68,150,705.854983791834,385.64605899538174,12.311150689306299,4.0,1.0
68.0,68,151,472.3327735057145,668.8523196510037,7.755538950942392,1.0,1.0
68.0,68,152,1161.5767161928661,675.6726169400828,7.755538950942392,1.0,1.0
68.0,68,153,59.01324933376762,546.4755283536671,9.77136677757192,2.0,1.0
68.0,68,156,876.2628122112395,806.966345024935,7.755538950942392,1.0,1.0
68.0,68,160,1051.6452988539975,764.4253692462285,7.755538950942392,1.0,1.0
68.0,68,163,76.8949583048294,63.420757856413246,7.755538950942392,1.0,1.0
68.0,68,164,363.26945074705293,76.1700802458071,9.771366777571922,2.0,1.0
68.0,68,165,145.3068233024329,6.128021220655172,7.755538950942392,1.0,1.0
68.0,68,166,491.83974617000064,90.40007410001316,11.185422719499032,3.0,1.0
68.0,68,170,974.5649746383458,689.2955471269416,7.755538950942392,1.0,1.0
68.0,68,172,822.2699098260747,816.5314254072359,7.755538950942392,1.0,1.0
68.0,68,173,7.861850087340127,55.224686611097894,11.185422719499034,3.0,1.0
68.0,68,174,965.0468988985801,743.7289558859283,7.755538950942392,1.0,1.0
68.0,68,175,1331.2724310553097,861.1843740320443,9.77136677757192,2.0,1.0
68.0,68,181,472.3348520417547,936.24130430747,11.185422719499032,3.0,1.0
68.0,68,186,223.42167497826588,621.6392491958538,12.311150689306297,4.0,0.9999999999999999
68.0,68,187,609.2542331596003,903.2009183316633,7.755538950942392,1.0,1.0
68.0,68,188,595.2794934084341,277.5937774383187,9.771366777571922,2.0,0.9999999999999999
68.0,68,189,821.7913670484777,925.1145648793746,7.755538950942392,1.0,1.0
68.0,68,190,1085.4577246270494,965.4548960331451,7.755538950942392,1.0,1.0
68.0,68,191,1074.995576215555,753.9189168302286,9.77136677757192,2.0,1.0
68.0,68,193,353.1711116316545,102.1381194642469,7.755538950942392,1.0,1.0
68.0,68,199,197.47873755478517,541.9307736315789,16.132171110904203,9.0,1.0
68.0,68,201,140.2185656955695,427.0149579267299,9.77136677757192,2.0,1.0
68.0,68,208,1036.3196923290027,283.0510876700067,9.77136677757192,2.0,1.0
68.0,68,210,105.18197153708634,1024.76647920735,11.185422719499034,3.0,0.9999999999999999
68.0,68,213,486.61607166732574,742.2326513556781,7.755538950942392,1.0,1.0
68.0,68,214,31.2863031322698,250.16535395567882,7.755538950942392,1.0,1.0
68.0,68,215,350.6172127357165,430.05698384409294,9.77136677757192,2.0,1.0
68.0,68,218,673.406687910881,310.03141229409044,7.755538950942392,1.0,0.9999999999999999
68.0,68,219,302.7697120810158,104.2800829122344,7.755538950942392,1.0,1.0
68.0,68,220,308.4946188505304,923.6258457529567,12.311150689306299,4.0,1.0
68.0,68,221,108.3516956140061,175.77976639280456,12.311150689306299,4.0,1.0
68.0,68,224,565.7139667901002,245.32755408449606,7.755538950942392,1.0,1.0
68.0,68,228,891.2125559373387,33.738581469999744,9.771366777571922,2.0,1.0
68.0,68,230,1136.874363010151,723.9087344431722,7.755538950942392,1.0,1.0
68.0,68,231,739.273104825868,310.3906574308206,9.771366777571922,2.0,1.0
68.0,68,232,502.49577140178076,226.82818028303112,7.755538950942392,1.0,1.0
68.0,68,238,905.5868638432196,862.5131696208412,7.755538950942392,1.0,1.0
68.0,68,239,1199.2014057973524,926.838187086488,7.755538950942392,1.0,1.0
68.0,68,241,1223.5687681827155,528.9186416505765,12.311150689306297,4.0,1.0
68.0,68,242,738.4720220081011,25.482894786742968,7.755538950942392,1.0,1.0
68.0,68,243,70.10474032536779,686.7464408491027,7.755538950942392,1.0,1.0
68.0,68,245,738.2522513394575,788.8411104419193,9.77136677757192,2.0,1.0
68.0,68,247,382.6917939304343,214.24193019328962,7.755538950942392,1.0,1.0
68.0,68,248,462.88886213349423,183.74600176271989,9.77136677757192,2.0,1.0
68.0,68,250,513.882321633336,807.0913103353492,7.755538950942392,1.0,1.0
68.0,68,255,1334.2986083599387,822.7663292059585,9.77136677757192,2.0,1.0
68.0,68,256,927.1852718378304,728.2545991112962,7.755538950942392,1.0,1.0
68.0,68,257,609.6088746582692,38.634832005688644,7.755538950942392,1.0,1.0
68.0,68,259,743.4899411485237,147.27965847330861,11.185422719499032,3.0,1.0
68.0,68,260,1094.115671949192,807.7959443769631,7.755538950942392,1.0,1.0
68.0,68,261,255.9284923383889,426.6179343566312,7.755538950942392,1.0,1.0
68.0,68,262,844.5533199470945,986.7984452171619,9.77136677757192,2.0,1.0
68.0,68,263,93.49892686758331,141.61095143163806,11.185422719499034,3.0,0.9999999999999999
68.0,68,264,939.2835626625659,815.717368507811,7.755538950942392,1.0,0.9999999999999999
68.0,68,265,1343.5856975516615,436.7176012542477,7.755538950942392,1.0,0.9999999999999999
68.0,68,268,1019.132604398363,225.73220060657775,7.755538950942392,1.0,1.0
68.0,68,269,121.46917357745384,379.4487709303413,9.771366777571922,2.0,1.0
68.0,68,270,339.62838454708685,408.43135104179663,9.771366777571922,2.0,1.0
68.0,68,272,233.40061866499755,293.59749974191664,7.755538950942392,1.0,1.0
68.0,68,273,620.2636461206163,582.1147495195553,7.755538950942392,1.0,1.0
68.0,68,274,796.5165995069516,850.8947103034895,7.755538950942392,1.0,1.0
68.0,68,275,1177.7972745664981,383.77878019233964,7.755538950942392,1.0,1.0
68.0,68,276,1098.434484630447,529.0500284778875,7.755538950942392,1.0,1.0
68.0,68,278,1249.2974517718192,361.04323202796286,12.311150689306299,4.0,0.9999999999999999
68.0,68,279,126.86297080042914,630.2115619633191,11.185422719499032,3.0,0.9999999999999999
68.0,68,280,350.98977164391977,977.0081140687438,7.755538950942392,1.0,0.9999999999999999
68.0,68,281,1189.269721013642,550.338263318171,11.185422719499032,3.0,1.0
68.0,68,283,675.0402194305274,600.1015049910661,9.77136677757192,2.0,1.0
68.0,68,284,76.13477954316984,804.0373965517978,7.755538950942392,1.0,0.9999999999999999
68.0,68,285,858.2392389912155,643.2748251981712,7.755538950942392,1.0,1.0
68.0,68,286,1139.8340171726531,258.5216520369007,7.755538950942392,1.0,1.0
68.0,68,287,96.505063338029,713.5022514780871,7.755538950942392,1.0,0.9999999999999999
68.0,68,289,1243.6786517178393,815.1692194291685,12.311150689306299,4.0,1.0
68.0,68,291,501.17665689807154,356.4989539068161,7.755538950942392,1.0,1.0
68.0,68,294,623.9405399659831,428.7098914778898,7.755538950942392,1.0,0.9999999999999999
68.0,68,295,46.06855687784576,749.1881318736736,12.311150689306297,4.0,1.0
68.0,68,300,349.94992307048517,664.0425889887156,9.77136677757192,2.0,1.0
68.0,68,301,1111.6634117729561,36.48281507787329,9.77136677757192,2.0,1.0
68.0,68,302,635.2454300336314,995.2801804637371,7.755538950942392,1.0,1.0
68.0,68,304,720.7264899923398,408.27267061885266,7.755538950942392,1.0,1.0
68.0,68,306,151.91128197252732,593.6129530792973,7.755538950942392,1.0,1.0
68.0,68,307,987.0234624206233,489.3639068092445,12.311150689306297,4.0,1.0
68.0,68,309,819.0410636776463,193.82660680436038,7.755538950942392,1.0,0.9999999999999999
68.0,68,311,697.2552006712817,571.4477462588083,9.77136677757192,2.0,0.9999999999999999
68.0,68,314,171.5234064589877,146.17642551888645,7.755538950942392,1.0,1.0
68.0,68,318,1216.495153969469,601.0585770016866,11.185422719499032,3.0,1.0
68.0,68,319,111.64784823128237,1002.4581554570984,9.77136677757192,2.0,1.0
68.0,68,320,1241.9152269319222,117.8586566586014,9.77136677757192,2.0,1.0
68.0,68,322,863.9889185844338,972.6816264631425,9.77136677757192,2.0,1.0
68.0,68,323,75.37378513940138,438.0281861007432,9.77136677757192,2.0,0.9999999999999999
68.0,68,325,202.91733169219222,929.3046720889632,7.755538950942392,1.0,0.9999999999999999
68.0,68,326,202.8820372247343,474.7532628363438,9.77136677757192,2.0,1.0
68.0,68,327,915.3725286367697,474.6846607304582,7.755538950942392,1.0,1.0
68.0,68,328,687.5124242302331,296.5900591520479,7.755538950942392,1.0,1.0
68.0,68,330,407.5567512431354,861.7807298494286,9.77136677757192,2.0,1.0
68.0,68,331,133.75032549200915,719.6607582294635,14.835812298463562,7.0,1.0
68.0,68,333,629.4940092299531,27.783884928372736,7.755538950942392,1.0,1.0
68.0,68,334,1135.687615210334,834.4995926751142,7.755538950942392,1.0,1.0
68.0,68,337,586.7951240137381,937.4289276316155,9.77136677757192,2.0,1.0
68.0,68,339,818.271747152936,91.9969052527945,7.755538950942392,1.0,0.9999999999999999
68.0,68,340,895.6015304789601,665.4403061234667,9.771366777571922,2.0,0.9999999999999999
68.0,68,341,982.0105578487365,611.982290952568,12.311150689306297,4.0,0.9999999999999999
68.0,68,342,885.0593522185545,138.10980450496427,9.77136677757192,2.0,1.0
68.0,68,343,129.36670510095072,484.88439473670877,7.755538950942392,1.0,1.0
68.0,68,344,726.848454795689,358.83340598496693,7.755538950942392,1.0,0.9999999999999999
68.0,68,346,1188.2076273538019,632.1941230270264,7.755538950942392,1.0,1.0
68.0,68,348,404.8268759830905,656.20440731307,7.755538950942392,1.0,0.9999999999999999
68.0,68,350,1260.2086647515166,158.75803768161092,7.755538950942392,1.0,0.9999999999999999
68.0,68,354,474.2442993046886,237.76564517191048,7.755538950942392,1.0,1.0
68.0,68,355,98.50433963505817,488.12002947883303,7.755538950942392,1.0,1.0
68.0,68,356,687.1907543179127,1014.4340536984872,7.755538950942392,1.0,1.0
68.0,68,360,675.3239236077751,331.98347398278713,7.755538950942392,1.0,1.0
68.0,68,361,27.95542613388073,634.3525908806338,7.755538950942392,1.0,0.9999999999999999
68.0,68,362,997.6172910136216,706.7378691811807,7.755538950942392,1.0,1.0
68.0,68,363,603.131700863756,506.5810019902924,7.755538950942392,1.0,1.0
68.0,68,364,1333.683092560713,417.92137138065334,7.755538950942392,1.0,0.9999999999999999
68.0,68,365,113.81692529257114,73.8945139109799,7.755538950942392,1.0,0.9999999999999999
68.0,68,366,845.1054379267987,162.3380611579838,7.755538950942392,1.0,0.9999999999999999
68.0,68,367,1182.3520072878505,990.8569791500742,7.755538950942392,1.0,0.9999999999999999
68.0,68,368,1330.0437384127295,163.1107963861367,12.311150689306297,4.0,1.0
68.0,68,369,863.6483552171753,356.9404655736979,7.755538950942392,1.0,1.0
68.0,68,370,34.15478152763942,991.3348270358059,7.755538950942392,1.0,0.9999999999999999
68.0,68,371,578.440640832168,423.808656391622,7.755538950942392,1.0,1.0
68.0,68,373,873.394104416193,199.51544827853346,7.755538950942392,1.0,0.9999999999999999
68.0,68,374,869.3409518889703,72.00475850012293,11.185422719499032,3.0,1.0
68.0,68,380,853.4050110775939,17.838920428890276,9.771366777571922,2.0,1.0
68.0,68,381,817.2617101263468,330.89806876718296,9.77136677757192,2.0,1.0
68.0,68,382,1332.372873030297,271.9906106551798,9.77136677757192,2.0,1.0
68.0,68,383,928.9491815501941,500.7020271265499,9.771366777571922,2.0,1.0
68.0,68,385,697.3638150989799,540.177621045403,7.755538950942392,1.0,1.0
68.0,68,387,818.7100437167828,266.57585155587645,9.77136677757192,2.0,1.0
68.0,68,388,186.55510462742367,649.6305554523195,7.755538950942392,1.0,1.0
68.0,68,390,365.8415840411818,166.24128366427834,12.311150689306299,4.0,1.0
68.0,68,391,736.3697488352402,505.3174664105895,12.311150689306299,4.0,0.9999999999999999
68.0,68,393,263.59329844657617,899.9591857871111,7.755538950942392,1.0,0.9999999999999999
68.0,68,396,1045.7162480371499,356.57416286325974,9.77136677757192,2.0,1.0
68.0,68,399,528.9474363710668,619.0190826888786,11.185422719499032,3.0,1.0
68.0,68,400,230.37786937928715,378.7609559986222,7.755538950942392,1.0,0.9999999999999999
68.0,68,403,643.0929420730877,539.0703049146067,7.755538950942392,1.0,1.0
68.0,68,405,762.8516705432802,373.0155060305464,12.311150689306297,4.0,0.9999999999999999
68.0,68,406,263.41935212810205,790.1834320031097,14.092749536269183,6.0,1.0
68.0,68,409,573.4988219025622,870.7979693630127,12.311150689306299,4.0,1.0
68.0,68,410,569.1423644702662,537.4478717183423,9.771366777571922,2.0,1.0
68.0,68,412,752.0716558454317,650.507729133554,9.77136677757192,2.0,1.0
68.0,68,414,1209.8710162385516,497.00719645869015,7.755538950942392,1.0,1.0
68.0,68,415,1136.3628145733067,698.411433323288,7.755538950942392,1.0,1.0
68.0,68,416,392.1826488830347,729.1738046524489,7.755538950942392,1.0,1.0
68.0,68,417,903.8479602234881,522.3783838529947,9.77136677757192,2.0,1.0
68.0,68,418,532.3888828897726,681.1700229774007,9.77136677757192,2.0,1.0
68.0,68,419,334.23914364219513,899.627602324106,9.771366777571922,2.0,1.0
68.0,68,420,690.113804355536,969.9975046988367,7.755538950942392,1.0,1.0
68.0,68,421,978.9298956104158,352.05706350099837,7.755538950942392,1.0,1.0
68.0,68,422,159.07372393564808,658.4411715533454,7.755538950942392,1.0,1.0
68.0,68,427,538.8651472019718,10.29393392300856,9.77136677757192,2.0,0.9999999999999999
68.0,68,428,1061.2382051947434,199.78833348471335,9.77136677757192,2.0,1.0
68.0,68,431,268.1626777029894,574.6354611700924,7.755538950942392,1.0,0.9999999999999999
68.0,68,432,360.73996561100904,773.5791308805289,9.77136677757192,2.0,0.9999999999999999
68.0,68,433,284.76905328229645,601.1016397900192,9.77136677757192,2.0,1.0
68.0,68,435,888.8754110744248,235.89425178047983,7.755538950942392,1.0,1.0
68.0,68,436,304.83377108931705,665.4367359601772,9.77136677757192,2.0,1.0
68.0,68,438,864.575001229693,714.0159656290018,7.755538950942392,1.0,0.9999999999999999
68.0,68,439,537.02285987412,860.1941640187355,12.311150689306299,4.0,1.0
68.0,68,440,349.97330745760297,875.6640670555843,7.755538950942392,1.0,1.0
68.0,68,441,942.8207863703392,427.9031373513364,9.771366777571922,2.0,0.9999999999999999
68.0,68,442,503.19889723362417,325.9397565966757,7.755538950942392,1.0,1.0
68.0,68,443,216.08834839351925,746.9975453600327,7.755538950942392,1.0,1.0
68.0,68,445,1052.0506475852137,39.899085865992944,7.755538950942392,1.0,1.0
68.0,68,446,327.71603811354566,259.657083997998,7.755538950942392,1.0,1.0
68.0,68,449,1200.6278885308654,131.9826683765064,7.755538950942392,1.0,1.0
68.0,68,451,1335.461089463455,509.3476341710406,7.755538950942392,1.0,1.0
68.0,68,453,192.68069941484646,1019.9059145450803,7.755538950942392,1.0,1.0
68.0,68,455,849.0871989403354,208.39244009793055,12.311150689306299,4.0,1.0
68.0,68,456,312.83126044390366,817.8596821307693,9.77136677757192,2.0,1.0
68.0,68,458,1250.0890679707263,177.27459243239025,7.755538950942392,1.0,1.0
68.0,68,459,1311.3858008201896,350.53212325838126,9.77136677757192,2.0,0.9999999999999999
68.0,68,461,148.52733123585298,55.20360072307167,9.77136677757192,2.0,1.0
68.0,68,462,1099.7774835189696,303.17395112127303,7.755538950942392,1.0,0.9999999999999999
68.0,68,464,1339.301344587693,66.51828016737328,7.755538950942392,1.0,1.0
68.0,68,465,798.4027299302833,176.39548556718705,7.755538950942392,1.0,1.0
68.0,68,466,404.02292520330417,621.4807088936483,9.77136677757192,2.0,1.0
68.0,68,468,1214.4730420046542,907.1627582069754,7.755538950942392,1.0,1.0
68.0,68,469,1131.1174190624436,885.5229087525056,7.755538950942392,1.0,1.0
68.0,68,470,84.13970047426128,413.71795360097116,7.755538950942392,1.0,1.0
68.0,68,471,59.84593610433038,482.55385107990685,7.755538950942392,1.0,1.0
68.0,68,472,308.54445834037864,132.66460827883927,7.755538950942392,1.0,0.9999999999999999
68.0,68,473,389.77307740335186,915.3391918233642,7.755538950942392,1.0,1.0
68.0,68,474,85.23687462107279,1002.2603099405345,9.771366777571922,2.0,1.0
68.0,68,476,481.724092612201,134.82090380077273,12.311150689306299,4.0,1.0
68.0,68,477,277.95175333286494,937.9271637954635,11.185422719499032,3.0,1.0
68.0,68,479,354.68487384095505,936.7845042084357,7.755538950942392,1.0,1.0
68.0,68,481,591.7761215496232,971.8755016182839,11.185422719499034,3.0,1.0
68.0,68,483,560.0676211986282,40.257999888098865,7.755538950942392,1.0,1.0
68.0,68,485,1044.0177913380069,688.9190952958637,7.755538950942392,1.0,1.0
68.0,68,486,401.889343255596,130.87542353685822,7.755538950942392,1.0,1.0
68.0,68,487,1063.4034747770918,961.8435172297122,12.311150689306295,4.0,0.9999999999999999
68.0,68,489,656.6976788996254,147.08996286026775,9.77136677757192,2.0,1.0
68.0,68,490,456.1846953522146,901.3876639808557,9.77136677757192,2.0,0.9999999999999999
68.0,68,491,656.6725279861791,755.9337611621391,11.185422719499034,3.0,0.9999999999999999
68.0,68,493,96.93848408246434,366.1830945350668,7.755538950942392,1.0,1.0
68.0,68,494,813.6712980737349,763.030979481611,9.77136677757192,2.0,0.9999999999999999
68.0,68,496,697.3140219952993,506.235768174995,9.771366777571922,2.0,0.9999999999999999
68.0,68,497,1196.4067388287447,774.6426232133057,7.755538950942392,1.0,1.0
68.0,68,498,423.17089548664524,483.329491149592,7.755538950942392,1.0,1.0
68.0,68,500,538.2972076666049,187.02773077661948,7.755538950942392,1.0,0.9999999999999999
68.0,68,501,519.1683370372605,987.1045267799252,12.311150689306299,4.0,1.0
68.0,68,503,537.7777934329912,40.09543343740384,12.311150689306299,4.0,1.0
68.0,68,504,992.7725645277629,204.38755929284102,7.755538950942392,1.0,1.0
68.0,68,506,103.87034414909584,739.1836737600127,7.755538950942392,1.0,0.9999999999999999
68.0,68,507,1337.0596018409028,326.0966009132664,7.755538950942392,1.0,1.0
68.0,68,508,1165.0178580734737,520.9008383478129,11.185422719499032,3.0,1.0
68.0,68,509,1065.9203787362374,864.8752182485454,9.77136677757192,2.0,1.0
68.0,68,510,597.9816104858679,217.02344253323693,13.261785059625714,5.0,1.0
68.0,68,511,520.1525350128029,502.5602600334423,9.77136677757192,2.0,1.0
68.0,68,512,192.12029692875294,866.7010647862079,11.185422719499034,3.0,0.9999999999999999
68.0,68,513,1256.3142624462528,580.2645595314356,14.09274953626919,6.0,0.9999999999999999
68.0,68,516,1224.1105251180732,390.01679973809314,11.185422719499032,3.0,0.9999999999999999
68.0,68,517,904.2664875780375,832.3720234820031,9.77136677757192,2.0,1.0
68.0,68,518,133.13442792779497,526.8871710465473,12.311150689306299,4.0,1.0
68.0,68,519,822.1135922975125,381.843502457138,14.09274953626919,6.0,1.0
68.0,68,520,800.9031025836572,2.432314269020906,11.185422719499034,3.0,1.0
68.0,68,521,822.3737414594764,52.87952441631265,11.185422719499034,3.0,1.0
68.0,68,522,987.201019347002,978.332223419072,7.755538950942392,1.0,1.0
68.0,68,523,978.2764660190675,186.25982314491418,7.755538950942392,1.0,1.0
68.0,68,524,863.360729443188,875.2683358303996,9.77136677757192,2.0,1.0
68.0,68,529,786.4861471972075,569.8348309591993,7.755538950942392,1.0,0.9999999999999999
68.0,68,530,121.70286169911522,681.1955385837834,9.771366777571922,2.0,1.0
68.0,68,533,826.2314407098528,870.9096695520506,9.771366777571922,2.0,1.0
68.0,68,535,840.7326335570177,141.09165299933278,7.755538950942392,1.0,1.0
68.0,68,536,337.90016623259316,491.92714446310595,7.755538950942392,1.0,1.0
68.0,68,538,547.4636623166523,448.74526704550703,11.185422719499032,3.0,1.0
68.0,68,539,966.6237267872557,223.60086498349165,7.755538950942392,1.0,1.0
68.0,68,540,305.05623299817694,541.8328546806706,7.755538950942392,1.0,1.0
68.0,68,543,908.2252803971414,412.4790628270541,9.77136677757192,2.0,1.0
68.0,68,546,1030.6802303370353,834.1871931232821,9.77136677757192,2.0,1.0
68.0,68,547,495.855457543888,249.519060589523,7.755538950942392,1.0,0.9999999999999999
68.0,68,548,892.3403234814762,446.63811075376685,11.185422719499034,3.0,1.0
68.0,68,551,1247.73854635159,772.0473917971838,7.755538950942392,1.0,1.0
68.0,68,555,156.18619878837637,195.25012942018742,11.185422719499032,3.0,1.0
68.0,68,556,266.36904985359865,469.73979101012645,7.755538950942392,1.0,1.0
68.0,68,557,596.8319000434338,321.01022344637335,11.185422719499032,3.0,1.0
68.0,68,558,231.3407516579736,69.65963157446312,7.755538950942392,1.0,1.0
68.0,68,559,1070.3716114739325,77.74523654013178,7.755538950942392,1.0,1.0
68.0,68,561,1311.8805627828604,886.6545329363234,7.755538950942392,1.0,1.0
68.0,68,562,183.68812581138988,234.38909238028924,11.185422719499032,3.0,1.0
68.0,68,563,439.9568959378474,422.260838660647,7.755538950942392,1.0,1.0
68.0,68,564,363.7930557230751,455.1731882376245,11.185422719499032,3.0,1.0
68.0,68,565,1214.3078319691133,748.2627046148481,7.755538950942392,1.0,1.0
68.0,68,568,1110.3645977432657,157.87618420966464,7.755538950942392,1.0,0.9999999999999999
68.0,68,569,328.2164522229458,341.6260671406574,7.755538950942392,1.0,1.0
68.0,68,570,1320.4983289693555,562.3273543066163,9.77136677757192,2.0,1.0
68.0,68,573,486.2948526055817,958.7105604814112,7.755538950942392,1.0,1.0
68.0,68,574,182.24272991717663,796.0784045835832,7.755538950942392,1.0,1.0
68.0,68,575,669.8056646204395,696.4961744923718,7.755538950942392,1.0,1.0
68.0,68,576,812.3594590820741,163.3268909192016,7.755538950942392,1.0,1.0
68.0,68,579,542.1856806507232,272.24839664599546,7.755538950942392,1.0,1.0
68.0,68,581,603.952237191291,832.3651422631606,11.185422719499032,3.0,1.0
68.0,68,582,564.1800315170548,284.11779719844503,9.77136677757192,2.0,1.0
68.0,68,583,1221.6115505470273,256.97098076709113,9.77136677757192,2.0,1.0
68.0,68,584,1088.3553859892884,780.6666941199416,7.755538950942392,1.0,1.0
68.0,68,586,384.210433184385,1024.8669732947487,7.755538950942392,1.0,1.0
68.0,68,587,1070.1415231036233,821.2304260153672,9.77136677757192,2.0,1.0
68.0,68,592,873.3905219545352,295.56227604893155,7.755538950942392,1.0,1.0
68.0,68,593,690.1436809554939,792.8461411727964,9.77136677757192,2.0,1.0
68.0,68,594,529.2969491787758,899.9663105045731,9.771366777571922,2.0,1.0
68.0,68,598,605.389076555549,450.78620308299276,11.185422719499032,3.0,1.0
68.0,68,600,539.994801789475,528.1086041624757,11.185422719499034,3.0,1.0
68.0,68,602,167.8237095374423,309.8772157367243,7.755538950942392,1.0,1.0
68.0,68,605,798.0757652333983,35.95874624810056,14.09274953626919,6.0,1.0
68.0,68,606,1209.213227971985,637.4359948890211,7.755538950942392,1.0,1.0
68.0,68,607,1169.2246529001372,175.3624271593247,12.311150689306297,4.0,1.0
68.0,68,608,936.6782336346689,694.8730703895766,7.755538950942392,1.0,0.9999999999999999
68.0,68,609,1000.7500486007827,855.3487620321206,7.755538950942392,1.0,0.9999999999999999
68.0,68,611,962.5669735462343,440.3551312392834,9.77136677757192,2.0,1.0
68.0,68,612,352.2613737413827,309.430310454192,14.09274953626919,6.0,1.0
68.0,68,613,1260.417692654218,726.8299843406505,7.755538950942392,1.0,1.0
68.0,68,614,395.129670376198,759.3611985240881,12.311150689306299,4.0,1.0
68.0,68,619,633.1903451830157,236.99570846020643,7.755538950942392,1.0,1.0
68.0,68,621,181.61818059030935,46.23437356959844,7.755538950942392,1.0,1.0
68.0,68,622,265.2040280657548,45.243529476249805,7.755538950942392,1.0,1.0
68.0,68,625,582.0742709780459,739.7577724558547,7.755538950942392,1.0,1.0
68.0,68,626,894.921420287328,176.27905443320273,7.755538950942392,1.0,1.0
68.0,68,627,1249.3488109192876,21.708128111604655,12.311150689306299,4.0,0.9999999999999999
68.0,68,629,806.3966187328031,882.7151961408028,11.185422719499032,3.0,1.0
68.0,68,632,401.9952632630831,702.7942944583858,9.771366777571922,2.0,1.0
68.0,68,633,1108.6554176299373,89.37156095522738,9.77136677757192,2.0,1.0
68.0,68,634,991.8362213787774,328.30922714348276,7.755538950942392,1.0,1.0
68.0,68,636,679.0468100054981,931.4567896236682,9.771366777571922,2.0,0.9999999999999999
68.0,68,638,75.33622725674795,226.67193907095208,7.755538950942392,1.0,1.0
68.0,68,640,34.04945176058696,449.77471711744596,7.755538950942392,1.0,1.0
68.0,68,641,168.4814843843223,926.3910626980903,7.755538950942392,1.0,1.0
68.0,68,644,25.952208354200003,27.963849518806725,9.77136677757192,2.0,1.0
68.0,68,646,374.60832012713615,884.903191352116,11.185422719499032,3.0,1.0
68.0,68,647,172.674700054484,287.65998026683985,9.771366777571922,2.0,1.0
68.0,68,649,1113.0378911869886,117.62585885435492,9.77136677757192,2.0,1.0
68.0,68,654,1284.977490567004,133.51395260521653,11.185422719499034,3.0,1.0
68.0,68,655,579.8948860342034,700.2132436387665,7.755538950942392,1.0,0.9999999999999999
68.0,68,658,569.2695092048858,340.3419245752754,14.092749536269185,6.0,1.0
68.0,68,659,1299.3303517525671,967.7589792626429,7.755538950942392,1.0,1.0
68.0,68,662,1134.7896579767628,954.7127053678398,7.755538950942392,1.0,1.0
68.0,68,665,1037.9614912818286,115.12212109131676,11.185422719499032,3.0,1.0
68.0,68,666,1232.3443644601496,998.4691105112341,12.311150689306299,4.0,1.0
68.0,68,667,193.57955959218208,86.95200453637864,7.755538950942392,1.0,1.0
68.0,68,668,236.19073622768946,951.6360287966053,7.755538950942392,1.0,1.0
68.0,68,671,1029.0556648115737,88.73589968653403,7.755538950942392,1.0,0.9999999999999999
68.0,68,672,804.9729366429958,974.6018216188645,7.755538950942392,1.0,1.0
68.0,68,674,1058.5338416775348,633.4649295455378,7.755538950942392,1.0,1.0
68.0,68,675,395.23850100531854,498.37272614571333,7.755538950942392,1.0,1.0
68.0,68,676,1281.6769144758505,864.5044883543133,9.77136677757192,2.0,1.0
68.0,68,678,118.58942803550755,249.34597211141008,9.77136677757192,2.0,1.0
68.0,68,680,868.098827367341,606.4144957348996,7.755538950942392,1.0,0.9999999999999999
68.0,68,682,1217.7793234656924,81.46318559332273,7.755538950942392,1.0,1.0
68.0,68,684,1308.820724689999,935.5064801764012,11.185422719499034,3.0,1.0
68.0,68,686,893.4425209965649,311.90769867329635,7.755538950942392,1.0,1.0
68.0,68,687,1202.9447648688674,283.6837499249272,12.311150689306297,4.0,1.0
68.0,68,688,239.67543874641487,490.0991039003347,7.755538950942392,1.0,1.0
68.0,68,689,435.4903411141632,616.3639500940283,7.755538950942392,1.0,0.9999999999999999
68.0,68,692,726.3851715610749,295.00564828417697,7.755538950942392,1.0,1.0
68.0,68,694,1105.8246351469954,882.3829653681647,7.755538950942392,1.0,1.0
68.0,68,698,669.1532329216924,102.65476090220976,7.755538950942392,1.0,1.0
68.0,68,700,446.75948143648213,504.3539572204167,11.185422719499032,3.0,1.0
68.0,68,702,694.4911804626935,31.92174228516997,7.755538950942392,1.0,1.0
68.0,68,704,140.53542987607327,261.8857505663377,9.771366777571922,2.0,0.9999999999999999
68.0,68,705,407.13480559703083,407.0019149588321,11.185422719499034,3.0,1.0
68.0,68,706,299.06268552168257,202.79715292940153,11.185422719499032,3.0,1.0
68.0,68,707,251.46054257979867,253.2040003474833,11.185422719499032,3.0,1.0
68.0,68,710,816.0387481029168,668.8092424819299,7.755538950942392,1.0,0.9999999999999999
68.0,68,716,1321.2706973533661,670.2170167504055,9.77136677757192,2.0,1.0
68.0,68,717,524.9650477098374,652.5019734024296,13.26178505962571,5.0,1.0
68.0,68,718,438.28016325544314,159.83770287293223,7.755538950942392,1.0,1.0
68.0,68,720,636.5562171962819,834.4075160552412,9.77136677757192,2.0,1.0
68.0,68,722,1007.4109722541002,780.1031847171168,11.185422719499032,3.0,1.0
68.0,68,723,430.04672800854934,594.8423117628543,11.185422719499032,3.0,0.9999999999999999
68.0,68,724,893.8134548254363,623.5837134928848,7.755538950942392,1.0,1.0
68.0,68,726,1268.8828037558833,46.51954546018041,9.771366777571922,2.0,1.0
68.0,68,728,1035.4925891851296,388.2231269794313,7.755538950942392,1.0,1.0
68.0,68,729,568.6987019331223,104.28822637011191,9.771366777571922,2.0,1.0
68.0,68,730,691.6897310927528,458.94200868813124,9.77136677757192,2.0,0.9999999999999999
68.0,68,732,511.049526460061,159.2390832094655,11.185422719499032,3.0,1.0
68.0,68,733,249.083911803206,280.96391914612315,11.185422719499034,3.0,1.0
68.0,68,734,1336.5814014094587,22.227685230881907,7.755538950942392,1.0,0.9999999999999999
68.0,68,735,725.5975789540535,6.108918199987099,7.755538950942392,1.0,1.0
68.0,68,737,1101.8649592126576,482.55336416292914,11.185422719499032,3.0,1.0
68.0,68,740,1245.5801008790647,961.201054186381,7.755538950942392,1.0,0.9999999999999999
68.0,68,743,743.1340970163017,178.25094204284127,9.77136677757192,2.0,1.0
68.0,68,745,1085.9132946688221,499.0086362702881,9.77136677757192,2.0,1.0
68.0,68,746,1274.6659334254628,380.7361764890169,9.77136677757192,2.0,1.0
68.0,68,747,630.7558444983944,739.7273928239135,7.755538950942392,1.0,1.0
68.0,68,748,1228.9148250296898,334.8872238274928,7.755538950942392,1.0,1.0
68.0,68,750,791.9839143261562,246.4611810256221,9.77136677757192,2.0,1.0
68.0,68,752,1308.9620491299806,696.0080183782259,9.771366777571922,2.0,1.0
68.0,68,753,643.554031778859,474.56570279055296,9.771366777571922,2.0,1.0
68.0,68,754,548.0725229940291,727.3389124460967,7.755538950942392,1.0,1.0
68.0,68,755,941.7063553151542,129.769997884673,7.755538950942392,1.0,1.0
68.0,68,757,777.2313032042653,482.07519486506976,9.77136677757192,2.0,1.0
68.0,68,758,645.268037858961,415.1208973408271,9.77136677757192,2.0,1.0
68.0,68,759,58.692415142980984,616.7211684758247,11.185422719499032,3.0,1.0
68.0,68,760,156.2410259621133,1010.3855662570713,11.185422719499034,3.0,1.0
68.0,68,762,991.8589941780098,49.84437918335972,11.185422719499032,3.0,1.0
68.0,68,764,221.2362808168287,658.7921007136363,7.755538950942392,1.0,1.0
68.0,68,765,723.3041723028924,474.5351393602318,11.185422719499034,3.0,1.0
68.0,68,766,361.7056143628575,5.228626102348587,9.77136677757192,2.0,1.0
68.0,68,767,349.69099120776315,593.260110029933,7.755538950942392,1.0,1.0
68.0,68,768,717.0981036411966,645.8161548117619,14.835812298463562,7.0,1.0
68.0,68,769,9.017667461875192,682.1247918853869,12.311150689306299,4.0,0.9999999999999999
68.0,68,772,1027.3100584426254,914.5949944170409,7.755538950942392,1.0,1.0
68.0,68,773,931.514402593311,658.2866426006145,7.755538950942392,1.0,1.0
68.0,68,774,75.0678834717414,857.3758068467641,11.185422719499034,3.0,0.9999999999999999
68.0,68,775,693.7582065903978,864.9974780839729,7.755538950942392,1.0,0.9999999999999999
68.0,68,776,1084.284212690231,152.73120288502437,9.77136677757192,2.0,1.0
68.0,68,777,392.91298281406404,325.20895980511585,7.755538950942392,1.0,0.9999999999999999
68.0,68,779,495.82487365162547,111.00864775564119,7.755538950942392,1.0,0.9999999999999999
68.0,68,780,238.40550178855366,685.4855609632897,11.185422719499032,3.0,0.9999999999999999
68.0,68,781,426.26388499812873,197.205594732392,7.755538950942392,1.0,0.9999999999999999
68.0,68,782,140.98703663773946,562.0091221811143,11.185422719499032,3.0,1.0
68.0,68,783,173.42667413234435,707.5103993787269,13.26178505962571,5.0,1.0
68.0,68,786,482.80520696197306,835.9458169955542,7.755538950942392,1.0,1.0
68.0,68,787,739.7081331030304,854.6912065642732,11.185422719499032,3.0,1.0
68.0,68,788,1125.0815948426964,406.58254779784323,7.755538950942392,1.0,1.0
68.0,68,789,394.1656284011713,971.128437450971,11.185422719499034,3.0,0.9999999999999999
68.0,68,790,712.2033343370545,921.0156988852947,9.77136677757192,2.0,1.0
68.0,68,791,931.1149763882262,962.3016252349275,11.185422719499032,3.0,1.0
68.0,68,792,557.4420082227866,767.5674232781263,15.511077901884784,8.0,1.0
68.0,68,795,241.7044527544528,839.2837750621891,11.185422719499032,3.0,1.0
68.0,68,796,233.483973111858,318.97560119404847,7.755538950942392,1.0,1.0
68.0,68,798,1018.4240486468221,465.4635371848329,7.755538950942392,1.0,1.0
68.0,68,799,30.398543299257092,199.91181049530928,7.755538950942392,1.0,1.0
68.0,68,800,340.86159734394414,728.2856241094694,9.77136677757192,2.0,1.0
68.0,68,801,1236.559127928765,92.63144803532454,7.755538950942392,1.0,1.0
68.0,68,805,715.1005978786415,973.293227659093,9.77136677757192,2.0,1.0
68.0,68,806,382.3459624630658,671.589006946365,9.771366777571922,2.0,1.0
68.0,68,809,1190.6229808276137,466.3729975759807,9.77136677757192,2.0,1.0
68.0,68,810,1057.4793995551113,145.19501298074294,9.77136677757192,2.0,1.0
68.0,68,811,819.1948345363952,546.4104361813928,11.185422719499034,3.0,1.0
68.0,68,812,49.927736612558085,407.7438324907034,7.755538950942392,1.0,1.0
68.0,68,815,472.79594449839266,573.7737798982612,9.77136677757192,2.0,1.0
68.0,68,817,1190.998487635278,731.5095175704296,9.77136677757192,2.0,1.0
68.0,68,818,273.4492415060106,1007.0487953017611,7.755538950942392,1.0,1.0
68.0,68,819,1030.4976388850973,945.1360712728199,7.755538950942392,1.0,0.9999999999999999
68.0,68,820,1104.5142649902575,591.3061241581825,7.755538950942392,1.0,1.0
68.0,68,821,1311.7135113537174,37.03700688198794,13.261785059625714,5.0,1.0
68.0,68,823,474.7601573935873,691.393979384192,7.755538950942392,1.0,1.0
68.0,68,824,554.5957784378214,168.34967043120875,7.755538950942392,1.0,1.0
68.0,68,826,980.244619017553,837.1471728911356,7.755538950942392,1.0,1.0
68.0,68,827,892.4701953145736,12.622942610273359,9.771366777571922,2.0,1.0
68.0,68,828,151.89911198106253,822.2234721590322,9.77136677757192,2.0,1.0
68.0,68,829,773.6854948859378,147.62325875266015,9.77136677757192,2.0,1.0
68.0,68,830,438.99347800920174,754.5336613873598,9.771366777571922,2.0,1.0
68.0,68,831,834.3267417020174,615.2518140357937,9.771366777571922,2.0,0.9999999999999999
68.0,68,832,1046.0468277052164,462.1624022794654,11.185422719499034,3.0,1.0
68.0,68,833,459.12739765675195,318.4944046002405,11.185422719499034,3.0,1.0
68.0,68,837,947.4436123693804,633.0620549342832,11.185422719499034,3.0,0.9999999999999999
68.0,68,838,310.2921551516669,304.80617673230125,7.755538950942392,1.0,1.0
68.0,68,839,963.7055869005418,97.24209455152389,7.755538950942392,1.0,1.0
68.0,68,840,751.7335800989564,679.9072228369752,7.755538950942392,1.0,1.0
68.0,68,841,895.9225150250059,581.4828296626649,11.185422719499032,3.0,1.0
68.0,68,842,44.7645906897629,514.6428695057356,7.755538950942392,1.0,1.0
68.0,68,843,938.2329178064878,903.9845893346329,7.755538950942392,1.0,1.0
68.0,68,845,1341.4660720165546,628.9153316231216,7.755538950942392,1.0,1.0
68.0,68,846,690.4071723709519,435.18683503182643,9.77136677757192,2.0,0.9999999999999999
68.0,68,848,587.1176617699941,627.8411476346986,13.261785059625714,5.0,1.0
68.0,68,851,1318.4388983528404,645.6610160705038,9.77136677757192,2.0,1.0
68.0,68,853,480.3898730680618,803.1511021131357,11.185422719499032,3.0,1.0
68.0,68,855,599.5190718068158,592.0963877038515,7.755538950942392,1.0,1.0
68.0,68,857,746.8980964824256,899.0914313410373,9.771366777571922,2.0,1.0
68.0,68,859,896.7349191233942,774.7771014221306,9.771366777571922,2.0,0.9999999999999999
68.0,68,860,6.902775200019184,261.0074358565197,9.771366777571922,2.0,1.0
68.0,68,861,998.3731056170258,74.2747988895342,7.755538950942392,1.0,1.0
68.0,68,862,301.55676011492443,577.1563668164173,7.755538950942392,1.0,1.0
68.0,68,865,844.1804682311254,109.65882512248541,7.755538950942392,1.0,1.0
68.0,68,866,933.0556000993209,21.19194814492785,9.77136677757192,2.0,0.9999999999999999
68.0,68,868,1293.7166631224143,806.9920087868728,14.092749536269187,6.0,1.0
68.0,68,869,1321.023457995447,122.00897518320912,11.185422719499034,3.0,0.9999999999999999
68.0,68,870,233.13874344917795,184.45160035106903,7.755538950942392,1.0,1.0
68.0,68,871,711.1172326661598,747.9616094422314,12.311150689306299,4.0,1.0
68.0,68,872,1041.0333244550206,438.9664459844462,7.755538950942392,1.0,1.0
68.0,68,873,65.02505338508728,387.0846393848362,7.755538950942392,1.0,0.9999999999999999
68.0,68,877,174.0154809589267,434.8540186385683,7.755538950942392,1.0,1.0
68.0,68,879,709.8926915630894,336.78430827039364,7.755538950942392,1.0,1.0
68.0,68,882,287.3022528685338,636.1481969063943,7.755538950942392,1.0,1.0
68.0,68,883,9.805622704282618,147.23113742211933,9.77136677757192,2.0,1.0
68.0,68,884,651.6053597954054,340.02078610919756,9.77136677757192,2.0,1.0
68.0,68,886,81.26117140029844,652.2328987619379,9.77136677757192,2.0,1.0
68.0,68,887,451.3859999685383,246.65545874365216,12.311150689306299,4.0,1.0
68.0,68,890,1271.0924339485814,252.3714423120995,11.185422719499032,3.0,0.9999999999999999
68.0,68,892,339.250786548169,45.894409658654844,7.755538950942392,1.0,1.0
68.0,68,894,1188.9506215782512,3.6468726876095885,9.771366777571922,2.0,1.0
68.0,68,896,230.6346889058709,930.018430791143,7.755538950942392,1.0,1.0
68.0,68,897,732.2952000265823,582.2604362836645,9.77136677757192,2.0,0.9999999999999999
68.0,68,898,1078.3309003978084,293.14825556742704,9.77136677757192,2.0,1.0
68.0,68,899,1197.2119056967279,826.8780688636218,9.77136677757192,2.0,0.9999999999999999
68.0,68,901,1053.956510340921,3.054788535556785,11.185422719499032,3.0,1.0
68.0,68,903,286.0579470209183,377.04741809337327,14.835812298463557,7.0,1.0
68.0,68,905,712.4052300194382,876.4069955023621,9.77136677757192,2.0,1.0
68.0,68,907,1156.381229925917,928.9561077940604,7.755538950942392,1.0,1.0
68.0,68,910,1275.6441296575501,784.8597557684554,9.77136677757192,2.0,1.0
68.0,68,911,330.9965122647117,89.3624652466463,7.755538950942392,1.0,1.0
68.0,68,912,434.26060215444363,890.5592652379822,7.755538950942392,1.0,0.9999999999999999
68.0,68,913,314.94191801034265,737.796564212738,7.755538950942392,1.0,1.0
68.0,68,914,868.7837926437517,381.11755460039285,11.185422719499034,3.0,1.0
68.0,68,915,43.57040236630358,60.78339824218043,7.755538950942392,1.0,1.0
68.0,68,916,834.360574046836,306.04165987305663,7.755538950942392,1.0,1.0
68.0,68,921,1229.616043125894,473.2394353026653,7.755538950942392,1.0,1.0
68.0,68,924,647.6661001351258,1023.662007579894,9.77136677757192,2.0,1.0
68.0,68,925,895.8514053439533,356.3088151336572,11.185422719499034,3.0,1.0
68.0,68,926,230.4017099720684,90.15197996971605,11.185422719499032,3.0,1.0
68.0,68,927,1265.6694002791824,86.97588458162585,12.311150689306297,4.0,1.0
68.0,68,928,523.0512964166436,952.7786179172481,7.755538950942392,1.0,1.0
68.0,68,930,810.4006128280878,567.9729961224301,11.185422719499032,3.0,1.0
68.0,68,932,1278.8632290916028,543.777501362515,11.185422719499032,3.0,1.0
68.0,68,933,1023.2401873305795,199.8091224424672,7.755538950942392,1.0,1.0
68.0,68,934,321.419102910644,19.446818543832283,13.261785059625714,5.0,1.0
68.0,68,935,298.0016697075154,795.8164572944996,7.755538950942392,1.0,1.0
68.0,68,936,523.8454088168211,402.4463957511712,9.77136677757192,2.0,1.0
68.0,68,937,929.1701586233028,999.4052729765787,9.77136677757192,2.0,1.0
68.0,68,939,1161.3784672319096,132.7402706520727,9.77136677757192,2.0,1.0
68.0,68,941,52.69322741801846,951.2264900020125,11.185422719499032,3.0,1.0
68.0,68,947,415.816676754554,75.89009866600955,7.755538950942392,1.0,1.0
68.0,68,949,1213.6634044554844,26.56980657034571,11.185422719499032,3.0,0.9999999999999999
68.0,68,950,381.89607822370334,645.8015462604309,9.77136677757192,2.0,0.9999999999999999
68.0,68,951,100.04178965842074,320.7603933167108,11.185422719499032,3.0,0.9999999999999999
68.0,68,952,182.4426062198988,174.09088363442015,7.755538950942392,1.0,1.0
68.0,68,953,584.2485340826466,142.74803804277929,9.77136677757192,2.0,1.0
68.0,68,954,1314.796115344649,203.049558944543,7.755538950942392,1.0,1.0
68.0,68,955,473.666496676525,415.25567563431747,9.77136677757192,2.0,1.0
68.0,68,956,1071.4798976729023,614.944349085605,9.77136677757192,2.0,1.0
68.0,68,957,265.6570413016747,543.1930984876033,12.311150689306297,4.0,1.0
68.0,68,959,185.05117259768232,900.5880262308672,9.77136677757192,2.0,1.0
68.0,68,961,278.66615305842333,177.597083820526,9.77136677757192,2.0,1.0
68.0,68,962,1303.992481713461,844.266886149744,12.311150689306299,4.0,1.0
68.0,68,963,393.62349638899553,195.08001531426757,9.77136677757192,2.0,1.0
68.0,68,965,860.5025064106604,475.2597924368571,7.755538950942392,1.0,1.0
68.0,68,969,433.11430205811143,463.4204446288537,9.77136677757192,2.0,1.0
68.0,68,971,1165.9599495764212,817.9396225817992,7.755538950942392,1.0,1.0
68.0,68,972,492.4113121984753,601.2684523536919,11.185422719499032,3.0,1.0
68.0,68,975,27.4827847454407,718.3627500615395,7.755538950942392,1.0,0.9999999999999999
68.0,68,977,1031.5758194099806,156.30853932940238,7.755538950942392,1.0,1.0
68.0,68,980,334.96230644428385,750.1128349183114,7.755538950942392,1.0,1.0
68.0,68,981,993.843415890396,403.39998256405363,7.755538950942392,1.0,1.0
68.0,68,983,926.5961613944214,535.6054547085264,7.755538950942392,1.0,0.9999999999999999
68.0,68,985,1251.6373527966934,920.1827370767649,12.311150689306299,4.0,0.9999999999999999
68.0,68,986,1158.4949287169268,780.2932577270797,12.311150689306295,4.0,0.9999999999999999
68.0,68,987,1170.426078676023,873.1039229686629,7.755538950942392,1.0,1.0
68.0,68,988,1130.5766736556307,609.2179812359345,7.755538950942392,1.0,1.0
68.0,68,989,541.1616630118599,940.53053512767,9.77136677757192,2.0,1.0
68.0,68,991,1190.93695764523,848.333015928724,9.771366777571922,2.0,1.0
68.0,68,995,36.095193015187434,6.293039046500615,11.185422719499032,3.0,0.9999999999999999
68.0,68,996,266.36571560075157,861.7617234033215,9.77136677757192,2.0,0.9999999999999999
68.0,68,998,7.569592706130709,979.2880631155939,7.755538950942392,1.0,0.9999999999999999
68.0,68,999,1064.170808123761,429.28366358199844,7.755538950942392,1.0,1.0
68.0,68,1000,167.86053611571018,878.74626894713,9.77136677757192,2.0,1.0
72.0,72,1,113.56670342533364,934.9444088149052,7.755538950942392,1.0,1.0
72.0,72,3,949.1817598796556,307.59216232502837,13.261785059625714,5.0,1.0
72.0,72,6,456.8452464831397,96.77893669531271,7.755538950942392,1.0,1.0
72.0,72,8,356.7235612015318,211.85176324055354,16.132171110904203,9.0,1.0
72.0,72,9,1071.0486701998193,402.8716518964997,7.755538950942392,1.0,1.0
72.0,72,10,1151.425934004684,295.8954974154377,7.755538950942392,1.0,1.0
72.0,72,11,848.250370484016,944.0574516174435,9.77136677757192,2.0,1.0
72.0,72,15,1002.9110924375035,305.857534123996,7.755538950942392,1.0,1.0
72.0,72,17,191.45983997820815,265.0062689580013,7.755538950942392,1.0,1.0
72.0,72,18,646.4222406538341,649.3686470041625,7.755538950942392,1.0,1.0
72.0,72,20,344.56819690939227,958.8200579299445,7.755538950942392,1.0,1.0
72.0,72,21,256.5847807334479,81.77016247283318,7.755538950942392,1.0,1.0
72.0,72,22,141.98415440921278,463.6349777308637,9.77136677757192,2.0,1.0
72.0,72,23,0.6825540195310074,819.5535602846821,9.77136677757192,2.0,1.0
72.0,72,27,524.4030193323108,546.9688546695936,7.755538950942392,1.0,1.0
72.0,72,28,908.7565966349049,897.8075852033753,7.755538950942392,1.0,1.0
72.0,72,29,1105.6839260138022,1024.6476329157438,13.261785059625714,5.0,1.0
72.0,72,31,969.6761712474666,146.1183654541303,7.755538950942392,1.0,1.0
72.0,72,35,192.54483796843513,747.4619917389965,7.755538950942392,1.0,1.0
72.0,72,37,865.3594147802338,910.3844382192635,9.771366777571922,2.0,1.0
72.0,72,38,959.3176418850716,726.44417352492,7.755538950942392,1.0,1.0
72.0,72,39,1329.4786791633614,1002.6314316003761,7.755538950942392,1.0,1.0
72.0,72,40,961.230354290772,935.9995716511987,9.77136677757192,2.0,1.0
72.0,72,41,431.05575629066664,280.5776710227266,9.77136677757192,2.0,0.9999999999999999
72.0,72,43,784.3123632628401,823.9503225187233,7.755538950942392,1.0,1.0
72.0,72,44,745.7130756830134,60.7368614599176,11.185422719499032,3.0,1.0
72.0,72,45,883.7489675487235,955.2656042085671,7.755538950942392,1.0,0.9999999999999999
72.0,72,46,1145.7155764239226,352.8948139689741,7.755538950942392,1.0,1.0
72.0,72,51,1326.9127350039598,228.7511517648581,9.77136677757192,2.0,1.0
72.0,72,53,135.45608473921283,111.12296616961656,7.755538950942392,1.0,1.0
72.0,72,55,1247.7209922278728,615.9513497426825,7.755538950942392,1.0,1.0
72.0,72,57,1057.5686343680288,726.606934246199,12.311150689306295,4.0,0.9999999999999999
72.0,72,59,37.85034903093641,148.48223313550017,7.755538950942392,1.0,1.0
72.0,72,60,47.393162487483366,235.9277064314737,9.77136677757192,2.0,1.0
72.0,72,61,881.989931655128,992.731801091524,9.771366777571922,2.0,1.0
72.0,72,62,576.6873367686761,1023.6951170133327,7.755538950942392,1.0,1.0
72.0,72,63,1135.9149353847595,629.8151949508228,7.755538950942392,1.0,1.0
72.0,72,65,699.2700670271256,831.5008477323347,7.755538950942392,1.0,1.0
72.0,72,66,964.2314457377307,1015.7455962219165,9.771366777571922,2.0,1.0
72.0,72,67,1083.1859276480718,250.39083998717018,13.261785059625712,5.0,0.9999999999999999
72.0,72,68,1238.4369846586537,657.9555315495637,7.755538950942392,1.0,1.0
72.0,72,70,1150.5045756186612,477.92499180133893,7.755538950942392,1.0,1.0
72.0,72,71,769.7145475444328,785.728246267414,9.771366777571922,2.0,1.0
72.0,72,73,538.8819061763946,307.7400231002686,7.755538950942392,1.0,1.0
72.0,72,77,425.91893281304857,830.1157452970886,11.185422719499032,3.0,1.0
72.0,72,78,1107.56114144542,179.01086910623886,7.755538950942392,1.0,1.0
72.0,72,79,826.5684302838768,235.56340264225614,9.77136677757192,2.0,1.0
72.0,72,80,1012.6300650117554,355.5084042537609,7.755538950942392,1.0,1.0
72.0,72,81,611.066611817796,5.5673163209712655,9.77136677757192,2.0,1.0
72.0,72,83,1196.6631586528856,415.90291332014664,7.755538950942392,1.0,1.0
72.0,72,85,118.43230550231247,788.8256917867701,7.755538950942392,1.0,1.0
72.0,72,86,1028.677291594896,511.9759503244617,9.77136677757192,2.0,1.0
72.0,72,87,706.997150876716,122.873740504253,7.755538950942392,1.0,1.0
72.0,72,88,74.38863602419464,501.39823978353934,7.755538950942392,1.0,1.0
72.0,72,90,801.4306554146893,417.4038566513951,7.755538950942392,1.0,1.0
72.0,72,91,52.97348687015167,15.563213312022668,7.755538950942392,1.0,1.0
72.0,72,92,1098.313244186493,696.5987607803638,7.755538950942392,1.0,1.0
72.0,72,93,287.16524543258674,291.8221447844439,9.77136677757192,2.0,0.9999999999999999
72.0,72,94,646.542253603973,895.444407507116,12.311150689306299,4.0,1.0
72.0,72,97,943.6897253195133,63.091692331514494,12.311150689306297,4.0,1.0
72.0,72,100,363.3128003524328,812.7511498199602,7.755538950942392,1.0,1.0
72.0,72,101,16.178301475353468,615.3919581339218,7.755538950942392,1.0,1.0
72.0,72,103,219.11389867590503,19.26620342850471,7.755538950942392,1.0,1.0
72.0,72,104,379.4856836916349,580.7807279279175,7.755538950942392,1.0,1.0
72.0,72,107,437.99209806627016,136.97130943231605,7.755538950942392,1.0,1.0
72.0,72,110,649.2269612227254,619.4609355244871,7.755538950942392,1.0,1.0
72.0,72,116,1157.6421792108817,55.384791273787826,11.185422719499032,3.0,1.0
72.0,72,118,281.16452942149505,440.0289019575051,9.77136677757192,2.0,1.0
72.0,72,119,1040.9367393440316,558.7954482807988,11.185422719499032,3.0,1.0
72.0,72,121,108.44322200989703,219.23320200758417,11.185422719499034,3.0,1.0
72.0,72,122,847.8450886385901,265.5595817833952,13.261785059625714,5.0,1.0
72.0,72,123,1292.5170130408528,587.519963679538,11.185422719499034,3.0,1.0
72.0,72,125,425.933231334131,1010.9557969486709,11.185422719499034,3.0,1.0
72.0,72,126,1342.2292723008543,470.52536734206114,7.755538950942392,1.0,1.0
72.0,72,127,839.4765838881826,559.2919927007507,7.755538950942392,1.0,1.0
72.0,72,129,779.7975973873943,675.1524702134661,7.755538950942392,1.0,0.9999999999999999
72.0,72,130,1203.0452998728579,438.1110117178232,7.755538950942392,1.0,1.0
72.0,72,131,1245.4855261204448,307.43734568780553,7.755538950942392,1.0,1.0
72.0,72,132,1283.7455657607813,174.75524924209893,12.311150689306297,4.0,1.0
72.0,72,134,115.3122697915703,830.8034813393934,9.77136677757192,2.0,1.0
72.0,72,135,1013.3118917130798,595.0050490664398,7.755538950942392,1.0,1.0
72.0,72,138,487.83705216626157,1.6750805306114123,7.755538950942392,1.0,1.0
72.0,72,142,1294.7054609209015,293.32788962763027,7.755538950942392,1.0,1.0
72.0,72,143,613.7001471831333,109.23259498138063,14.09274953626919,6.0,1.0
72.0,72,144,1272.8242307120527,966.1205020307101,9.77136677757192,2.0,1.0
72.0,72,145,115.42101935927666,866.5041774989254,9.77136677757192,2.0,1.0
72.0,72,146,1057.1257516825692,526.1030958459528,7.755538950942392,1.0,0.9999999999999999
72.0,72,148,547.7815811516375,143.57467435808883,9.77136677757192,2.0,1.0
72.0,72,149,175.0823225006457,984.3205449763889,7.755538950942392,1.0,1.0
72.0,72,150,706.1054695470227,384.6589768614773,12.311150689306299,4.0,0.9999999999999999
72.0,72,151,471.952081215071,667.4041775298764,7.755538950942392,1.0,1.0
72.0,72,152,1161.3531657952753,674.7907340990605,7.755538950942392,1.0,0.9999999999999999
72.0,72,153,59.14103896424165,546.7050388891786,9.77136677757192,2.0,1.0
72.0,72,156,876.8210912230612,805.3907443596395,7.755538950942392,1.0,1.0
72.0,72,160,1054.1318364636586,764.0106104308143,7.755538950942392,1.0,0.9999999999999999
72.0,72,163,79.63901764092402,63.23423039331699,7.755538950942392,1.0,1.0
72.0,72,164,362.8410953536133,75.98492647977136,9.771366777571922,2.0,1.0
72.0,72,165,145.12167904883336,3.9511874722265503,7.755538950942392,1.0,1.0
72.0,72,166,493.96982454277764,96.31742179320715,12.311150689306297,4.0,1.0
72.0,72,170,974.8979814860877,687.8474123653754,7.755538950942392,1.0,1.0
72.0,72,172,822.4577948569433,814.8029297075472,7.755538950942392,1.0,1.0
72.0,72,173,6.178492941042557,56.90814578687838,11.185422719499034,3.0,1.0
72.0,72,174,965.8354706418203,746.3895230748012,7.755538950942392,1.0,1.0
72.0,72,175,1330.586214152994,860.5680092875218,9.77136677757192,2.0,0.9999999999999999
72.0,72,181,472.68523435683875,934.6745813027794,11.185422719499032,3.0,0.9999999999999999
72.0,72,186,224.070778715673,621.7652754088346,12.311150689306297,4.0,1.0
72.0,72,187,610.3480507046534,899.9426961910732,7.755538950942392,1.0,0.9999999999999999
72.0,72,188,595.3000170968722,280.32622910737007,9.771366777571922,2.0,1.0
72.0,72,189,823.1065501245255,924.7052823085969,7.755538950942392,1.0,0.9999999999999999
72.0,72,191,1076.7510284385114,753.8025706633042,9.77136677757192,2.0,1.0
72.0,72,193,353.0894384673211,104.22186667835777,7.755538950942392,1.0,0.9999999999999999
72.0,72,199,198.30542049056245,545.2196414290903,16.132171110904203,9.0,1.0
72.0,72,201,143.0959573268989,427.8720227870828,9.77136677757192,2.0,1.0
72.0,72,208,1035.7641566071024,281.7505368874218,9.77136677757192,2.0,1.0
72.0,72,210,104.15689500846099,1024.5854043341546,11.185422719499034,3.0,1.0
72.0,72,213,484.3455445505886,743.1970440145471,7.755538950942392,1.0,0.9999999999999999
72.0,72,214,32.83031499048888,253.06726515514296,7.755538950942392,1.0,1.0
72.0,72,215,352.0981210634613,430.8860305181888,9.77136677757192,2.0,1.0
72.0,72,218,671.425912127759,310.4306753042341,7.755538950942392,1.0,1.0
72.0,72,219,301.54795674861606,104.4067678971981,7.755538950942392,1.0,1.0
72.0,72,220,309.54186331962035,925.8318417298102,12.311150689306299,4.0,1.0
72.0,72,221,109.44931179628796,176.9889471159833,12.311150689306299,4.0,0.9999999999999999
72.0,72,224,564.9362264622126,246.47906003083955,9.771366777571922,2.0,1.0
72.0,72,228,891.3025681398857,22.541807958578257,12.311150689306299,4.0,1.0
72.0,72,230,1135.8182794867384,726.5521645519004,7.755538950942392,1.0,1.0
72.0,72,231,741.038943158803,310.4619368608717,9.771366777571922,2.0,1.0
72.0,72,232,501.0783988541999,225.925428811731,7.755538950942392,1.0,1.0
72.0,72,238,907.4905920324204,862.7791105080221,7.755538950942392,1.0,1.0
72.0,72,239,1200.5719761320115,925.3424197540629,7.755538950942392,1.0,1.0
72.0,72,241,1224.2383822769807,527.5385478000615,12.311150689306297,4.0,1.0
72.0,72,242,740.4968400039616,25.81258902136299,7.755538950942392,1.0,0.9999999999999999
72.0,72,243,68.49223077532385,686.6301255300455,7.755538950942392,1.0,1.0
72.0,72,245,737.2370411238272,788.997000115221,9.77136677757192,2.0,0.9999999999999999
72.0,72,247,382.6100955052357,213.87703770239398,7.755538950942392,1.0,1.0
72.0,72,248,463.3836042188462,184.73590722869633,9.77136677757192,2.0,0.9999999999999999
72.0,72,250,513.1868696850145,807.2233510277451,7.755538950942392,1.0,0.9999999999999999
72.0,72,255,1335.118509421288,823.4131217129435,9.77136677757192,2.0,1.0
72.0,72,256,925.1349001879486,725.4541128767875,7.755538950942392,1.0,0.9999999999999999
72.0,72,257,609.7332297675129,38.16229689302924,7.755538950942392,1.0,1.0
72.0,72,259,742.8701397585448,148.23171858232524,11.185422719499032,3.0,1.0
72.0,72,260,1093.5446217829094,808.1898239761448,7.755538950942392,1.0,1.0
72.0,72,261,256.68071229459457,423.4900854894928,7.755538950942392,1.0,1.0
72.0,72,262,844.5436077153888,988.4152135556216,9.77136677757192,2.0,0.9999999999999999
72.0,72,263,92.8480676308123,144.04181802933098,11.185422719499034,3.0,1.0
72.0,72,264,937.1852238838366,816.4713031190743,7.755538950942392,1.0,1.0
72.0,72,265,1343.304703872646,435.7159276442527,7.755538950942392,1.0,1.0
72.0,72,268,1022.7235526144801,224.74059362799832,7.755538950942392,1.0,0.9999999999999999
72.0,72,269,118.80874878869476,379.77828760531503,9.771366777571922,2.0,1.0
72.0,72,270,339.0960187996466,408.9878380443189,9.771366777571922,2.0,1.0
72.0,72,272,230.6876394967798,293.1979470402226,7.755538950942392,1.0,1.0
72.0,72,273,620.3810271446133,583.3965192513131,7.755538950942392,1.0,1.0
72.0,72,274,795.8966395910683,851.7372139372033,7.755538950942392,1.0,1.0
72.0,72,275,1176.114198982829,385.07394809100293,7.755538950942392,1.0,1.0
72.0,72,276,1098.7267636983927,530.3857367803458,7.755538950942392,1.0,0.9999999999999999
72.0,72,278,1247.6456568822512,360.64207153816466,12.311150689306299,4.0,1.0
72.0,72,279,127.35142714838257,630.4918168439492,11.185422719499032,3.0,1.0
72.0,72,280,349.96167478510534,976.8555897395007,7.755538950942392,1.0,1.0
72.0,72,281,1189.1048523672214,552.9647205368796,11.185422719499032,3.0,1.0
72.0,72,283,675.2062101774305,599.8726601685381,9.77136677757192,2.0,1.0
72.0,72,284,74.5738109284025,802.1992558515013,7.755538950942392,1.0,0.9999999999999999
72.0,72,285,856.7613574921197,641.2213563821484,7.755538950942392,1.0,1.0
72.0,72,286,1141.3515559724458,256.00946440387787,7.755538950942392,1.0,1.0
72.0,72,287,96.30628278311674,717.1577425360432,7.755538950942392,1.0,1.0
72.0,72,289,1244.3093085210169,816.8617302704861,12.311150689306299,4.0,0.9999999999999999
72.0,72,291,501.09448236307975,357.08554091654,7.755538950942392,1.0,1.0
72.0,72,294,622.1179469422971,429.26268346549824,7.755538950942392,1.0,0.9999999999999999
72.0,72,295,44.54665201276443,749.9395134524739,12.311150689306297,4.0,1.0
72.0,72,300,349.72089614217793,664.9380046859219,9.77136677757192,2.0,1.0
72.0,72,301,1111.7428136546519,36.281385630786886,9.77136677757192,2.0,1.0
72.0,72,302,636.5500598847096,995.5773243491562,7.755538950942392,1.0,0.9999999999999999
72.0,72,304,719.9163044079506,407.7786169084629,7.755538950942392,1.0,0.9999999999999999
72.0,72,306,151.9248067955549,594.342529254342,7.755538950942392,1.0,1.0
72.0,72,307,984.5837122726025,487.79855895580044,12.311150689306297,4.0,1.0
72.0,72,309,819.1307738951455,193.64005021169592,7.755538950942392,1.0,1.0
72.0,72,311,696.9445459527067,571.932458959975,9.77136677757192,2.0,0.9999999999999999
72.0,72,314,168.77750564902908,146.11130729574433,7.755538950942392,1.0,1.0
72.0,72,318,1217.0132950627099,600.6006856120846,11.185422719499032,3.0,1.0
72.0,72,319,113.05750523075827,1001.9143678016607,9.77136677757192,2.0,0.9999999999999999
72.0,72,320,1242.3124692636432,118.69063304495684,9.77136677757192,2.0,1.0
72.0,72,322,864.7920236734996,972.0910131440506,9.77136677757192,2.0,0.9999999999999999
72.0,72,323,76.00407584643703,435.2186207030345,9.77136677757192,2.0,1.0
72.0,72,325,204.1196681367455,928.4473437613119,7.755538950942392,1.0,1.0
72.0,72,326,199.7709366951273,475.7103150100243,9.77136677757192,2.0,1.0
72.0,72,327,916.7514374354274,474.2502324132146,7.755538950942392,1.0,1.0
72.0,72,328,686.1606687061989,298.8360033646193,7.755538950942392,1.0,1.0
72.0,72,330,406.3460990646926,860.9689444883959,9.77136677757192,2.0,1.0
72.0,72,331,133.55499926049927,723.2063298461372,14.835812298463562,7.0,1.0
72.0,72,333,627.9887119341774,25.17598206647894,7.755538950942392,1.0,1.0
72.0,72,334,1134.8227100000818,834.5722776376713,7.755538950942392,1.0,1.0
72.0,72,337,585.646900149858,936.4548767831621,9.77136677757192,2.0,1.0
72.0,72,339,819.5318872789835,89.8175485206459,7.755538950942392,1.0,1.0
72.0,72,340,896.053597237803,663.1680861249952,9.771366777571922,2.0,1.0
72.0,72,341,983.0776437813342,609.9141759655344,12.311150689306297,4.0,1.0
72.0,72,342,882.9345403117393,138.74417278124923,9.77136677757192,2.0,1.0
72.0,72,343,130.61805044395766,484.48765578268717,7.755538950942392,1.0,0.9999999999999999
72.0,72,344,726.3677373375004,360.70777728829415,7.755538950942392,1.0,1.0
72.0,72,346,1187.8270955663045,632.0894831846722,7.755538950942392,1.0,1.0
72.0,72,348,405.9635693520799,656.1830163850024,7.755538950942392,1.0,1.0
72.0,72,350,1260.9126431257664,158.38201387843856,7.755538950942392,1.0,1.0
72.0,72,354,474.20409352382563,238.42553783323362,7.755538950942392,1.0,1.0
72.0,72,355,98.05554953095067,489.16468761476295,7.755538950942392,1.0,1.0
72.0,72,356,687.0446073121161,1015.372417371437,7.755538950942392,1.0,1.0
72.0,72,360,678.1446631644823,333.88142872470655,7.755538950942392,1.0,1.0
72.0,72,361,31.081260211846573,632.8064077862277,7.755538950942392,1.0,0.9999999999999999
72.0,72,362,997.9935517978718,704.8255878671382,7.755538950942392,1.0,0.9999999999999999
72.0,72,363,603.8431611637878,509.3208560240126,7.755538950942392,1.0,1.0
72.0,72,364,1331.7330936692215,417.1870056880446,7.755538950942392,1.0,1.0
72.0,72,365,115.18167213251029,73.5349961544799,7.755538950942392,1.0,1.0
72.0,72,366,844.5088991653329,163.45362488686564,7.755538950942392,1.0,1.0
72.0,72,367,1184.1122025477655,989.6101096217872,7.755538950942392,1.0,0.9999999999999999
72.0,72,368,1330.9388710297196,163.17345007718345,12.311150689306297,4.0,1.0
72.0,72,369,865.2496474183408,356.7344518817209,7.755538950942392,1.0,1.0
72.0,72,370,33.94685827947955,992.1543963465915,7.755538950942392,1.0,1.0
72.0,72,371,576.9150743333122,423.62482608511823,7.755538950942392,1.0,1.0
72.0,72,373,872.701847351334,198.52587489206505,7.755538950942392,1.0,0.9999999999999999
72.0,72,374,867.973932085561,72.89675627722515,11.185422719499032,3.0,1.0
72.0,72,380,853.1601255186534,17.965574201041047,9.771366777571922,2.0,1.0
72.0,72,381,816.1898857351385,329.08734418068957,9.77136677757192,2.0,1.0
72.0,72,382,1334.3863421742979,271.73028625128734,9.77136677757192,2.0,1.0
72.0,72,383,928.2077837503515,498.6692965604071,9.771366777571922,2.0,1.0
72.0,72,385,698.0410674259318,539.4676621114243,7.755538950942392,1.0,1.0
72.0,72,387,818.6376471832868,264.78108360753174,9.77136677757192,2.0,1.0
72.0,72,388,188.1869334095623,647.0253559727662,7.755538950942392,1.0,1.0
72.0,72,390,367.03750624537156,166.24465017497272,12.311150689306299,4.0,1.0
72.0,72,391,736.4592736502639,503.9202548224366,13.261785059625714,5.0,1.0
72.0,72,393,264.2943985691137,898.7723514926485,7.755538950942392,1.0,0.9999999999999999
72.0,72,396,1044.7820916385763,354.8841930282636,9.77136677757192,2.0,1.0
72.0,72,399,527.4237379229647,620.1389389233657,11.185422719499032,3.0,1.0
72.0,72,400,228.90491524359436,381.11314480151015,7.755538950942392,1.0,1.0
72.0,72,403,641.2565756249378,542.1599951914764,7.755538950942392,1.0,1.0
72.0,72,405,761.4226449830941,370.73063103388176,12.311150689306297,4.0,1.0
72.0,72,406,263.50430803857495,791.6566722755897,14.092749536269183,6.0,1.0
72.0,72,409,573.7758979305557,872.346292411457,12.311150689306299,4.0,0.9999999999999999
72.0,72,410,569.2655509381992,538.5559631455567,9.771366777571922,2.0,0.9999999999999999
72.0,72,412,751.1682681402185,648.9042393166649,9.77136677757192,2.0,1.0
72.0,72,414,1209.3454247865645,495.75755474068734,7.755538950942392,1.0,1.0
72.0,72,415,1136.0160309586727,696.539941240859,7.755538950942392,1.0,1.0
72.0,72,416,394.06596509438265,729.4323936780595,7.755538950942392,1.0,0.9999999999999999
72.0,72,417,905.8036253892004,521.8195273057219,9.77136677757192,2.0,1.0
72.0,72,418,534.2731005978214,683.5562953325352,9.77136677757192,2.0,1.0
72.0,72,419,335.24435166244973,900.9480131420959,9.771366777571922,2.0,1.0
72.0,72,420,690.4367777232574,969.4634347013372,7.755538950942392,1.0,1.0
72.0,72,421,980.9837835420495,349.8577063528584,7.755538950942392,1.0,1.0
72.0,72,422,158.3583753822723,660.5169924319904,7.755538950942392,1.0,1.0
72.0,72,427,538.3092676600521,9.610913997041981,9.77136677757192,2.0,1.0
72.0,72,428,1062.6365282824522,200.94072949155512,9.77136677757192,2.0,1.0
72.0,72,431,271.04819094166396,573.8434479597161,7.755538950942392,1.0,1.0
72.0,72,432,362.5076140465238,772.3455692603969,9.77136677757192,2.0,1.0
72.0,72,433,286.974088164782,600.8451206125167,9.77136677757192,2.0,1.0
72.0,72,435,887.9081073016791,236.93152401909475,7.755538950942392,1.0,1.0
72.0,72,436,305.08886926183834,664.4422808862887,9.77136677757192,2.0,1.0
72.0,72,438,865.1456075616475,716.2654004242393,7.755538950942392,1.0,1.0
72.0,72,439,534.4638218771161,860.2012506562279,12.311150689306299,4.0,0.9999999999999999
72.0,72,440,351.60600151465206,875.1537769698893,7.755538950942392,1.0,0.9999999999999999
72.0,72,441,942.2428641181181,427.86002105507595,9.771366777571922,2.0,0.9999999999999999
72.0,72,442,502.2849124143594,327.4765272570416,7.755538950942392,1.0,1.0
72.0,72,443,215.748048962732,746.1026167071343,7.755538950942392,1.0,1.0
72.0,72,445,1054.7011830268566,39.65390294483928,7.755538950942392,1.0,1.0
72.0,72,446,327.18428261911725,257.7585910779165,7.755538950942392,1.0,1.0
72.0,72,449,1200.303074347376,132.40506917755093,7.755538950942392,1.0,0.9999999999999999
72.0,72,451,1334.44301895967,507.3771132113233,7.755538950942392,1.0,1.0
72.0,72,453,190.12824284399707,1019.847895170363,7.755538950942392,1.0,1.0
72.0,72,455,850.2025578183429,210.23466474789055,12.311150689306299,4.0,1.0
72.0,72,456,314.0684287061722,816.7133561909666,9.77136677757192,2.0,0.9999999999999999
72.0,72,458,1249.6026508324524,175.32033492325388,7.755538950942392,1.0,1.0
72.0,72,459,1309.961651256839,348.3126629669205,9.77136677757192,2.0,0.9999999999999999
72.0,72,461,148.19829710253387,55.38108150563424,9.77136677757192,2.0,1.0
72.0,72,462,1099.1472705626215,301.80929574495565,7.755538950942392,1.0,1.0
72.0,72,464,1336.9074027892796,64.8890577484351,7.755538950942392,1.0,1.0
72.0,72,465,799.8813339886557,177.6059401859572,7.755538950942392,1.0,1.0
72.0,72,466,405.2864884588039,622.8935167792513,9.77136677757192,2.0,1.0
72.0,72,468,1214.5650956413324,907.135949278394,7.755538950942392,1.0,1.0
72.0,72,469,1132.4760991814435,887.473545605746,7.755538950942392,1.0,0.9999999999999999
72.0,72,470,85.07104774385243,413.2271446548565,7.755538950942392,1.0,0.9999999999999999
72.0,72,471,62.6230992133758,483.21882137348007,7.755538950942392,1.0,1.0
72.0,72,472,309.3608538013122,132.4782163727453,7.755538950942392,1.0,1.0
72.0,72,473,389.5981137987269,915.171855759945,7.755538950942392,1.0,1.0
72.0,72,474,85.55591101517786,1001.2537780491456,9.771366777571922,2.0,0.9999999999999999
72.0,72,476,482.5022249021061,132.69795383290395,12.311150689306299,4.0,1.0
72.0,72,477,275.78738390064757,939.9770270126091,11.185422719499032,3.0,0.9999999999999999
72.0,72,479,354.0704017049023,936.3174912987264,7.755538950942392,1.0,1.0
72.0,72,481,591.2366334490234,972.3434951302,11.185422719499034,3.0,1.0
72.0,72,483,559.7986326146489,41.99895896782858,7.755538950942392,1.0,1.0
72.0,72,485,1044.2642018323108,686.7714590170536,7.755538950942392,1.0,1.0
72.0,72,486,402.5851675888537,129.02932691450278,7.755538950942392,1.0,0.9999999999999999
72.0,72,487,1070.1490701500818,963.9724944867875,13.261785059625709,5.0,0.9999999999999999
72.0,72,489,656.9260214146356,147.52786785071072,9.77136677757192,2.0,1.0
72.0,72,490,456.8896303554927,903.895742385251,9.77136677757192,2.0,1.0
72.0,72,491,656.6968457024699,757.1258605656443,11.185422719499034,3.0,0.9999999999999999
72.0,72,493,96.74127064100686,367.82567887736985,7.755538950942392,1.0,1.0
72.0,72,494,815.6893170688235,761.765562253604,9.77136677757192,2.0,1.0
72.0,72,496,697.2341180449588,508.1393505650565,9.771366777571922,2.0,0.9999999999999999
72.0,72,497,1196.083784631047,774.1159647563254,7.755538950942392,1.0,1.0
72.0,72,498,422.86316459244244,481.6263247649613,7.755538950942392,1.0,1.0
72.0,72,500,535.4127499770132,186.72681303097198,7.755538950942392,1.0,1.0
72.0,72,501,519.0990119717102,990.0895658062229,12.311150689306299,4.0,0.9999999999999999
72.0,72,503,539.3598313396251,39.0867468475667,12.311150689306299,4.0,1.0
72.0,72,504,994.0290788833985,205.0524931786851,7.755538950942392,1.0,1.0
72.0,72,506,105.11306528169321,738.760018581244,7.755538950942392,1.0,0.9999999999999999
72.0,72,507,1335.8209747251267,327.21233306413137,7.755538950942392,1.0,1.0
72.0,72,508,1163.9562818209542,522.457375498122,11.185422719499032,3.0,1.0
72.0,72,509,1067.117349810584,866.1795505267912,9.77136677757192,2.0,1.0
72.0,72,510,597.9599068976822,217.40720649474397,13.261785059625714,5.0,1.0
72.0,72,511,520.0816764847784,503.28014138688087,9.77136677757192,2.0,1.0
72.0,72,512,191.5767106563077,864.5680624296208,11.185422719499034,3.0,0.9999999999999999
72.0,72,513,1258.6116736512765,581.6458509909718,14.09274953626919,6.0,1.0
72.0,72,516,1224.144441389125,386.8451350788618,11.185422719499032,3.0,1.0
72.0,72,517,902.5204446507928,834.0392754199584,9.77136677757192,2.0,0.9999999999999999
72.0,72,518,134.47269591480446,523.4460195587286,12.311150689306299,4.0,0.9999999999999999
72.0,72,519,822.5404521287122,384.1332338451283,14.09274953626919,6.0,1.0
72.0,72,520,801.2833753146866,3.3175983793277015,11.185422719499034,3.0,1.0
72.0,72,521,820.6908563332522,52.51975996164572,11.185422719499034,3.0,0.9999999999999999
72.0,72,522,986.9900655414463,977.9125089461827,7.755538950942392,1.0,1.0
72.0,72,523,979.6493348911152,186.34069210396916,7.755538950942392,1.0,1.0
72.0,72,524,863.8721208956979,875.6373290729128,9.77136677757192,2.0,1.0
72.0,72,529,784.2330591960408,569.9180975613288,7.755538950942392,1.0,1.0
72.0,72,530,119.85148024945018,681.6799528363842,9.771366777571922,2.0,1.0
72.0,72,533,826.0455171774512,872.5270070799974,9.771366777571922,2.0,1.0
72.0,72,535,841.7979252639242,142.55079260872162,7.755538950942392,1.0,1.0
72.0,72,536,338.51342677759703,491.5241542316727,7.755538950942392,1.0,1.0
72.0,72,538,547.9346206886299,449.91705864104495,11.185422719499032,3.0,0.9999999999999999
72.0,72,539,965.9604346861732,222.56037140716307,7.755538950942392,1.0,0.9999999999999999
72.0,72,540,304.91807479350564,543.9801550596121,7.755538950942392,1.0,1.0
72.0,72,543,907.9232073464486,409.9551777646374,9.77136677757192,2.0,1.0
72.0,72,546,1029.0693729556228,833.0287123054654,9.77136677757192,2.0,0.9999999999999999
72.0,72,547,495.8804332197009,251.58675132400077,7.755538950942392,1.0,1.0
72.0,72,548,893.077375212848,446.03036922906546,11.185422719499034,3.0,0.9999999999999999
72.0,72,551,1249.069733279577,771.8257007909998,7.755538950942392,1.0,1.0
72.0,72,555,155.22510115262125,194.60760223970465,11.185422719499032,3.0,0.9999999999999999
72.0,72,556,264.791271922873,468.28267529267197,7.755538950942392,1.0,1.0
72.0,72,557,598.7103097374012,323.61998231308354,11.185422719499032,3.0,1.0
72.0,72,558,231.16987730068632,70.65015808693673,7.755538950942392,1.0,1.0
72.0,72,559,1071.4521378135098,76.8762800060697,7.755538950942392,1.0,0.9999999999999999
72.0,72,561,1311.2398282707074,887.8097987133672,7.755538950942392,1.0,1.0
72.0,72,562,184.45349476318182,236.3921365465728,11.185422719499032,3.0,1.0
72.0,72,563,440.7427217080832,421.55948346776137,7.755538950942392,1.0,1.0
72.0,72,564,364.37029035687056,457.19336169265694,11.185422719499032,3.0,1.0
72.0,72,565,1214.8467523182353,748.3024013071313,7.755538950942392,1.0,0.9999999999999999
72.0,72,568,1109.24932184138,159.33020923870743,7.755538950942392,1.0,1.0
72.0,72,569,329.3875539913575,343.0463092419612,7.755538950942392,1.0,1.0
72.0,72,570,1319.5964543167236,562.3148149907485,9.77136677757192,2.0,1.0
72.0,72,573,486.03054407533654,955.95023769623,7.755538950942392,1.0,1.0
72.0,72,574,183.23470284476056,797.5746861169117,7.755538950942392,1.0,1.0
72.0,72,575,671.1251023183988,696.0127502244807,7.755538950942392,1.0,0.9999999999999999
72.0,72,576,814.2435345777712,164.95304496908022,7.755538950942392,1.0,1.0
72.0,72,579,541.1596603023974,274.82442381089436,7.755538950942392,1.0,1.0
72.0,72,581,604.0911339660496,832.262317448279,11.185422719499032,3.0,1.0
72.0,72,582,564.3294046319912,284.36988015930916,9.77136677757192,2.0,0.9999999999999999
72.0,72,583,1219.2707424727614,258.5711092810277,11.185422719499034,3.0,1.0
72.0,72,584,1088.5397699073978,782.0484455224063,7.755538950942392,1.0,0.9999999999999999
72.0,72,586,384.7804505774535,0.01593411635371922,7.755538950942392,1.0,1.0
72.0,72,587,1069.9991552708307,819.9416070585434,9.77136677757192,2.0,1.0
72.0,72,592,874.0966293295343,296.3896731840241,7.755538950942392,1.0,0.9999999999999999
72.0,72,593,688.7509360366078,791.9894411332339,9.77136677757192,2.0,1.0
72.0,72,594,530.0096914864912,897.3518815641751,9.771366777571922,2.0,1.0
72.0,72,598,605.5397831208761,450.0823498562063,11.185422719499032,3.0,1.0
72.0,72,600,540.1074433169274,528.571964777253,11.185422719499034,3.0,0.9999999999999999
72.0,72,602,167.39377368121148,307.57252539751994,7.755538950942392,1.0,1.0
72.0,72,605,796.4618346091996,37.10660576146078,14.09274953626919,6.0,0.9999999999999999
72.0,72,606,1210.2308205214438,639.4207541481034,7.755538950942392,1.0,1.0
72.0,72,607,1169.6264432589178,174.99041093856147,12.311150689306297,4.0,1.0
72.0,72,608,939.066086722144,697.4723709445855,7.755538950942392,1.0,1.0
72.0,72,609,1000.8909947311835,854.1511579754294,7.755538950942392,1.0,1.0
72.0,72,611,961.8589405152339,441.05829649179,9.77136677757192,2.0,1.0
72.0,72,612,350.3342470381665,308.7235780580114,14.09274953626919,6.0,1.0
72.0,72,613,1256.8535189331808,725.7295519950134,7.755538950942392,1.0,0.9999999999999999
72.0,72,614,394.5512754228278,760.4619823751639,12.311150689306299,4.0,0.9999999999999999
72.0,72,619,632.9755228788806,233.9064835945713,7.755538950942392,1.0,1.0
72.0,72,621,179.14957493660484,46.28957446760846,7.755538950942392,1.0,1.0
72.0,72,622,262.0242981736324,47.089799975871166,7.755538950942392,1.0,1.0
72.0,72,625,582.5762674382531,740.6937087544743,7.755538950942392,1.0,1.0
72.0,72,626,896.9286741343451,175.61386079385264,7.755538950942392,1.0,1.0
72.0,72,627,1250.1960808837862,21.899487257777693,12.311150689306299,4.0,1.0
72.0,72,629,806.4131012973241,882.7068238166285,11.185422719499032,3.0,0.9999999999999999
72.0,72,632,401.1792409232438,703.0331306465365,9.771366777571922,2.0,1.0
72.0,72,633,1110.6957928514935,89.45619129296617,9.77136677757192,2.0,1.0
72.0,72,634,991.3152635724601,327.88934117179525,7.755538950942392,1.0,1.0
72.0,72,636,678.9428229433978,932.0569249775293,9.771366777571922,2.0,1.0
72.0,72,638,76.4059289723013,226.19442841070207,7.755538950942392,1.0,1.0
72.0,72,640,35.11539835021286,451.46102140932203,7.755538950942392,1.0,1.0
72.0,72,641,168.29900384925014,926.4042387632219,7.755538950942392,1.0,1.0
72.0,72,644,27.050571933415302,27.406035486270795,9.77136677757192,2.0,0.9999999999999999
72.0,72,646,374.5516844029677,884.8393516201527,11.185422719499032,3.0,1.0
72.0,72,647,172.0944821858382,289.23102166958233,9.771366777571922,2.0,1.0
72.0,72,649,1114.380588033798,117.86080060063532,9.77136677757192,2.0,1.0
72.0,72,654,1284.6991652618858,132.59786259402944,11.185422719499034,3.0,1.0
72.0,72,655,578.8105183020873,699.7125676799207,7.755538950942392,1.0,1.0
72.0,72,658,568.5855173433462,341.01932200831556,14.092749536269185,6.0,0.9999999999999999
72.0,72,659,1301.170434420313,967.7394506235919,9.771366777571922,2.0,1.0
72.0,72,662,1133.8623864893784,957.2782084615338,7.755538950942392,1.0,0.9999999999999999
72.0,72,665,1038.0581641551362,117.21609558037045,11.185422719499032,3.0,1.0
72.0,72,666,1231.8421940812996,998.5218475700424,12.311150689306299,4.0,1.0
72.0,72,667,193.88656211345966,85.14285295135015,7.755538950942392,1.0,1.0
72.0,72,668,236.75467002269951,949.9145677863937,7.755538950942392,1.0,1.0
72.0,72,671,1027.7142930096777,87.58954086485241,7.755538950942392,1.0,0.9999999999999999
72.0,72,672,804.763608569212,973.852255632741,7.755538950942392,1.0,1.0
72.0,72,674,1059.2595970113757,634.9836588499548,7.755538950942392,1.0,1.0
72.0,72,675,395.4528821020817,497.9357143802822,7.755538950942392,1.0,1.0
72.0,72,676,1282.3312094813323,862.8141644428674,9.77136677757192,2.0,1.0
72.0,72,678,118.10022562461896,245.91486783338866,9.77136677757192,2.0,1.0
72.0,72,680,868.1526737272139,607.8801545440327,7.755538950942392,1.0,1.0
72.0,72,682,1218.8772164182333,84.1751609608799,7.755538950942392,1.0,1.0
72.0,72,684,1309.7458500837658,935.2509199598811,11.185422719499034,3.0,1.0
72.0,72,686,893.3424714623774,311.9370344852569,7.755538950942392,1.0,1.0
72.0,72,687,1203.6360065145475,284.84837926313935,12.311150689306297,4.0,1.0
72.0,72,688,238.63536356169212,488.49440630970435,7.755538950942392,1.0,0.9999999999999999
72.0,72,689,435.9520802942443,615.4649654767553,7.755538950942392,1.0,0.9999999999999999
72.0,72,692,726.3644873393513,293.4451158922028,7.755538950942392,1.0,1.0
72.0,72,694,1105.1257797899393,880.032416794966,7.755538950942392,1.0,1.0
72.0,72,698,667.0055435922096,102.34162283703934,7.755538950942392,1.0,1.0
72.0,72,700,445.59734221229394,504.2256502822076,11.185422719499032,3.0,1.0
72.0,72,702,696.3889930976908,32.93654208351871,7.755538950942392,1.0,1.0
72.0,72,704,141.03522618633238,258.91432290453014,9.771366777571922,2.0,1.0
72.0,72,705,406.2050143358207,409.62228219990783,11.185422719499034,3.0,1.0
72.0,72,706,299.34415869164934,200.62778758324797,11.185422719499032,3.0,1.0
72.0,72,707,252.41735033019592,253.5991509581898,11.185422719499032,3.0,0.9999999999999999
72.0,72,710,816.2775907314214,669.2360416419103,7.755538950942392,1.0,1.0
72.0,72,716,1320.83822108815,667.4003047225367,9.77136677757192,2.0,0.9999999999999999
72.0,72,717,526.1477397432369,653.2535506509201,13.26178505962571,5.0,0.9999999999999999
72.0,72,718,437.89487318259484,160.126336226863,7.755538950942392,1.0,1.0
72.0,72,720,635.6873342875507,831.8089502031156,9.77136677757192,2.0,1.0
72.0,72,722,1005.1626478169877,780.0188330344914,11.185422719499032,3.0,1.0
72.0,72,723,428.05370182838925,595.6095670337635,11.185422719499032,3.0,1.0
72.0,72,724,892.7530083389004,620.8068718725561,7.755538950942392,1.0,1.0
72.0,72,726,1266.2453224002666,46.12537675725249,9.771366777571922,2.0,1.0
72.0,72,728,1037.746454001046,388.5952282849839,7.755538950942392,1.0,1.0
72.0,72,729,567.1139362373998,102.27132457977048,9.771366777571922,2.0,0.9999999999999999
72.0,72,730,690.3436827185359,460.9861832877606,9.77136677757192,2.0,1.0
72.0,72,732,509.39884700619336,160.7902896600106,11.185422719499032,3.0,1.0
72.0,72,733,246.00042250958933,280.96653202599225,11.185422719499034,3.0,1.0
72.0,72,734,1334.63702752122,21.759922495475934,7.755538950942392,1.0,0.9999999999999999
72.0,72,735,725.1101448701725,5.984918800058077,7.755538950942392,1.0,1.0
72.0,72,737,1101.257157082517,482.65287212047303,11.185422719499032,3.0,1.0
72.0,72,740,1245.6598796359651,963.309287265907,7.755538950942392,1.0,1.0
72.0,72,743,743.3616682405675,178.38772031572486,9.77136677757192,2.0,1.0
72.0,72,745,1086.3404561640216,499.9671171798049,9.77136677757192,2.0,1.0
72.0,72,746,1274.32027543261,381.0319577166895,9.77136677757192,2.0,1.0
72.0,72,747,630.291498478041,740.4486630389822,7.755538950942392,1.0,1.0
72.0,72,748,1228.704438057139,335.1977345065163,7.755538950942392,1.0,1.0
72.0,72,750,792.8651077912466,247.07466904718606,9.77136677757192,2.0,1.0
72.0,72,752,1309.117966189908,698.1900418410354,9.771366777571922,2.0,1.0
72.0,72,753,643.6267645191698,471.6807672422037,9.771366777571922,2.0,1.0
72.0,72,754,548.7741214430579,727.9624305612014,7.755538950942392,1.0,1.0
72.0,72,755,941.4548510442203,129.90924293001953,7.755538950942392,1.0,0.9999999999999999
72.0,72,757,778.2666978198557,481.81744381467075,9.77136677757192,2.0,1.0
72.0,72,758,646.5055420733387,414.85539253188296,9.77136677757192,2.0,1.0
72.0,72,759,57.5506007023981,618.869832254506,11.185422719499032,3.0,1.0
72.0,72,760,156.16718157174506,1012.952444777309,11.185422719499034,3.0,1.0
72.0,72,762,992.8187254110022,51.561022639409885,11.185422719499032,3.0,1.0
72.0,72,764,220.38880139817508,661.3928036200127,7.755538950942392,1.0,1.0
72.0,72,765,723.3314176949668,472.74633369021797,11.185422719499034,3.0,1.0
72.0,72,766,360.23957007878164,3.966475985063981,9.77136677757192,2.0,1.0
72.0,72,767,350.50099987348943,594.3227862614909,7.755538950942392,1.0,1.0
72.0,72,768,717.1296437065276,646.6887814360396,14.835812298463562,7.0,1.0
72.0,72,769,10.27464701639232,682.2605338065109,12.311150689306299,4.0,1.0
72.0,72,772,1026.423170544382,917.7369472199879,7.755538950942392,1.0,1.0
72.0,72,773,930.0879227159261,657.079962952499,7.755538950942392,1.0,1.0
72.0,72,774,74.38785089776901,856.550930276033,11.185422719499034,3.0,1.0
72.0,72,775,694.5571899225033,864.7401922526295,7.755538950942392,1.0,1.0
72.0,72,776,1084.5495312741525,152.56084960439102,9.77136677757192,2.0,1.0
72.0,72,777,391.40132034450045,326.0993802811904,7.755538950942392,1.0,1.0
72.0,72,780,238.07801440361104,683.8119042435696,11.185422719499032,3.0,0.9999999999999999
72.0,72,781,423.9500266443108,197.14616658222977,7.755538950942392,1.0,1.0
72.0,72,782,143.1026324821172,561.0754074246955,11.185422719499032,3.0,1.0
72.0,72,783,172.9160372478957,707.2242600132683,13.26178505962571,5.0,0.9999999999999999
72.0,72,786,485.88598982989623,835.3464054232296,7.755538950942392,1.0,1.0
72.0,72,787,739.6393954000137,854.8619375718578,11.185422719499032,3.0,1.0
72.0,72,788,1123.5545658019644,407.89111156468954,7.755538950942392,1.0,0.9999999999999999
72.0,72,789,394.7026788391554,971.8073724542171,11.185422719499034,3.0,1.0
72.0,72,790,711.3174196818825,918.9840755373331,9.77136677757192,2.0,1.0
72.0,72,791,929.1641180154703,962.1166566332053,11.185422719499032,3.0,1.0
72.0,72,792,559.1163143632319,767.4710341179165,15.511077901884784,8.0,1.0
72.0,72,795,241.2356282741032,840.5870581151638,11.185422719499032,3.0,0.9999999999999999
72.0,72,796,233.31800353260113,315.27473117310956,7.755538950942392,1.0,1.0
72.0,72,798,1019.0301644555432,465.8861036840726,7.755538950942392,1.0,1.0
72.0,72,799,31.48596553668898,201.40528838251967,7.755538950942392,1.0,1.0
72.0,72,800,340.9150815128335,729.24725261495,9.77136677757192,2.0,1.0
72.0,72,801,1238.091120652996,93.47320051771192,7.755538950942392,1.0,1.0
72.0,72,805,714.2722564963082,973.3226909992584,9.77136677757192,2.0,0.9999999999999999
72.0,72,806,381.86675907153904,675.2199910625411,9.771366777571922,2.0,1.0
72.0,72,809,1192.3869626519581,465.68354326795475,9.77136677757192,2.0,1.0
72.0,72,810,1056.501285199541,144.26944518786303,9.77136677757192,2.0,1.0
72.0,72,811,822.5499378255452,544.3604007686048,11.185422719499034,3.0,1.0
72.0,72,812,50.838073239661014,409.3324389460349,7.755538950942392,1.0,1.0
72.0,72,815,472.002608653358,577.3910852112188,9.77136677757192,2.0,1.0
72.0,72,817,1192.0890863634222,728.6986962494136,9.77136677757192,2.0,1.0
72.0,72,818,274.5443470110844,1009.2222560069428,7.755538950942392,1.0,1.0
72.0,72,819,1030.3244669579228,944.18730752433,7.755538950942392,1.0,1.0
72.0,72,820,1106.881702898097,589.2216374193216,7.755538950942392,1.0,1.0
72.0,72,821,1310.0865423627613,36.29152921239402,13.261785059625714,5.0,1.0
72.0,72,823,474.6140547078622,690.2444852776297,7.755538950942392,1.0,1.0
72.0,72,824,553.4644536331789,167.2738825264032,7.755538950942392,1.0,0.9999999999999999
72.0,72,826,982.2558022366845,836.5536787674389,7.755538950942392,1.0,1.0
72.0,72,828,151.4989983566174,823.6372797657497,9.77136677757192,2.0,1.0
72.0,72,829,774.4850742948303,146.15707792019825,9.77136677757192,2.0,1.0
72.0,72,830,440.1184228961159,756.5196893356613,9.771366777571922,2.0,1.0
72.0,72,831,835.1922332945072,613.1602752394346,9.771366777571922,2.0,1.0
72.0,72,832,1046.6145112456086,463.43469224366316,11.185422719499034,3.0,0.9999999999999999
72.0,72,833,460.0283487902972,319.573017761818,11.185422719499034,3.0,1.0
72.0,72,837,946.5260391884577,634.9341140093497,11.185422719499034,3.0,1.0
72.0,72,838,309.92473028060635,306.94561326472115,7.755538950942392,1.0,1.0
72.0,72,839,964.1881566358245,97.23952005089137,7.755538950942392,1.0,1.0
72.0,72,840,751.7701358649008,679.9465487317251,7.755538950942392,1.0,1.0
72.0,72,841,895.3577200581668,583.3468941521292,11.185422719499032,3.0,1.0
72.0,72,842,43.88915459442495,513.9148799041977,7.755538950942392,1.0,0.9999999999999999
72.0,72,843,939.5975792980873,903.6722784427861,7.755538950942392,1.0,1.0
72.0,72,845,1342.4530946465575,628.2120380989396,7.755538950942392,1.0,1.0
72.0,72,846,690.1221336680009,435.20171686802155,9.77136677757192,2.0,1.0
72.0,72,848,586.5391939146498,629.3530053134294,13.261785059625714,5.0,0.9999999999999999
72.0,72,851,1317.7091543022761,646.8765884747909,9.77136677757192,2.0,1.0
72.0,72,853,479.3674200012784,803.5812186595089,11.185422719499032,3.0,1.0
72.0,72,855,598.6411442427772,592.7433941791594,7.755538950942392,1.0,1.0
72.0,72,857,746.1897992101995,897.5705567728855,9.771366777571922,2.0,1.0
72.0,72,859,897.2977831459739,774.8857264126364,9.771366777571922,2.0,0.9999999999999999
72.0,72,860,7.298385530693629,261.0542710423175,9.771366777571922,2.0,1.0
72.0,72,861,996.6237063142747,75.54989174020612,7.755538950942392,1.0,1.0
72.0,72,862,301.52587663941887,579.1965971385929,7.755538950942392,1.0,1.0
72.0,72,865,842.7417094119975,110.7758169169671,7.755538950942392,1.0,1.0
72.0,72,866,932.3644538442309,21.430953396373287,9.77136677757192,2.0,0.9999999999999999
72.0,72,868,1296.3529870578948,807.7774702095587,14.092749536269187,6.0,1.0
72.0,72,869,1322.0473851453924,121.13724503195225,11.185422719499034,3.0,1.0
72.0,72,870,234.68711928858022,184.05131423287438,7.755538950942392,1.0,1.0
72.0,72,871,710.252340918973,748.5155334198047,12.311150689306299,4.0,0.9999999999999999
72.0,72,872,1040.2207944823797,436.83233840070005,7.755538950942392,1.0,0.9999999999999999
72.0,72,873,64.64384255529444,388.1253059932874,7.755538950942392,1.0,1.0
72.0,72,877,173.80363335680119,434.97647643279953,7.755538950942392,1.0,1.0
72.0,72,879,707.6320249831999,334.0493458616524,7.755538950942392,1.0,0.9999999999999999
72.0,72,882,285.48182511285614,633.3811754270149,7.755538950942392,1.0,1.0
72.0,72,883,10.535759691316402,148.77150291284275,9.77136677757192,2.0,1.0
72.0,72,884,650.2884592916258,339.81358470345293,9.77136677757192,2.0,1.0
72.0,72,886,80.40035495989294,650.7905939297216,9.77136677757192,2.0,1.0
72.0,72,887,451.09297684015206,244.96364473741153,12.311150689306299,4.0,1.0
72.0,72,890,1270.917215929441,251.66537326557722,11.185422719499032,3.0,1.0
72.0,72,892,339.4268600039675,46.67765617453228,7.755538950942392,1.0,1.0
72.0,72,894,1192.1399676554772,4.004366600281053,9.771366777571922,2.0,1.0
72.0,72,896,231.30140359371075,928.8688501055697,7.755538950942392,1.0,0.9999999999999999
72.0,72,897,731.780004257237,584.0525589146566,9.77136677757192,2.0,1.0
72.0,72,898,1079.6068919719098,293.2927970861325,9.77136677757192,2.0,0.9999999999999999
72.0,72,899,1194.0738188484909,837.0383424117715,12.311150689306297,4.0,1.0
72.0,72,901,1050.9269366251679,3.8488796875688354,11.185422719499032,3.0,1.0
72.0,72,903,288.41078674776264,376.3225790011011,14.835812298463557,7.0,1.0
72.0,72,905,711.8206525281344,875.8371669238692,9.77136677757192,2.0,1.0
72.0,72,907,1157.4187547377783,930.9144085416252,9.771366777571922,2.0,1.0
72.0,72,910,1275.8637258571166,786.5880182312115,9.77136677757192,2.0,1.0
72.0,72,911,330.47945798280244,88.15022418148891,7.755538950942392,1.0,1.0
72.0,72,912,437.21271929888127,888.8259224994435,7.755538950942392,1.0,1.0
72.0,72,913,314.3520147587323,734.6114670940116,7.755538950942392,1.0,1.0
72.0,72,914,867.3013385118833,381.26428546379606,11.185422719499034,3.0,1.0
72.0,72,915,43.68380685879574,60.928128598411604,7.755538950942392,1.0,0.9999999999999999
72.0,72,916,831.9294324351813,306.83731261533717,7.755538950942392,1.0,0.9999999999999999
72.0,72,921,1232.5757363183222,472.84160699726306,7.755538950942392,1.0,0.9999999999999999
72.0,72,924,644.5175911220208,1024.5491319272098,9.77136677757192,2.0,1.0
72.0,72,925,895.5147901524963,356.1102617196312,11.185422719499034,3.0,1.0
72.0,72,926,229.22760005699297,91.87544294828623,11.185422719499032,3.0,0.9999999999999999
72.0,72,927,1265.2652341877954,87.14027162323005,12.311150689306297,4.0,1.0
72.0,72,928,523.6233588729453,953.7292507650631,7.755538950942392,1.0,1.0
72.0,72,930,811.4988893220155,567.6143908383189,11.185422719499032,3.0,0.9999999999999999
72.0,72,932,1280.9019926169744,543.4178908928972,11.185422719499032,3.0,1.0
72.0,72,933,1022.3342594539306,197.94744991271804,7.755538950942392,1.0,1.0
72.0,72,934,321.4099787431853,19.338420262051066,13.261785059625714,5.0,1.0
72.0,72,935,296.496984925855,794.8290935706239,7.755538950942392,1.0,1.0
72.0,72,936,525.7682021191083,402.63425458330937,9.77136677757192,2.0,1.0
72.0,72,937,928.7542966993894,1000.4765894026642,9.77136677757192,2.0,1.0
72.0,72,939,1161.237909549726,135.64274052798729,9.77136677757192,2.0,1.0
72.0,72,941,50.01606511319556,951.9935534265405,11.185422719499032,3.0,0.9999999999999999
72.0,72,947,416.4944234752515,74.3388345974252,7.755538950942392,1.0,1.0
72.0,72,949,1211.400047193524,27.921481665016472,11.185422719499032,3.0,0.9999999999999999
72.0,72,950,384.18792098410626,644.5951108086077,9.77136677757192,2.0,1.0
72.0,72,951,99.67760528082349,322.21400706274403,11.185422719499032,3.0,1.0
72.0,72,952,182.71889970707326,174.87612800183174,7.755538950942392,1.0,1.0
72.0,72,953,583.3791278794598,140.05886780578498,9.77136677757192,2.0,1.0
72.0,72,954,1313.6484590126747,202.4048668112214,7.755538950942392,1.0,1.0
72.0,72,955,475.23398731574684,415.18277470797585,9.77136677757192,2.0,1.0
72.0,72,956,1071.5983947471857,613.7069903924861,9.77136677757192,2.0,1.0
72.0,72,957,265.34702859704163,543.3573738400097,12.311150689306297,4.0,1.0
72.0,72,959,185.60661895514832,900.1171422749537,9.77136677757192,2.0,1.0
72.0,72,961,276.9099736345334,175.90162701932823,9.77136677757192,2.0,1.0
72.0,72,962,1304.8196752680353,844.3839513184054,12.311150689306299,4.0,0.9999999999999999
72.0,72,963,394.5212257441899,193.35851354618492,9.77136677757192,2.0,1.0
72.0,72,965,861.6436388340196,475.2755450502128,7.755538950942392,1.0,1.0
72.0,72,969,433.5920368324971,465.02337859454786,9.77136677757192,2.0,1.0
72.0,72,971,1166.2913683540107,816.3502563105208,7.755538950942392,1.0,0.9999999999999999
72.0,72,972,492.18151184491404,601.364213276937,11.185422719499032,3.0,0.9999999999999999
72.0,72,975,30.10766479594951,719.4335173120426,7.755538950942392,1.0,1.0
72.0,72,977,1031.002646285432,155.32781140103026,7.755538950942392,1.0,1.0
72.0,72,980,336.23349235789186,753.4872105435967,7.755538950942392,1.0,1.0
72.0,72,981,993.555641947313,404.39755278101853,7.755538950942392,1.0,1.0
72.0,72,983,925.7469596296728,535.0001431319215,7.755538950942392,1.0,1.0
72.0,72,985,1252.5996535348502,919.9957020060313,12.311150689306299,4.0,1.0
72.0,72,986,1156.9946495614458,778.3753876995937,12.311150689306295,4.0,1.0
72.0,72,987,1170.6297740092339,872.6088661861771,7.755538950942392,1.0,1.0
72.0,72,988,1127.4755000764696,611.3984576839083,7.755538950942392,1.0,1.0
72.0,72,989,542.7452534564377,941.7978284557415,9.77136677757192,2.0,1.0
72.0,72,995,35.058397577657686,6.672995944775242,11.185422719499032,3.0,1.0
72.0,72,996,264.1079577995765,864.4075622710242,9.77136677757192,2.0,1.0
72.0,72,998,8.71683022791329,979.0068922353436,7.755538950942392,1.0,0.9999999999999999
72.0,72,999,1063.9359260966753,427.3324783595252,7.755538950942392,1.0,1.0
72.0,72,1000,169.90602258001846,876.9091829650731,9.77136677757192,2.0,1.0
73.0,73,1,112.86597405409978,934.2309816299099,7.755538950942392,1.0,1.0
73.0,73,3,948.9577715035637,306.6175705092533,13.261785059625714,5.0,1.0
73.0,73,6,456.4314056004232,97.68928592708721,7.755538950942392,1.0,0.9999999999999999
73.0,73,8,357.6161637248396,212.30260770972723,16.132171110904203,9.0,1.0
73.0,73,9,1070.1094012347055,403.2148337887579,7.755538950942392,1.0,1.0
73.0,73,10,1150.8365560853993,296.7033548708465,7.755538950942392,1.0,1.0
73.0,73,11,848.631497638633,944.9819742467033,9.77136677757192,2.0,1.0
73.0,73,15,1003.7034414080263,306.4676022422513,7.755538950942392,1.0,1.0
73.0,73,17,191.99014343400324,265.8540768635859,7.755538950942392,1.0,1.0
73.0,73,18,646.3162018342555,648.3742850133652,7.755538950942392,1.0,1.0
73.0,73,20,345.37611752786694,959.4093492621763,7.755538950942392,1.0,0.9999999999999999
73.0,73,21,255.83752450242002,81.10562645034075,7.755538950942392,1.0,1.0
73.0,73,22,141.56414931536528,462.72745598393846,9.77136677757192,2.0,1.0
73.0,73,23,1.064173544350146,818.6292407845758,9.77136677757192,2.0,1.0
73.0,73,27,524.361422031959,547.9679891273137,7.755538950942392,1.0,0.9999999999999999
73.0,73,28,909.7103273536399,898.1082473329184,7.755538950942392,1.0,1.0
73.0,73,29,1106.6839105033255,1024.653202539872,13.261785059625714,5.0,1.0
73.0,73,31,970.4958088322252,145.54548306685413,7.755538950942392,1.0,0.9999999999999999
73.0,73,35,191.74365692743362,748.0604137803183,7.755538950942392,1.0,1.0
73.0,73,37,864.4403982783041,910.7786572816905,9.771366777571922,2.0,1.0
73.0,73,38,958.4264381273942,726.897776724095,7.755538950942392,1.0,1.0
73.0,73,39,1330.094727517469,1003.4191399381518,7.755538950942392,1.0,1.0
73.0,73,40,961.4103971380555,936.9832304198487,9.77136677757192,2.0,0.9999999999999999
73.0,73,41,431.234096977112,281.56163982282044,9.77136677757192,2.0,0.9999999999999999
73.0,73,43,784.3635521550842,824.9490115080041,7.755538950942392,1.0,1.0
73.0,73,44,745.0646032449843,61.49809959422028,11.185422719499032,3.0,1.0
73.0,73,45,883.3684149002285,954.3408449524775,7.755538950942392,1.0,1.0
73.0,73,46,1146.0070609110007,351.93823841325843,7.755538950942392,1.0,1.0
73.0,73,51,1326.0284224913983,229.21804723509445,9.77136677757192,2.0,1.0
73.0,73,53,135.840550092998,112.04610559123111,7.755538950942392,1.0,1.0
73.0,73,55,1248.7130389038568,616.0772202820043,7.755538950942392,1.0,1.0
73.0,73,57,1058.508727393934,726.2660162169827,12.311150689306295,4.0,1.0
73.0,73,59,38.38551111019448,147.63748373542688,7.755538950942392,1.0,1.0
73.0,73,60,48.26477010338135,235.4375022251386,9.77136677757192,2.0,1.0
73.0,73,61,881.8228696304576,993.7177474794746,9.771366777571922,2.0,1.0
73.0,73,62,576.1272469262171,1024.5235488864364,7.755538950942392,1.0,1.0
73.0,73,63,1135.1300691577505,629.1955297140208,7.755538950942392,1.0,1.0
73.0,73,65,699.3277268379544,832.4991840214753,7.755538950942392,1.0,1.0
73.0,73,66,963.6216980981857,1016.5381918414282,9.771366777571922,2.0,1.0
73.0,73,67,1083.9744873707984,249.77588180672743,13.261785059625712,5.0,1.0
73.0,73,68,1239.4340808099264,657.8793786433982,7.755538950942392,1.0,0.9999999999999999
73.0,73,70,1149.7132109192094,477.31364745282366,7.755538950942392,1.0,1.0
73.0,73,71,770.3657087397686,784.9693068115357,9.771366777571922,2.0,1.0
73.0,73,73,538.0473063318058,307.18916640437374,7.755538950942392,1.0,1.0
73.0,73,77,426.72824785281193,829.5283704879481,11.185422719499032,3.0,1.0
73.0,73,78,1107.383639284034,179.99498951691191,7.755538950942392,1.0,1.0
73.0,73,79,826.2859798339385,236.52268453165556,9.77136677757192,2.0,0.9999999999999999
73.0,73,80,1011.7381211458306,355.9605504027429,7.755538950942392,1.0,0.9999999999999999
73.0,73,81,611.8475233727717,6.191957932861983,9.77136677757192,2.0,1.0
73.0,73,83,1195.7363763839726,416.2785123430796,7.755538950942392,1.0,1.0
73.0,73,85,118.73555131757,789.7786041518535,7.755538950942392,1.0,1.0
73.0,73,86,1027.7304848908216,511.65414748867556,9.77136677757192,2.0,1.0
73.0,73,87,706.6900539884924,123.82541875935995,7.755538950942392,1.0,1.0
73.0,73,88,73.74628644948335,502.16465156833146,7.755538950942392,1.0,1.0
73.0,73,90,802.2027612634321,416.7683627030861,7.755538950942392,1.0,1.0
73.0,73,91,53.49296751414931,14.708731094237073,7.755538950942392,1.0,0.9999999999999999
73.0,73,92,1098.5204004068837,697.5770686564199,7.755538950942392,1.0,1.0
73.0,73,93,287.2252491338909,292.82034293903536,9.77136677757192,2.0,1.0
73.0,73,94,647.1387250272297,894.641773193597,12.311150689306299,4.0,1.0
73.0,73,97,942.7671479065754,63.47750435457326,12.311150689306297,4.0,0.9999999999999999
73.0,73,100,364.1491596816228,813.2993314253401,7.755538950942392,1.0,1.0
73.0,73,101,17.145286877215092,615.1371263608115,7.755538950942392,1.0,1.0
73.0,73,103,219.99095543274635,19.746590194849272,7.755538950942392,1.0,1.0
73.0,73,104,378.75498557297885,581.4634286378868,7.755538950942392,1.0,1.0
73.0,73,107,437.50917201378724,137.84697056987628,7.755538950942392,1.0,1.0
73.0,73,110,648.3967366728075,618.9035064288046,7.755538950942392,1.0,1.0
73.0,73,116,1156.6509212198405,55.51672911974854,11.185422719499032,3.0,1.0
73.0,73,118,280.5209475359202,439.2635246933014,9.77136677757192,2.0,0.9999999999999999
73.0,73,119,1040.1881762102087,558.1323847584413,11.185422719499032,3.0,1.0
73.0,73,121,107.8116977790655,218.45784586627062,11.185422719499034,3.0,1.0
73.0,73,122,848.6224158988015,264.9304853436243,13.261785059625714,5.0,1.0
73.0,73,123,1292.1760382920845,586.57989122451,11.185422719499034,3.0,1.0
73.0,73,125,425.4403173197781,1010.0857189208742,11.185422719499034,3.0,0.9999999999999999
73.0,73,126,1343.2255974476225,470.6110189732047,7.755538950942392,1.0,1.0
73.0,73,127,839.1629250138727,560.2415284349738,7.755538950942392,1.0,0.9999999999999999
73.0,73,129,780.6261006264322,674.5924859432373,7.755538950942392,1.0,1.0
73.0,73,130,1203.7731340933374,438.79676484213184,7.755538950942392,1.0,1.0
73.0,73,131,1245.4604102896492,306.43766114003887,7.755538950942392,1.0,1.0
73.0,73,132,1284.1156541951655,175.68424577101337,12.311150689306297,4.0,0.9999999999999999
73.0,73,134,116.03472422348753,830.1120628020348,9.77136677757192,2.0,1.0
73.0,73,135,1012.8852073869211,595.909449688847,7.755538950942392,1.0,0.9999999999999999
73.0,73,138,487.1604328306051,0.9387475389454158,7.755538950942392,1.0,1.0
73.0,73,142,1295.0344619457735,294.2722191917302,7.755538950942392,1.0,1.0
73.0,73,143,614.6169170798044,108.83317921234081,14.09274953626919,6.0,1.0
73.0,73,144,1272.8863901973452,967.1185682601699,9.77136677757192,2.0,0.9999999999999999
73.0,73,145,116.3879633931762,866.7591661953535,9.77136677757192,2.0,1.0
73.0,73,146,1056.129906368252,526.0120348227191,7.755538950942392,1.0,0.9999999999999999
73.0,73,148,546.8337154981655,143.89334456844423,9.77136677757192,2.0,1.0
73.0,73,149,174.6072763739595,983.4405840809393,7.755538950942392,1.0,1.0
73.0,73,150,705.9281235581124,383.67482829534646,12.311150689306299,4.0,1.0
73.0,73,151,471.34783070722494,668.2009719348315,7.755538950942392,1.0,1.0
73.0,73,152,1161.921984256578,673.9682709946715,7.755538950942392,1.0,0.9999999999999999
73.0,73,153,59.07295563142737,547.7027185270348,9.77136677757192,2.0,0.9999999999999999
73.0,73,156,876.3597724820241,806.2779788377612,7.755538950942392,1.0,1.0
73.0,73,160,1054.5698123039735,763.1116236882533,7.755538950942392,1.0,1.0
73.0,73,163,78.8852181313518,62.577125911998614,7.755538950942392,1.0,0.9999999999999999
73.0,73,164,361.9328575274218,76.4033808393794,9.771366777571922,2.0,1.0
73.0,73,165,144.97735231082703,4.9407175590336445,7.755538950942392,1.0,0.9999999999999999
73.0,73,166,494.87541885539986,96.74156674596072,12.311150689306297,4.0,1.0
73.0,73,170,975.2586880693837,688.7800917104704,7.755538950942392,1.0,1.0
73.0,73,172,821.4957643440059,814.5299877866605,7.755538950942392,1.0,1.0
73.0,73,173,5.527828380701915,57.667511067831306,11.185422719499034,3.0,1.0
73.0,73,174,966.7868042485715,746.6976859678722,7.755538950942392,1.0,1.0
73.0,73,175,1330.4654662581859,861.5606924927285,9.77136677757192,2.0,1.0
73.0,73,181,472.5170384703665,935.6603348945932,11.185422719499032,3.0,0.9999999999999999
73.0,73,186,223.77785699669738,620.8091389820877,12.311150689306297,4.0,1.0
73.0,73,187,611.0709113874277,900.6336899922748,7.755538950942392,1.0,1.0
73.0,73,188,596.2947196263333,280.2234337870299,9.771366777571922,2.0,1.0
73.0,73,189,822.4218705908884,923.9764380617111,7.755538950942392,1.0,1.0
73.0,73,191,1075.9468852407022,754.3970062926344,9.77136677757192,2.0,0.9999999999999999
73.0,73,193,352.09799706641655,104.09131420395585,7.755538950942392,1.0,1.0
73.0,73,199,197.54142548628784,544.5744192708817,16.132171110904203,9.0,1.0
73.0,73,201,143.6832757682949,427.0626668404214,9.77136677757192,2.0,1.0
73.0,73,208,1036.5233838073545,281.09971121306853,9.77136677757192,2.0,1.0
73.0,73,210,103.15728526114654,1024.5574695337448,11.185422719499034,3.0,0.9999999999999999
73.0,73,213,483.5974597635273,743.8606471725923,7.755538950942392,1.0,1.0
73.0,73,214,31.832406965711915,253.13191478070829,7.755538950942392,1.0,1.0
73.0,73,215,351.5677536749976,431.7337984305648,9.77136677757192,2.0,1.0
73.0,73,218,670.9426357081203,309.55520748516756,7.755538950942392,1.0,0.9999999999999999
73.0,73,219,302.3449850287997,103.80282591274305,7.755538950942392,1.0,1.0
73.0,73,220,310.4370691728321,925.3861888599939,12.311150689306299,4.0,1.0
73.0,73,221,109.60114403924777,177.977353393785,12.311150689306299,4.0,1.0
73.0,73,224,564.6601747267277,245.51791725302982,9.771366777571922,2.0,0.9999999999999999
73.0,73,228,891.2359243865162,23.539584792412768,12.311150689306299,4.0,1.0
73.0,73,230,1136.427040741445,725.7588110778624,7.755538950942392,1.0,1.0
73.0,73,231,741.9130688803355,310.9476365859647,9.771366777571922,2.0,0.9999999999999999
73.0,73,232,500.6509588941532,226.82947254991805,7.755538950942392,1.0,1.0
73.0,73,238,908.1407917378609,863.5388738547591,7.755538950942392,1.0,1.0
73.0,73,239,1200.3396571595538,926.3150594072933,7.755538950942392,1.0,1.0
73.0,73,241,1223.603299245746,528.3109916772705,12.311150689306297,4.0,0.9999999999999999
73.0,73,242,740.4429029144915,26.811133357073473,7.755538950942392,1.0,1.0
73.0,73,243,67.96446162927663,687.479513385198,7.755538950942392,1.0,1.0
73.0,73,245,737.3172486006462,788.0002219249187,9.77136677757192,2.0,1.0
73.0,73,247,382.7558968137102,214.86635159517377,7.755538950942392,1.0,1.0
73.0,73,248,462.51216629171034,184.245401429394,9.77136677757192,2.0,1.0
73.0,73,250,514.1841781176944,807.2966714894563,7.755538950942392,1.0,1.0
73.0,73,255,1335.9209402595352,822.8163765832355,9.77136677757192,2.0,1.0
73.0,73,256,926.1292617154692,725.3480697129955,7.755538950942392,1.0,1.0
73.0,73,257,608.956710366142,37.532203551297464,7.755538950942392,1.0,1.0
73.0,73,259,743.1032044838272,149.2041798071713,11.185422719499032,3.0,1.0
73.0,73,260,1092.783030632507,808.8378817819219,7.755538950942392,1.0,1.0
73.0,73,261,257.67716102154003,423.5742872386952,7.755538950942392,1.0,1.0
73.0,73,262,843.6618851185572,988.8869817849848,9.77136677757192,2.0,1.0
73.0,73,263,92.11567926166992,144.7227051541505,11.185422719499034,3.0,0.9999999999999999
73.0,73,264,937.9667080737428,815.8473780747568,7.755538950942392,1.0,1.0
73.0,73,265,0.27302852230309327,435.4662330851079,7.755538950942392,1.0,1.0
73.0,73,268,1022.4035611826124,225.68801406451595,7.755538950942392,1.0,1.0
73.0,73,269,119.14926693694142,378.83804966164615,9.771366777571922,2.0,0.9999999999999999
73.0,73,270,338.7253607082701,409.91660743404765,9.771366777571922,2.0,1.0
73.0,73,272,230.11742969596938,292.3764479330656,7.755538950942392,1.0,1.0
73.0,73,273,620.7913229478665,584.3084717466946,7.755538950942392,1.0,1.0
73.0,73,274,796.8952522979354,851.7898700069717,7.755538950942392,1.0,1.0
73.0,73,275,1176.643284118452,385.9225168385201,7.755538950942392,1.0,1.0
73.0,73,276,1099.5174757410732,529.7735485204454,7.755538950942392,1.0,1.0
73.0,73,278,1247.8093595865705,359.6555618197135,12.311150689306299,4.0,1.0
73.0,73,279,128.1312587941622,631.1178061443695,11.185422719499032,3.0,1.0
73.0,73,280,349.9986519656359,977.8549058497081,7.755538950942392,1.0,1.0
73.0,73,281,1189.833258603784,553.6498660356872,11.185422719499032,3.0,1.0
73.0,73,283,675.8734167800573,599.1277874616873,9.77136677757192,2.0,1.0
73.0,73,284,74.0794273803959,801.3300119803924,7.755538950942392,1.0,1.0
73.0,73,285,857.3656104593555,642.0181489220148,7.755538950942392,1.0,0.9999999999999999
73.0,73,286,1140.3649671563178,256.17268973246183,7.755538950942392,1.0,1.0
73.0,73,287,97.28928098061445,716.974127330474,7.755538950942392,1.0,1.0
73.0,73,289,1244.6071316376815,817.8163513425247,12.311150689306299,4.0,1.0
73.0,73,291,500.1964977359032,356.64551408854584,7.755538950942392,1.0,0.9999999999999999
73.0,73,294,621.3779467793544,429.9352901550612,7.755538950942392,1.0,1.0
73.0,73,295,45.48231579799136,749.5866207194589,12.311150689306297,4.0,1.0
73.0,73,300,350.6283118566064,665.3582388125803,9.77136677757192,2.0,1.0
73.0,73,301,1112.4272041160016,37.01050132559357,9.77136677757192,2.0,0.9999999999999999
73.0,73,302,636.2446027821147,994.6251185108658,7.755538950942392,1.0,0.9999999999999999
73.0,73,304,720.9143342178428,407.7158753865921,7.755538950942392,1.0,0.9999999999999999
73.0,73,306,152.29837234549493,595.270133038238,7.755538950942392,1.0,1.0
73.0,73,307,984.2408663761431,488.73795061601515,12.311150689306297,4.0,1.0
73.0,73,309,818.1788489054762,193.94638142793616,7.755538950942392,1.0,1.0
73.0,73,311,697.9442641812254,571.9087215724327,9.77136677757192,2.0,0.9999999999999999
73.0,73,314,168.78639960576885,145.11134684775976,7.755538950942392,1.0,1.0
73.0,73,318,1217.5465652060523,599.7547406054679,11.185422719499032,3.0,1.0
73.0,73,319,112.51189432438814,1001.076329175552,9.77136677757192,2.0,1.0
73.0,73,320,1242.0559570974117,119.65717404697133,9.77136677757192,2.0,1.0
73.0,73,322,863.9240114953951,971.594470236879,9.77136677757192,2.0,1.0
73.0,73,323,76.48166313125108,436.09720501053374,9.77136677757192,2.0,1.0
73.0,73,325,205.08820669657362,928.1984802281737,7.755538950942392,1.0,1.0
73.0,73,326,199.52615168781003,476.67989239228564,9.77136677757192,2.0,1.0
73.0,73,327,917.4795677075823,474.9356711827423,7.755538950942392,1.0,1.0
73.0,73,328,686.4068459185218,299.80522819928507,7.755538950942392,1.0,1.0
73.0,73,330,405.53355143348654,861.5518392876705,9.77136677757192,2.0,0.9999999999999999
73.0,73,331,134.06022221968976,722.3433409924972,14.835812298463562,7.0,1.0
73.0,73,333,627.6875252902256,26.1295472742676,7.755538950942392,1.0,1.0
73.0,73,334,1135.1291023024273,833.6203723077864,7.755538950942392,1.0,0.9999999999999999
73.0,73,337,585.3435825989333,935.5019872495325,9.77136677757192,2.0,0.9999999999999999
73.0,73,339,818.7014182838464,89.26048366973896,7.755538950942392,1.0,1.0
73.0,73,340,895.0965188753195,663.4579153989924,9.771366777571922,2.0,1.0
73.0,73,341,983.8356415691836,610.566433087853,12.311150689306297,4.0,1.0
73.0,73,342,882.6311256065795,137.79131417857369,9.77136677757192,2.0,1.0
73.0,73,343,130.60762866789076,485.4876014745043,7.755538950942392,1.0,1.0
73.0,73,344,725.5838056892865,361.3286244280383,7.755538950942392,1.0,1.0
73.0,73,346,1186.8285568703302,632.143524582157,7.755538950942392,1.0,0.9999999999999999
73.0,73,348,405.6880984475868,655.2217069755104,7.755538950942392,1.0,1.0
73.0,73,350,1261.1736630654495,157.41668046915044,7.755538950942392,1.0,1.0
73.0,73,354,475.050936266151,238.95738120281806,7.755538950942392,1.0,1.0
73.0,73,355,98.45548208069164,488.24814304102,7.755538950942392,1.0,1.0
73.0,73,356,688.0420277770728,1015.3006370392723,7.755538950942392,1.0,1.0
73.0,73,360,677.239834144971,333.45565361335036,7.755538950942392,1.0,1.0
73.0,73,361,31.074025509578853,631.8064339570286,7.755538950942392,1.0,1.0
73.0,73,362,996.9966346834757,704.7471259845191,7.755538950942392,1.0,1.0
73.0,73,363,603.123355876924,510.0150320456404,7.755538950942392,1.0,1.0
73.0,73,364,1331.495781944048,416.21557213648526,7.755538950942392,1.0,1.0
73.0,73,365,114.18628169992812,73.63090176810012,7.755538950942392,1.0,1.0
73.0,73,366,844.4476073288897,164.45174477484775,7.755538950942392,1.0,1.0
73.0,73,367,1183.7339634002997,990.5358175386402,7.755538950942392,1.0,1.0
73.0,73,368,1331.6618275618916,163.86434359473137,12.311150689306297,4.0,0.9999999999999999
73.0,73,369,865.3656626202934,357.7276993196314,7.755538950942392,1.0,1.0
73.0,73,370,34.30493853580593,991.2207055358682,7.755538950942392,1.0,0.9999999999999999
73.0,73,371,576.3597186310432,422.79321316797626,7.755538950942392,1.0,0.9999999999999999
73.0,73,373,872.8974446863707,197.54519059907034,7.755538950942392,1.0,1.0
73.0,73,374,868.704154658643,73.57996561100329,11.185422719499032,3.0,0.9999999999999999
73.0,73,380,853.6221137557073,17.078688149271244,9.771366777571922,2.0,1.0
73.0,73,381,816.332277735118,330.0771545253222,9.77136677757192,2.0,1.0
73.0,73,382,1334.4796040572419,272.7259278641128,9.77136677757192,2.0,1.0
73.0,73,383,929.207299406034,498.7004165547118,9.771366777571922,2.0,1.0
73.0,73,385,697.2966034541992,540.1353247468862,7.755538950942392,1.0,1.0
73.0,73,387,819.3711027844728,265.4608209693775,9.77136677757192,2.0,1.0
73.0,73,388,187.18939998131177,646.95516295657,7.755538950942392,1.0,1.0
73.0,73,390,366.1656577835612,166.7344258987881,12.311150689306299,4.0,0.9999999999999999
73.0,73,391,736.9632156347278,504.7839923267136,13.261785059625714,5.0,1.0
73.0,73,393,265.25583385056,899.0473827628529,7.755538950942392,1.0,1.0
73.0,73,396,1044.464065175818,355.8322748649135,9.77136677757192,2.0,1.0
73.0,73,399,527.2187528231983,619.1601738295491,11.185422719499032,3.0,1.0
73.0,73,400,229.85590510130567,381.4223668746715,7.755538950942392,1.0,1.0
73.0,73,403,642.023897936699,541.5187335678987,7.755538950942392,1.0,0.9999999999999999
73.0,73,405,760.5256304993164,370.2886298846828,12.311150689306297,4.0,1.0
73.0,73,406,262.7635462820871,790.9849044435784,14.092749536269183,6.0,1.0
73.0,73,409,572.7787449594085,872.4216976641405,12.311150689306299,4.0,0.9999999999999999
73.0,73,410,568.3419147763207,538.1726926921294,9.771366777571922,2.0,1.0
73.0,73,412,750.6755889357048,648.0340283069438,9.77136677757192,2.0,1.0
73.0,73,414,1208.9285594207486,496.6665229836877,7.755538950942392,1.0,1.0
73.0,73,415,1135.7482413722867,695.5764638215994,7.755538950942392,1.0,1.0
73.0,73,416,395.0644588238676,729.4872596254147,7.755538950942392,1.0,1.0
73.0,73,417,906.5620611780511,521.1677795368798,9.77136677757192,2.0,0.9999999999999999
73.0,73,418,535.128363856745,684.0744890780933,9.77136677757192,2.0,0.9999999999999999
73.0,73,419,335.7263498510742,901.8241853547132,9.771366777571922,2.0,1.0
73.0,73,420,689.8695457980499,968.6398766019747,7.755538950942392,1.0,1.0
73.0,73,421,980.0164176261754,350.1110898266782,7.755538950942392,1.0,1.0
73.0,73,422,157.73958769369906,659.7314341614145,7.755538950942392,1.0,0.9999999999999999
73.0,73,427,537.3621632047732,9.93183945690908,9.77136677757192,2.0,1.0
73.0,73,428,1061.813463822404,201.5086774597754,9.77136677757192,2.0,1.0
73.0,73,431,270.71523704163656,574.7863910653468,7.755538950942392,1.0,0.9999999999999999
73.0,73,432,363.0232332655182,771.4887514145255,9.77136677757192,2.0,1.0
73.0,73,433,286.6432426226134,599.9014356930509,9.77136677757192,2.0,1.0
73.0,73,435,888.9077822341713,236.90602834599648,7.755538950942392,1.0,1.0
73.0,73,436,306.0879385645103,664.485414729829,9.77136677757192,2.0,1.0
73.0,73,438,864.2367312961198,715.8483345613824,7.755538950942392,1.0,1.0
73.0,73,439,535.2927817313981,860.7605587645087,12.311150689306299,4.0,1.0
73.0,73,440,352.11816469621846,874.294888807526,7.755538950942392,1.0,1.0
73.0,73,441,941.4576839903924,427.24075361121606,9.771366777571922,2.0,1.0
73.0,73,442,501.3016964986269,327.2940814759166,7.755538950942392,1.0,0.9999999999999999
73.0,73,443,216.74096270608825,745.9837794307673,7.755538950942392,1.0,1.0
73.0,73,445,1053.8383706949344,39.14837858352437,7.755538950942392,1.0,1.0
73.0,73,446,326.2076894483366,257.5434962644397,7.755538950942392,1.0,1.0
73.0,73,449,1200.9552402191016,131.6469928781217,7.755538950942392,1.0,1.0
73.0,73,451,1334.083826347132,506.44384976132756,7.755538950942392,1.0,1.0
73.0,73,453,189.5911853760008,1019.004349512992,7.755538950942392,1.0,0.9999999999999999
73.0,73,455,851.1477936510054,210.56105289205476,12.311150689306299,4.0,1.0
73.0,73,456,313.12875254388797,817.0554215502692,9.77136677757192,2.0,0.9999999999999999
73.0,73,458,1248.6987348345217,175.748044951994,7.755538950942392,1.0,0.9999999999999999
73.0,73,459,1310.9580727389093,348.39718651434475,9.77136677757192,2.0,1.0
73.0,73,461,147.22027153699523,55.58956650066461,9.77136677757192,2.0,0.9999999999999999
73.0,73,462,1099.5688927063766,300.9025241265779,7.755538950942392,1.0,1.0
73.0,73,464,1337.154372533025,63.92003455693022,7.755538950942392,1.0,1.0
73.0,73,465,799.0074782411994,178.09212547228077,7.755538950942392,1.0,1.0
73.0,73,466,404.31598341023835,623.1345975763064,9.77136677757192,2.0,1.0
73.0,73,468,1213.6058235206021,907.4184329033878,7.755538950942392,1.0,1.0
73.0,73,469,1133.406935752473,887.8389813429616,7.755538950942392,1.0,0.9999999999999999
73.0,73,470,84.07769546472053,413.1120305829822,7.755538950942392,1.0,1.0
73.0,73,471,63.622913968263305,483.19957414227014,7.755538950942392,1.0,1.0
73.0,73,472,308.373861632567,132.63898471177896,7.755538950942392,1.0,0.9999999999999999
73.0,73,473,388.9759612398148,914.3889597301688,7.755538950942392,1.0,1.0
73.0,73,474,85.96111842774398,1002.1680028315714,9.771366777571922,2.0,1.0
73.0,73,476,482.57863489233074,133.6950303161257,12.311150689306299,4.0,1.0
73.0,73,477,276.73553003977855,940.2948617162697,11.185422719499032,3.0,1.0
73.0,73,479,353.66303943468745,935.4042246450017,7.755538950942392,1.0,0.9999999999999999
73.0,73,481,590.387118113117,972.8710590543454,11.185422719499034,3.0,1.0
73.0,73,483,560.7887486456124,41.85870831638904,7.755538950942392,1.0,1.0
73.0,73,485,1044.612892698147,687.7086968097628,7.755538950942392,1.0,1.0
73.0,73,486,403.26212881301484,128.29330823200738,7.755538950942392,1.0,1.0
73.0,73,487,1070.4287022847905,964.9326017043618,13.261785059625709,5.0,1.0
73.0,73,489,657.9193796373429,147.64293062218613,9.77136677757192,2.0,1.0
73.0,73,490,456.02077312342476,903.4006796515665,9.77136677757192,2.0,1.0
73.0,73,491,656.3125962615887,758.0490898801607,11.185422719499034,3.0,0.9999999999999999
73.0,73,493,96.53046055677244,366.84815184020664,7.755538950942392,1.0,1.0
73.0,73,494,814.6921753831142,761.6900079114328,9.77136677757192,2.0,1.0
73.0,73,496,696.709754418731,508.9908450086609,9.771366777571922,2.0,1.0
73.0,73,497,1195.1012576221342,773.9298446962647,7.755538950942392,1.0,0.9999999999999999
73.0,73,498,422.7965233369486,480.62854776429117,7.755538950942392,1.0,1.0
73.0,73,500,536.3797774306724,186.9814851807435,7.755538950942392,1.0,0.9999999999999999
73.0,73,501,518.2150811503934,989.6219481171582,12.311150689306299,4.0,1.0
73.0,73,503,540.3458385537615,38.920044197104716,12.311150689306299,4.0,0.9999999999999999
73.0,73,504,994.7186617143446,205.7766999994651,7.755538950942392,1.0,1.0
73.0,73,506,105.11400303863692,739.7600181415498,7.755538950942392,1.0,0.9999999999999999
73.0,73,507,1336.7320695641843,327.6245298548061,7.755538950942392,1.0,1.0
73.0,73,508,1164.9487510523613,522.3348813157693,11.185422719499032,3.0,0.9999999999999999
73.0,73,509,1066.4846618144115,865.4051437218759,9.77136677757192,2.0,1.0
73.0,73,510,598.0953087376381,218.39799726061563,13.261785059625714,5.0,1.0
73.0,73,511,520.3716242621773,502.3230989184494,9.77136677757192,2.0,1.0
73.0,73,512,190.92445571016907,863.8100627691739,11.185422719499034,3.0,1.0
73.0,73,513,1259.2467432385192,582.4183059212812,14.09274953626919,6.0,0.9999999999999999
73.0,73,516,1223.6991791733428,385.9497348559465,11.185422719499032,3.0,1.0
73.0,73,517,901.542365709889,833.8310409718941,9.77136677757192,2.0,1.0
73.0,73,518,134.85653384574027,522.5226190807263,12.311150689306299,4.0,1.0
73.0,73,519,822.2735436789648,385.0969557341883,14.09274953626919,6.0,1.0
73.0,73,520,801.4939345548215,2.3400172796772476,11.185422719499034,3.0,1.0
73.0,73,521,821.6893880417524,52.46558960887145,11.185422719499034,3.0,1.0
73.0,73,522,987.0782929519962,978.9086093045943,7.755538950942392,1.0,1.0
73.0,73,523,978.793472132442,186.85789509923913,7.755538950942392,1.0,1.0
73.0,73,524,863.2280281174008,876.4022764521133,9.77136677757192,2.0,1.0
73.0,73,529,784.9237978995242,570.6412020098769,7.755538950942392,1.0,1.0
73.0,73,530,120.85068274738998,681.6400232970573,9.771366777571922,2.0,1.0
73.0,73,533,826.254435627486,873.504940145823,9.771366777571922,2.0,1.0
73.0,73,535,842.4230988555563,141.7703068751391,7.755538950942392,1.0,1.0
73.0,73,536,339.06634401459263,490.69091805324956,7.755538950942392,1.0,1.0
73.0,73,538,548.0255498852737,450.9129160009102,11.185422719499032,3.0,1.0
73.0,73,539,965.8447697039758,221.5670831247932,7.755538950942392,1.0,1.0
73.0,73,540,303.92077264004644,544.0535608816264,7.755538950942392,1.0,1.0
73.0,73,543,907.2684705163402,409.1993208447779,9.77136677757192,2.0,0.9999999999999999
73.0,73,546,1029.7329920900681,832.2806416908855,9.77136677757192,2.0,1.0
73.0,73,547,496.0131056543545,252.57791126320487,7.755538950942392,1.0,1.0
73.0,73,548,893.569753756689,446.9007503924444,11.185422719499034,3.0,0.9999999999999999
73.0,73,551,1250.0488342378758,771.6223259807151,7.755538950942392,1.0,1.0
73.0,73,555,154.95907942830738,195.57156927347347,11.185422719499032,3.0,1.0
73.0,73,556,265.6304859824714,468.8264765083495,7.755538950942392,1.0,1.0
73.0,73,557,598.8783584247714,322.6342036164821,11.185422719499032,3.0,1.0
73.0,73,558,232.1144861497128,70.97835638422188,7.755538950942392,1.0,1.0
73.0,73,559,1071.392741276601,77.8745144732182,7.755538950942392,1.0,1.0
73.0,73,561,1310.369007048485,887.3181988771925,7.755538950942392,1.0,1.0
73.0,73,562,183.78984142824507,237.1401768202395,11.185422719499032,3.0,1.0
73.0,73,563,440.9883593300222,420.590121740289,7.755538950942392,1.0,1.0
73.0,73,564,364.5092387008967,456.2030620623973,11.185422719499032,3.0,1.0
73.0,73,565,1215.813889344004,748.5566570315248,7.755538950942392,1.0,0.9999999999999999
73.0,73,568,1108.2906711077137,159.6147944998181,7.755538950942392,1.0,0.9999999999999999
73.0,73,569,330.3788360599862,342.9145524189306,7.755538950942392,1.0,0.9999999999999999
73.0,73,570,1320.583462857148,562.4754827881717,9.77136677757192,2.0,1.0
73.0,73,573,485.43160447397213,955.1494434942547,7.755538950942392,1.0,0.9999999999999999
73.0,73,574,184.13986902473692,797.9997439795928,7.755538950942392,1.0,1.0
73.0,73,575,672.0276848118085,695.5822332763934,7.755538950942392,1.0,1.0
73.0,73,576,815.0441573895304,165.55221365425228,7.755538950942392,1.0,0.9999999999999999
73.0,73,579,541.983471549,274.25755960319475,7.755538950942392,1.0,1.0
73.0,73,581,604.9020941807062,831.6772161491485,12.311150689306299,4.0,1.0
73.0,73,582,564.7132018980099,285.29329753980215,9.77136677757192,2.0,0.9999999999999999
73.0,73,583,1220.2630725432248,258.44749281265047,11.185422719499034,3.0,1.0
73.0,73,584,1087.5420284181025,781.9812746913956,7.755538950942392,1.0,1.0
73.0,73,586,384.2559074942371,0.8673180214457678,7.755538950942392,1.0,1.0
73.0,73,587,1069.1515973173791,820.4723099090547,9.77136677757192,2.0,1.0
73.0,73,592,874.4038299573214,295.43802841086176,7.755538950942392,1.0,1.0
73.0,73,593,688.1181862903138,792.763797484383,9.77136677757192,2.0,0.9999999999999999
73.0,73,594,529.2803459130012,896.667736086641,9.771366777571922,2.0,1.0
73.0,73,598,604.7226921391457,449.5058411159648,11.185422719499032,3.0,0.9999999999999999
73.0,73,600,540.3601707460198,527.6044272603658,11.185422719499034,3.0,1.0
73.0,73,602,166.47358969444787,307.1810392157666,7.755538950942392,1.0,1.0
73.0,73,605,796.6994685880566,38.07796053294883,14.09274953626919,6.0,1.0
73.0,73,606,1209.901016538741,638.4767047145494,7.755538950942392,1.0,1.0
73.0,73,607,1170.5622473366386,174.63789040281753,12.311150689306297,4.0,1.0
73.0,73,608,939.7939031408926,698.1581429625331,7.755538950942392,1.0,0.9999999999999999
73.0,73,609,1001.841506921343,853.8404707108722,7.755538950942392,1.0,1.0
73.0,73,611,962.7930513784427,440.70131344564436,9.77136677757192,2.0,1.0
73.0,73,612,349.6801825539042,309.4800168529094,14.09274953626919,6.0,1.0
73.0,73,613,1257.4711274530878,726.5160376694781,7.755538950942392,1.0,1.0
73.0,73,614,394.15055259166473,759.5457830450044,12.311150689306299,4.0,1.0
73.0,73,619,633.57520089374,234.70672498221282,7.755538950942392,1.0,1.0
73.0,73,621,178.7479033596968,47.20535825448407,7.755538950942392,1.0,1.0
73.0,73,622,261.28077903924435,46.42108531564695,7.755538950942392,1.0,0.9999999999999999
73.0,73,625,582.0268326860814,739.8581721286427,7.755538950942392,1.0,1.0
73.0,73,626,896.2681239007103,176.3646426455546,7.755538950942392,1.0,1.0
73.0,73,627,1250.404627272218,20.921474781440086,12.311150689306299,4.0,1.0
73.0,73,629,805.5383069758645,882.2223293428292,11.185422719499032,3.0,0.9999999999999999
73.0,73,632,400.7769968619643,703.9486631228394,9.771366777571922,2.0,1.0
73.0,73,633,1110.0275377198593,90.20012346665179,9.77136677757192,2.0,1.0
73.0,73,634,991.2464536865458,326.8917113809407,7.755538950942392,1.0,1.0
73.0,73,636,678.6735028133683,933.0199756862467,9.771366777571922,2.0,1.0
73.0,73,638,75.41137896127888,226.09016779697222,7.755538950942392,1.0,1.0
73.0,73,640,34.20130770970409,451.8665313363698,7.755538950942392,1.0,1.0
73.0,73,641,167.29918759607108,926.3850695201751,7.755538950942392,1.0,0.9999999999999999
73.0,73,644,27.29517662015241,28.3756583754531,9.77136677757192,2.0,0.9999999999999999
73.0,73,646,375.3497790633524,885.4418837048298,11.185422719499032,3.0,1.0
73.0,73,647,172.96017784595554,289.7315923679397,9.771366777571922,2.0,0.9999999999999999
73.0,73,649,1115.3535150197474,118.09191330044011,9.77136677757192,2.0,1.0
73.0,73,654,1283.741395679054,132.31032576821042,11.185422719499034,3.0,1.0
73.0,73,655,578.3499310396539,700.6001821084222,7.755538950942392,1.0,1.0
73.0,73,658,569.1042428373388,341.87426286117153,14.092749536269185,6.0,1.0
73.0,73,659,1301.5282947066846,968.6732257653889,9.771366777571922,2.0,1.0
73.0,73,662,1134.095794645269,956.3058296090469,7.755538950942392,1.0,1.0
73.0,73,665,1038.1372144529475,118.21296620909614,11.185422719499032,3.0,1.0
73.0,73,666,1231.930073996634,999.5179786459961,12.311150689306299,4.0,1.0
73.0,73,667,193.19062172649322,85.86095251115297,7.755538950942392,1.0,1.0
73.0,73,668,237.70568010908408,950.2237276408296,7.755538950942392,1.0,0.9999999999999999
73.0,73,671,1026.9148519861496,88.19028544443721,7.755538950942392,1.0,1.0
73.0,73,672,804.6192952561628,972.8627235879458,7.755538950942392,1.0,1.0
73.0,73,674,1058.9565371502597,634.0306873285649,7.755538950942392,1.0,1.0
73.0,73,675,396.36578381878115,497.5275349397819,7.755538950942392,1.0,1.0
73.0,73,676,1281.5120350095244,862.2406200376655,9.77136677757192,2.0,1.0
73.0,73,678,118.84088001065125,246.58675404432853,9.77136677757192,2.0,1.0
73.0,73,680,868.1033132447542,606.8813735155929,7.755538950942392,1.0,1.0
73.0,73,682,1218.5804780511728,85.13011977753864,7.755538950942392,1.0,1.0
73.0,73,684,1308.755462709388,935.3892415007662,11.185422719499034,3.0,1.0
73.0,73,686,892.41228446621,312.30412051354074,7.755538950942392,1.0,1.0
73.0,73,687,1202.6381148170556,284.9132804193437,12.311150689306297,4.0,1.0
73.0,73,688,237.64673570178215,488.6447890035552,7.755538950942392,1.0,0.9999999999999999
73.0,73,689,436.55904591246724,616.2596935675482,7.755538950942392,1.0,0.9999999999999999
73.0,73,692,726.3618990793448,292.44511924175333,7.755538950942392,1.0,1.0
73.0,73,694,1104.7148659082027,879.1207426306968,7.755538950942392,1.0,1.0
73.0,73,698,666.0329421666229,102.57410179726298,7.755538950942392,1.0,1.0
73.0,73,700,446.59663726844377,504.2631921355779,11.185422719499032,3.0,1.0
73.0,73,702,695.9650899171863,33.8422495934568,7.755538950942392,1.0,1.0
73.0,73,704,140.27970366855584,259.5694455839823,9.771366777571922,2.0,1.0
73.0,73,705,406.66075569248056,408.73216995090223,11.185422719499034,3.0,1.0
73.0,73,706,298.8058316569429,201.47052360579846,11.185422719499032,3.0,1.0
73.0,73,707,251.44486080429093,253.83209756581718,11.185422719499032,3.0,0.9999999999999999
73.0,73,710,815.2795069593943,669.29791881069,7.755538950942392,1.0,0.9999999999999999
73.0,73,716,1319.838260294245,667.4091597015278,9.77136677757192,2.0,0.9999999999999999
73.0,73,717,526.3367406838545,654.2355275571891,13.26178505962571,5.0,1.0
73.0,73,718,438.5388560757264,160.89137611690398,7.755538950942392,1.0,1.0
73.0,73,720,634.7959495466807,832.2621976451869,9.77136677757192,2.0,1.0
73.0,73,722,1006.0078757137688,779.4844270067344,11.185422719499032,3.0,1.0
73.0,73,723,428.91122037891637,596.1240200787558,11.185422719499032,3.0,1.0
73.0,73,724,893.6324099068123,621.2829526244817,7.755538950942392,1.0,1.0
73.0,73,726,1265.722257684366,46.97766972506333,9.771366777571922,2.0,1.0
73.0,73,728,1036.747475003964,388.64040530778345,7.755538950942392,1.0,1.0
73.0,73,729,567.0441936466576,101.27375955881367,9.771366777571922,2.0,1.0
73.0,73,730,690.2766748968704,461.9839357379383,9.77136677757192,2.0,1.0
73.0,73,732,508.40504458491733,160.90145056800395,11.185422719499032,3.0,1.0
73.0,73,733,245.59967074475048,280.0503453512482,11.185422719499034,3.0,1.0
73.0,73,734,1335.0570168082572,20.85239343325587,7.755538950942392,1.0,1.0
73.0,73,735,724.1498634673217,6.263952180389013,7.755538950942392,1.0,1.0
73.0,73,737,1100.8081604616386,483.54640557504524,11.185422719499032,3.0,1.0
73.0,73,740,1246.033137073441,964.2370150737089,7.755538950942392,1.0,1.0
73.0,73,743,743.2529829849822,177.39364410374796,9.77136677757192,2.0,1.0
73.0,73,745,1085.7072704573075,499.193117269719,9.77136677757192,2.0,1.0
73.0,73,746,1274.0480143410414,381.99418113046505,9.77136677757192,2.0,1.0
73.0,73,747,630.2490695572617,741.4477625268619,7.755538950942392,1.0,0.9999999999999999
73.0,73,748,1229.6480827941143,335.5286946406393,7.755538950942392,1.0,1.0
73.0,73,750,793.6980967874705,247.627958602636,9.77136677757192,2.0,1.0
73.0,73,752,1308.118307529659,698.2161677475139,9.771366777571922,2.0,1.0
73.0,73,753,642.7822707151336,472.216332564965,9.771366777571922,2.0,0.9999999999999999
73.0,73,754,548.8336147669054,726.9642018577383,7.755538950942392,1.0,0.9999999999999999
73.0,73,755,941.6109778798807,128.92150591482437,7.755538950942392,1.0,0.9999999999999999
73.0,73,757,777.275047240873,481.9463977956228,9.77136677757192,2.0,1.0
73.0,73,758,645.505643751399,414.84113259561735,9.77136677757192,2.0,1.0
73.0,73,759,58.054194780077474,618.0058918601927,11.185422719499032,3.0,0.9999999999999999
73.0,73,760,155.71928375976555,1012.0583600218054,11.185422719499034,3.0,1.0
73.0,73,762,992.5787946676404,50.590232632049975,11.185422719499032,3.0,1.0
73.0,73,764,221.29220041421428,661.8216045269841,7.755538950942392,1.0,0.9999999999999999
73.0,73,765,722.5812299638251,472.0851087904718,11.185422719499034,3.0,1.0
73.0,73,766,360.3232605839828,2.969984189142322,9.77136677757192,2.0,1.0
73.0,73,767,349.94149102044463,595.1516106357492,7.755538950942392,1.0,1.0
73.0,73,768,717.889465326591,646.0386498296057,14.835812298463562,7.0,1.0
73.0,73,769,11.154970870706382,682.7349069840047,12.311150689306299,4.0,1.0
73.0,73,772,1026.028853274221,918.6559215887561,7.755538950942392,1.0,0.9999999999999999
73.0,73,773,929.7028501493505,656.1570766548052,7.755538950942392,1.0,1.0
73.0,73,774,74.4564674777923,855.553287171037,11.185422719499034,3.0,1.0
73.0,73,775,694.9304551952295,865.667916907997,7.755538950942392,1.0,1.0
73.0,73,776,1084.6616441237506,151.56715412339344,9.77136677757192,2.0,1.0
73.0,73,777,391.08332675635575,325.15128741764863,7.755538950942392,1.0,1.0
73.0,73,780,238.14449075640056,682.81411624278,11.185422719499032,3.0,1.0
73.0,73,781,424.6661676278077,196.4482109305182,7.755538950942392,1.0,1.0
73.0,73,782,144.06292661875756,560.7964178708872,11.185422719499032,3.0,1.0
73.0,73,783,173.56582328115167,706.4641428440204,13.26178505962571,5.0,0.9999999999999999
73.0,73,786,485.9302146378683,834.3473838186785,7.755538950942392,1.0,1.0
73.0,73,787,739.1751098534369,855.7476231431752,11.185422719499032,3.0,1.0
73.0,73,788,1123.8669735415585,408.8410596707678,7.755538950942392,1.0,1.0
73.0,73,789,395.58132388872394,971.3298969293274,11.185422719499034,3.0,1.0
73.0,73,790,711.615566765453,919.9385954777002,9.77136677757192,2.0,0.9999999999999999
73.0,73,791,928.788708782355,961.1897974703916,11.185422719499032,3.0,1.0
73.0,73,792,560.0858514137442,767.7159788212355,15.511077901884784,8.0,1.0
73.0,73,795,242.13427335713536,840.1483816800295,11.185422719499032,3.0,1.0
73.0,73,796,232.96502268465505,316.2103617203788,7.755538950942392,1.0,1.0
73.0,73,798,1020.0155312291536,465.71565626853163,7.755538950942392,1.0,1.0
73.0,73,799,30.62601669023506,200.89490815025889,7.755538950942392,1.0,1.0
73.0,73,800,341.9147569655968,729.2727278802599,9.77136677757192,2.0,0.9999999999999999
73.0,73,801,1237.6017004284342,92.60115244346957,7.755538950942392,1.0,1.0
73.0,73,805,714.191516968231,972.3259557643008,9.77136677757192,2.0,1.0
73.0,73,806,381.88010928282966,676.2199019444994,9.771366777571922,2.0,1.0
73.0,73,809,1192.3264203178098,464.68537763752266,9.77136677757192,2.0,1.0
73.0,73,810,1057.0534395672846,145.10318708688303,9.77136677757192,2.0,1.0
73.0,73,811,822.1279171455876,543.4538145643813,11.185422719499034,3.0,1.0
73.0,73,812,49.88168119745547,409.04035289432085,7.755538950942392,1.0,1.0
73.0,73,815,471.0348173593611,577.1393313408139,9.77136677757192,2.0,1.0
73.0,73,817,1191.209905553443,728.222207945922,9.77136677757192,2.0,0.9999999999999999
73.0,73,818,274.4036691126041,1010.2123114240176,7.755538950942392,1.0,1.0
73.0,73,819,1031.2241360328476,944.623880033341,7.755538950942392,1.0,1.0
73.0,73,820,1105.9489098228757,588.8612250460333,7.755538950942392,1.0,1.0
73.0,73,821,1309.274153185763,36.87464483137204,13.261785059625714,5.0,1.0
73.0,73,823,474.49252897360344,689.2518969964613,7.755538950942392,1.0,1.0
73.0,73,824,554.2408342311335,166.64361816352076,7.755538950942392,1.0,1.0
73.0,73,826,981.7145535403257,835.7128162051316,7.755538950942392,1.0,1.0
73.0,73,828,152.17978677441428,822.9047996430203,9.77136677757192,2.0,0.9999999999999999
73.0,73,829,773.6095079525113,145.673980021012,9.77136677757192,2.0,1.0
73.0,73,830,439.5858892054575,755.673280528811,9.771366777571922,2.0,1.0
73.0,73,831,835.9876382637204,612.5541969153288,9.771366777571922,2.0,0.9999999999999999
73.0,73,832,1046.562759228552,464.4333522101836,11.185422719499034,3.0,1.0
73.0,73,833,459.70264942518656,320.5184911477822,11.185422719499034,3.0,1.0
73.0,73,837,947.1635719814576,634.1636907893921,11.185422719499034,3.0,1.0
73.0,73,838,310.7259905658665,307.5439291973728,7.755538950942392,1.0,1.0
73.0,73,839,963.5912006753522,98.04179405723616,7.755538950942392,1.0,1.0
73.0,73,840,751.7037153420789,680.9443404505463,7.755538950942392,1.0,1.0
73.0,73,841,895.1810518600139,582.3626236873882,11.185422719499032,3.0,1.0
73.0,73,842,44.14546504805839,514.8814744165752,7.755538950942392,1.0,1.0
73.0,73,843,940.5235766490621,903.2947484360478,7.755538950942392,1.0,0.9999999999999999
73.0,73,845,1343.0732261577584,627.4275402284418,7.755538950942392,1.0,1.0
73.0,73,846,689.5267954999459,434.3982416253059,9.77136677757192,2.0,1.0
73.0,73,848,587.5371790651699,629.2895573872114,13.261785059625714,5.0,1.0
73.0,73,851,1318.027199625509,647.8246639846369,9.77136677757192,2.0,1.0
73.0,73,853,479.5955961134181,804.5548385349473,11.185422719499032,3.0,0.9999999999999999
73.0,73,855,598.8692879295194,591.7697667051224,7.755538950942392,1.0,1.0
73.0,73,857,745.3496896010795,898.1129734435957,9.771366777571922,2.0,1.0
73.0,73,859,897.7039373602331,773.9719218633811,9.771366777571922,2.0,1.0
73.0,73,860,6.347393907731858,261.3634876865276,9.771366777571922,2.0,1.0
73.0,73,861,997.5778242420367,75.25046064642468,7.755538950942392,1.0,1.0
73.0,73,862,301.9833442452675,578.3073708515326,7.755538950942392,1.0,1.0
73.0,73,865,842.9683340539243,111.74979908911992,7.755538950942392,1.0,1.0
73.0,73,866,931.5985892030529,20.78795156792065,9.77136677757192,2.0,1.0
73.0,73,868,1296.8116044324902,806.8888363683625,14.092749536269187,6.0,1.0
73.0,73,869,1322.479791107685,120.23556599605664,11.185422719499034,3.0,1.0
73.0,73,870,234.34000564147834,184.98913730573815,7.755538950942392,1.0,1.0
73.0,73,871,710.9402823372676,749.2412996390481,12.311150689306299,4.0,1.0
73.0,73,872,1041.1710151723562,436.52076073728296,7.755538950942392,1.0,1.0
73.0,73,873,65.37289532036881,388.8097634906803,7.755538950942392,1.0,1.0
73.0,73,877,173.11622912116704,435.7027514611684,7.755538950942392,1.0,0.9999999999999999
73.0,73,879,708.559288404888,334.42375545928496,7.755538950942392,1.0,1.0
73.0,73,882,285.3011974285755,632.3976238830319,7.755538950942392,1.0,1.0
73.0,73,883,11.084377003867035,147.9354293249513,9.77136677757192,2.0,1.0
73.0,73,884,651.0820583720355,339.2051436631105,9.77136677757192,2.0,1.0
73.0,73,886,80.39665405463204,649.7906007780949,9.77136677757192,2.0,1.0
73.0,73,887,450.6761476920118,244.05465988535917,12.311150689306299,4.0,1.0
73.0,73,890,1270.3913046636346,250.81483382469398,11.185422719499032,3.0,1.0
73.0,73,892,338.4886709848588,46.33153283752093,7.755538950942392,1.0,1.0
73.0,73,894,1191.2846542558862,4.522477581133704,9.771366777571922,2.0,1.0
73.0,73,896,231.46504138157744,927.8823296169927,7.755538950942392,1.0,1.0
73.0,73,897,732.5526961082386,583.41777761106,9.77136677757192,2.0,1.0
73.0,73,898,1080.5598848714296,292.9898044567425,9.77136677757192,2.0,1.0
73.0,73,899,1194.8085319358072,837.7167203885116,12.311150689306297,4.0,1.0
73.0,73,901,1051.8929021134797,4.107550666595037,11.185422719499032,3.0,0.9999999999999999
73.0,73,903,287.73047153059446,375.5896593566042,14.835812298463557,7.0,1.0
73.0,73,905,711.1694812128758,875.0782361508836,9.77136677757192,2.0,1.0
73.0,73,907,1158.3975747668856,930.7096859228986,9.771366777571922,2.0,1.0
73.0,73,910,1274.8699129408258,786.6990852713876,9.77136677757192,2.0,1.0
73.0,73,911,331.3010566330902,88.72029054415677,7.755538950942392,1.0,0.9999999999999999
73.0,73,912,438.1702637135011,889.1142082847858,7.755538950942392,1.0,1.0
73.0,73,913,315.29802570296386,734.287332409977,7.755538950942392,1.0,1.0
73.0,73,914,867.0538271699876,380.295400467714,11.185422719499034,3.0,1.0
73.0,73,915,42.89878875436873,60.30865577760199,7.755538950942392,1.0,0.9999999999999999
73.0,73,916,832.6748959450133,306.17076617621314,7.755538950942392,1.0,1.0
73.0,73,921,1232.473985500024,471.846797080256,7.755538950942392,1.0,0.9999999999999999
73.0,73,924,643.5232567388518,1024.4428345403746,9.77136677757192,2.0,1.0
73.0,73,925,896.3405235089288,356.67432237601025,11.185422719499034,3.0,1.0
73.0,73,926,229.24573581193755,90.87560741461452,11.185422719499032,3.0,1.0
73.0,73,927,1266.0934411631786,86.57984927720268,12.311150689306297,4.0,1.0
73.0,73,928,524.10535327546,954.6054250604773,7.755538950942392,1.0,1.0
73.0,73,930,811.5070111213576,566.614423820675,11.185422719499032,3.0,1.0
73.0,73,932,1281.7792297824178,542.9378336509303,11.185422719499032,3.0,1.0
73.0,73,933,1021.6301691974948,198.65756040467835,7.755538950942392,1.0,1.0
73.0,73,934,321.61864448607014,20.316407280240128,13.261785059625714,5.0,1.0
73.0,73,935,295.5108269009369,794.6632853986612,7.755538950942392,1.0,1.0
73.0,73,936,525.3792130918016,401.7130121957506,9.77136677757192,2.0,1.0
73.0,73,937,929.7322910008678,1000.6852210068756,9.77136677757192,2.0,1.0
73.0,73,939,1162.119778891294,135.1712466633373,9.77136677757192,2.0,1.0
73.0,73,941,49.91465232623106,952.988397859927,11.185422719499032,3.0,1.0
73.0,73,947,417.4872775426955,74.21949977115948,7.755538950942392,1.0,0.9999999999999999
73.0,73,949,1212.3911312610421,28.054719689288316,11.185422719499032,3.0,1.0
73.0,73,950,384.0709068057284,643.6019805643505,9.77136677757192,2.0,1.0
73.0,73,951,98.69011485121457,322.37168601324413,11.185422719499032,3.0,1.0
73.0,73,952,182.65467283161541,175.8740633246202,7.755538950942392,1.0,1.0
73.0,73,953,584.3776107696515,140.0038049508417,9.77136677757192,2.0,1.0
73.0,73,954,1312.9146188451966,201.72554464273605,7.755538950942392,1.0,1.0
73.0,73,955,475.10580413275,414.1910241992304,9.77136677757192,2.0,1.0
73.0,73,956,1072.1578169423387,614.5358732597057,9.77136677757192,2.0,1.0
73.0,73,957,266.30943108704156,543.6290012451843,12.311150689306297,4.0,0.9999999999999999
73.0,73,959,186.12021804911257,899.2591119895446,9.77136677757192,2.0,1.0
73.0,73,961,277.82925599055125,176.29522573618877,9.77136677757192,2.0,1.0
73.0,73,962,1304.5263640626806,845.3399683354157,12.311150689306299,4.0,1.0
73.0,73,963,395.2979523546639,193.98835144007637,9.77136677757192,2.0,1.0
73.0,73,965,861.018066968866,474.4953785029114,7.755538950942392,1.0,0.9999999999999999
73.0,73,969,434.06839927824075,464.1441295852876,9.77136677757192,2.0,1.0
73.0,73,971,1166.9997590508958,815.6444357805228,7.755538950942392,1.0,1.0
73.0,73,972,491.1840065824443,601.4348054248367,11.185422719499032,3.0,1.0
73.0,73,975,30.683607050898022,720.2510076905577,7.755538950942392,1.0,1.0
73.0,73,977,1031.0174984042542,154.32792169982991,7.755538950942392,1.0,1.0
73.0,73,980,336.4463269129367,754.4642987955878,7.755538950942392,1.0,1.0
73.0,73,981,993.7964197834173,405.3681330371751,7.755538950942392,1.0,1.0
73.0,73,983,924.7673191793192,535.2009031579004,7.755538950942392,1.0,1.0
73.0,73,985,1251.684454716245,920.3987046393027,12.311150689306299,4.0,0.9999999999999999
73.0,73,986,1156.3425988940614,777.6172123061896,12.311150689306295,4.0,1.0
73.0,73,987,1170.0323637188274,873.4108019347982,7.755538950942392,1.0,1.0
73.0,73,988,1126.7742654388271,612.1113882436196,7.755538950942392,1.0,1.0
73.0,73,989,543.3199444454963,940.9794579607365,9.77136677757192,2.0,1.0
73.0,73,995,34.6532538778699,5.758742925900125,11.185422719499032,3.0,1.0
73.0,73,996,263.1081203980494,864.4255947558055,9.77136677757192,2.0,0.9999999999999999
73.0,73,998,8.863234692540882,978.0176674212911,7.755538950942392,1.0,1.0
73.0,73,999,1064.6471613021529,426.6295242482994,7.755538950942392,1.0,1.0
73.0,73,1000,168.99781725757364,876.4906580646395,9.77136677757192,2.0,1.0
74.0,74,1,113.01506450115748,933.2421580669848,7.755538950942392,1.0,1.0
74.0,74,3,948.0502563217636,306.197551230169,13.261785059625714,5.0,1.0
74.0,74,6,457.39282321558227,97.96437894637675,7.755538950942392,1.0,1.0
74.0,74,8,356.7247602372383,212.7558182814179,16.132171110904203,9.0,1.0
74.0,74,9,1070.795710866304,403.9421432755482,7.755538950942392,1.0,1.0
74.0,74,10,1150.8404174901307,297.7033474155955,7.755538950942392,1.0,1.0
74.0,74,11,848.7591675511458,943.9901575330717,9.77136677757192,2.0,1.0
74.0,74,15,1002.721118340558,306.28040878317864,7.755538950942392,1.0,1.0
74.0,74,17,191.0117133878907,265.6474984405495,7.755538950942392,1.0,1.0
74.0,74,18,645.3182124583899,648.3109035834404,7.755538950942392,1.0,1.0
74.0,74,20,344.6803901629158,958.6910433150632,7.755538950942392,1.0,0.9999999999999999
74.0,74,21,255.0256687089564,80.52176844481238,7.755538950942392,1.0,1.0
74.0,74,22,142.5198718234169,462.4331865706391,9.77136677757192,2.0,1.0
74.0,74,23,0.6838202112434673,817.7043995322548,9.77136677757192,2.0,1.0
74.0,74,27,525.3332452560644,547.7322782427764,7.755538950942392,1.0,1.0
74.0,74,28,908.7756854359341,898.4638376669648,7.755538950942392,1.0,1.0
74.0,74,29,1107.5962115407658,0.06272276780396169,13.261785059625714,5.0,1.0
74.0,74,31,970.1017038064252,146.4645484772789,7.755538950942392,1.0,1.0
74.0,74,35,190.7859321441288,747.7727277718928,7.755538950942392,1.0,0.9999999999999999
74.0,74,37,863.9770360566096,909.8924883071115,9.771366777571922,2.0,1.0
74.0,74,38,957.4432884847649,726.7149741524557,7.755538950942392,1.0,1.0
74.0,74,39,1330.1569201539485,1004.4172041024057,7.755538950942392,1.0,1.0
74.0,74,40,960.4442503556882,936.7252374065301,9.77136677757192,2.0,0.9999999999999999
74.0,74,41,431.78541632151513,280.7273455219368,9.77136677757192,2.0,1.0
74.0,74,43,783.3682697882449,824.8519908387697,7.755538950942392,1.0,1.0
74.0,74,44,744.8657656252443,62.4781320431607,11.185422719499032,3.0,1.0
74.0,74,45,884.3659663112958,954.2709079645695,7.755538950942392,1.0,1.0
74.0,74,46,1145.1534738675882,352.45918865974875,7.755538950942392,1.0,1.0
74.0,74,51,1325.0295975620309,229.26651124724992,9.77136677757192,2.0,1.0
74.0,74,53,135.54881005409342,111.08960794371704,7.755538950942392,1.0,1.0
74.0,74,55,1249.5456109465222,616.6311370571357,7.755538950942392,1.0,0.9999999999999999
74.0,74,57,1059.3359880399153,725.7041978979413,12.311150689306295,4.0,1.0
74.0,74,59,38.54844791423521,146.6508472279486,7.755538950942392,1.0,0.9999999999999999
74.0,74,60,47.280848295442766,235.61610198959215,9.77136677757192,2.0,0.9999999999999999
74.0,74,61,880.8274679865524,993.81353666107,9.771366777571922,2.0,1.0
74.0,74,62,577.0529331282354,1024.901841174744,7.755538950942392,1.0,1.0
74.0,74,63,1135.9315963057231,629.7934880997491,7.755538950942392,1.0,1.0
74.0,74,65,699.9241675121499,833.3018411850048,7.755538950942392,1.0,0.9999999999999999
74.0,74,66,964.6073990662602,1016.3696878309803,9.771366777571922,2.0,1.0
74.0,74,67,1082.9747278568805,249.79781156574174,13.261785059625712,5.0,1.0
74.0,74,68,1240.0408671322482,658.6742436376225,7.755538950942392,1.0,1.0
74.0,74,70,1150.1756373708538,476.4269898092997,7.755538950942392,1.0,1.0
74.0,74,71,769.428582888968,785.3182984156771,9.771366777571922,2.0,1.0
74.0,74,73,538.7384034895515,307.9119282728725,7.755538950942392,1.0,1.0
74.0,74,77,426.2209009857501,830.3901124194349,11.185422719499032,3.0,1.0
74.0,74,78,1107.911075950789,180.84458386868366,7.755538950942392,1.0,1.0
74.0,74,79,827.2857347394101,236.50054567474103,9.77136677757192,2.0,1.0
74.0,74,80,1011.2348825751194,356.82469792541974,7.755538950942392,1.0,1.0
74.0,74,81,612.7629389485047,6.594467962184678,9.77136677757192,2.0,1.0
74.0,74,83,1194.9899323675866,416.9439605607505,7.755538950942392,1.0,1.0
74.0,74,85,118.75834681710269,788.7788640030143,7.755538950942392,1.0,1.0
74.0,74,86,1027.4737306255765,512.6206242071114,9.77136677757192,2.0,1.0
74.0,74,87,707.6309208602447,124.16419527808448,7.755538950942392,1.0,1.0
74.0,74,88,72.80352971952371,501.8311703123128,7.755538950942392,1.0,0.9999999999999999
74.0,74,90,802.7818374798763,415.95308929155556,7.755538950942392,1.0,1.0
74.0,74,91,52.499611283663036,14.593651124850133,7.755538950942392,1.0,0.9999999999999999
74.0,74,92,1098.1159276077785,696.6625186278353,7.755538950942392,1.0,1.0
74.0,74,93,286.4565906529779,292.18068354551366,9.77136677757192,2.0,0.9999999999999999
74.0,74,94,646.5659781783153,893.8220408915261,12.311150689306299,4.0,1.0
74.0,74,97,941.9085306440973,62.964887151804284,12.311150689306297,4.0,1.0
74.0,74,100,363.623518903001,812.4486247944444,7.755538950942392,1.0,1.0
74.0,74,101,18.140332948348554,615.0377114910895,7.755538950942392,1.0,1.0
74.0,74,103,219.25382125116784,19.070843793934998,7.755538950942392,1.0,1.0
74.0,74,104,379.6711627415058,581.0626551409213,7.755538950942392,1.0,1.0
74.0,74,107,436.90486185511674,137.05022140475114,7.755538950942392,1.0,1.0
74.0,74,110,647.8497921255899,619.7406752661778,7.755538950942392,1.0,1.0
74.0,74,116,1156.2019809677142,54.623167342353845,11.185422719499032,3.0,0.9999999999999999
74.0,74,118,279.57460823258003,439.58669944936025,9.77136677757192,2.0,1.0
74.0,74,119,1039.2931147138793,557.6864420291715,11.185422719499032,3.0,1.0
74.0,74,121,108.14864376960394,219.39936984337373,11.185422719499034,3.0,1.0
74.0,74,122,849.5526795345901,264.56359357766405,13.261785059625714,5.0,0.9999999999999999
74.0,74,123,1293.0568611904719,586.1064453229792,11.185422719499034,3.0,1.0
74.0,74,125,424.49498015989604,1010.4118134687375,11.185422719499034,3.0,1.0
74.0,74,126,0.22102245431938172,470.515472879393,7.755538950942392,1.0,0.9999999999999999
74.0,74,127,840.1603113131566,560.1692749229437,7.755538950942392,1.0,1.0
74.0,74,129,781.244218031787,673.8064001507202,7.755538950942392,1.0,1.0
74.0,74,130,1204.220605745801,439.6910629581097,7.755538950942392,1.0,1.0
74.0,74,131,1245.850746627633,307.35833347222297,7.755538950942392,1.0,1.0
74.0,74,132,1284.4982387845982,174.76032530261335,12.311150689306297,4.0,1.0
74.0,74,134,116.8116675605459,830.7416333310468,9.77136677757192,2.0,0.9999999999999999
74.0,74,135,1011.9322961895242,595.606200204304,7.755538950942392,1.0,1.0
74.0,74,138,487.5338810335249,1.8663985723280971,7.755538950942392,1.0,0.9999999999999999
74.0,74,142,1294.8997039183664,295.26309772820645,7.755538950942392,1.0,1.0
74.0,74,143,615.1733748762931,109.66405508798465,14.09274953626919,6.0,1.0
74.0,74,144,1273.6470474666537,967.7677219543351,9.77136677757192,2.0,1.0
74.0,74,145,117.29084643166965,867.1890524812487,9.77136677757192,2.0,1.0
74.0,74,146,1057.070019994246,525.6711736043023,7.755538950942392,1.0,1.0
74.0,74,148,546.1889533228716,144.65772780825944,9.77136677757192,2.0,0.9999999999999999
74.0,74,149,174.93381805344492,984.3857668841889,7.755538950942392,1.0,1.0
74.0,74,150,704.9941474440307,383.31749285304494,12.311150689306299,4.0,1.0
74.0,74,151,470.7077367054736,668.9692685370119,7.755538950942392,1.0,1.0
74.0,74,152,1162.8999243574835,674.1771565112614,7.755538950942392,1.0,1.0
74.0,74,153,59.20477884272645,546.7114452847031,9.77136677757192,2.0,1.0
74.0,74,156,875.6539579633369,805.5695821514263,7.755538950942392,1.0,0.9999999999999999
74.0,74,160,1055.3032511816593,762.431868281729,7.755538950942392,1.0,1.0
74.0,74,163,77.88936250923723,62.48617768550251,7.755538950942392,1.0,1.0
74.0,74,164,362.6074570821556,75.66519695933798,9.771366777571922,2.0,1.0
74.0,74,165,143.99993489898972,4.72939978165264,7.755538950942392,1.0,1.0
74.0,74,166,494.8061156901518,97.73916239114298,12.311150689306297,4.0,0.9999999999999999
74.0,74,170,974.6634013022949,689.5836050363893,7.755538950942392,1.0,1.0
74.0,74,172,820.516445991139,814.7323131774002,7.755538950942392,1.0,1.0
74.0,74,173,5.175345662049655,58.60332939050484,11.185422719499034,3.0,1.0
74.0,74,174,967.463460519933,747.4339850174622,7.755538950942392,1.0,1.0
74.0,74,175,1331.3493685349165,861.0930208502374,9.77136677757192,2.0,1.0
74.0,74,181,472.30019457742213,936.6365411873883,11.185422719499032,3.0,1.0
74.0,74,186,224.43783200090294,621.5604265394343,12.311150689306297,4.0,1.0
74.0,74,187,610.8230346538782,901.6024815720094,7.755538950942392,1.0,0.9999999999999999
74.0,74,188,595.3656531454202,279.8535209945452,9.771366777571922,2.0,1.0
74.0,74,189,822.4263371406546,924.976428086628,7.755538950942392,1.0,0.9999999999999999
74.0,74,191,1076.7400442065452,753.787991633613,9.77136677757192,2.0,1.0
74.0,74,193,352.35734973862526,105.05709688728487,7.755538950942392,1.0,1.0
74.0,74,199,196.68912592862205,544.051365292785,16.132171110904203,9.0,1.0
74.0,74,201,143.218729147473,427.9482155048566,9.77136677757192,2.0,1.0
74.0,74,208,1035.538604366016,280.9259025483909,9.77136677757192,2.0,1.0
74.0,74,210,104.14451286314188,1024.3981533014942,11.185422719499034,3.0,1.0
74.0,74,213,484.4862038133066,744.319050940009,7.755538950942392,1.0,1.0
74.0,74,214,32.532131998109435,252.41750251944993,7.755538950942392,1.0,1.0
74.0,74,215,352.5217408461464,431.4339510072248,9.77136677757192,2.0,1.0
74.0,74,218,670.9266827275743,308.55533474205885,7.755538950942392,1.0,1.0
74.0,74,219,302.0123627660771,102.85976577131977,7.755538950942392,1.0,1.0
74.0,74,220,309.49040436870087,925.0639688286191,12.311150689306299,4.0,1.0
74.0,74,221,110.5526148888754,178.2850922803575,12.311150689306299,4.0,0.9999999999999999
74.0,74,224,564.0222203500502,246.28799141392477,9.771366777571922,2.0,1.0
74.0,74,228,891.8311212355371,22.736004858046794,12.311150689306299,4.0,0.9999999999999999
74.0,74,230,1135.427417965508,725.7313464491822,7.755538950942392,1.0,1.0
74.0,74,231,742.7682136910587,311.4660257763354,9.771366777571922,2.0,1.0
74.0,74,232,501.5828888812779,226.4668343016626,7.755538950942392,1.0,1.0
74.0,74,238,909.0988605207021,863.2523355373473,7.755538950942392,1.0,1.0
74.0,74,239,1200.3633683390228,927.3147782577549,7.755538950942392,1.0,1.0
74.0,74,241,1223.9357898186558,527.3678850984969,12.311150689306297,4.0,1.0
74.0,74,242,741.0173576770416,27.629669688450083,7.755538950942392,1.0,0.9999999999999999
74.0,74,243,67.52445344506559,686.5815196225095,7.755538950942392,1.0,0.9999999999999999
74.0,74,245,737.5741798522298,788.9666516078029,9.77136677757192,2.0,0.9999999999999999
74.0,74,247,382.8763727595558,213.8736353484685,7.755538950942392,1.0,1.0
74.0,74,248,462.85780580714373,185.18376880168003,9.77136677757192,2.0,1.0
74.0,74,250,514.633575942668,806.4033397510136,7.755538950942392,1.0,1.0
74.0,74,255,1335.3851036538167,821.9720548838981,9.77136677757192,2.0,1.0
74.0,74,256,927.0234483371396,724.9003753020124,7.755538950942392,1.0,1.0
74.0,74,257,609.9538049388225,37.45602997890385,7.755538950942392,1.0,1.0
74.0,74,259,742.6050861547166,148.33707074240266,11.185422719499032,3.0,1.0
74.0,74,260,1092.662742017471,807.845142818703,7.755538950942392,1.0,1.0
74.0,74,261,257.23754184122475,422.6761029723562,7.755538950942392,1.0,1.0
74.0,74,262,844.2716309200728,989.679578818498,9.77136677757192,2.0,1.0
74.0,74,263,91.15793214219681,144.4350935147112,11.185422719499034,3.0,1.0
74.0,74,264,936.9906832392612,816.0650372635707,7.755538950942392,1.0,1.0
74.0,74,265,1343.8804390322373,436.38594689509983,7.755538950942392,1.0,1.0
74.0,74,268,1021.6735381454778,226.37143660237425,7.755538950942392,1.0,1.0
74.0,74,269,118.27454797320593,378.35341914828416,9.771366777571922,2.0,1.0
74.0,74,270,337.9005185600192,409.35124433791486,9.771366777571922,2.0,1.0
74.0,74,272,230.25260886107827,293.3672691042769,7.755538950942392,1.0,1.0
74.0,74,273,620.200307272172,583.5018116751135,7.755538950942392,1.0,0.9999999999999999
74.0,74,274,796.7707344705165,850.797652636304,7.755538950942392,1.0,1.0
74.0,74,275,1177.4705817397712,386.4842807086286,7.755538950942392,1.0,1.0
74.0,74,276,1099.0903982732725,530.6777635593033,7.755538950942392,1.0,1.0
74.0,74,278,1248.1905235910847,360.58006925703495,12.311150689306299,4.0,1.0
74.0,74,279,129.0602307501406,631.4879562558185,11.185422719499032,3.0,0.9999999999999999
74.0,74,280,350.5831354504361,977.0435002446031,7.755538950942392,1.0,1.0
74.0,74,281,1188.9697829496267,554.1542565537162,11.185422719499032,3.0,1.0
74.0,74,283,676.7863302978735,598.7196344156514,9.77136677757192,2.0,1.0
74.0,74,284,73.11019211472791,801.5761481211468,7.755538950942392,1.0,1.0
74.0,74,285,857.0196288089581,642.9563902009982,7.755538950942392,1.0,1.0
74.0,74,286,1140.4420357653087,257.1697155242587,7.755538950942392,1.0,1.0
74.0,74,287,96.88721790803636,716.0585153571637,7.755538950942392,1.0,1.0
74.0,74,289,1245.2743601714242,817.0714982806664,12.311150689306299,4.0,1.0
74.0,74,291,500.325760265322,357.6371244951513,7.755538950942392,1.0,1.0
74.0,74,294,620.406111211912,430.17095014287014,7.755538950942392,1.0,1.0
74.0,74,295,45.118539042862274,748.6551345561544,12.311150689306297,4.0,1.0
74.0,74,300,349.65619195968674,665.1237544719243,9.77136677757192,2.0,1.0
74.0,74,301,1113.05473594704,37.78909223296003,9.77136677757192,2.0,0.9999999999999999
74.0,74,302,635.3805440694734,994.1217274689226,7.755538950942392,1.0,1.0
74.0,74,304,721.7180808749357,408.3108470760126,7.755538950942392,1.0,1.0
74.0,74,306,151.42538127829465,595.7578692339304,7.755538950942392,1.0,1.0
74.0,74,307,985.1686441730087,489.1110837821144,12.311150689306297,4.0,1.0
74.0,74,309,817.4240317464224,194.60231668114182,7.755538950942392,1.0,1.0
74.0,74,311,697.0665632359462,572.3879303480786,9.77136677757192,2.0,1.0
74.0,74,314,169.620959918789,144.56043026248418,7.755538950942392,1.0,1.0
74.0,74,318,1216.6817065152964,600.256755988722,11.185422719499032,3.0,0.9999999999999999
74.0,74,319,112.1978135403741,1002.0257254369271,9.77136677757192,2.0,1.0
74.0,74,320,1242.9761008224325,120.04875485000562,9.77136677757192,2.0,1.0
74.0,74,322,864.0540087397741,970.6029558817364,9.77136677757192,2.0,1.0
74.0,74,323,77.46295909042607,435.9046998404555,9.77136677757192,2.0,1.0
74.0,74,325,206.0014013017475,928.6060039858631,7.755538950942392,1.0,1.0
74.0,74,326,199.45230670210393,475.68262266042467,9.77136677757192,2.0,1.0
74.0,74,327,916.6457043245787,474.38370029720056,7.755538950942392,1.0,1.0
74.0,74,328,687.0474221206497,299.037333591108,7.755538950942392,1.0,1.0
74.0,74,330,405.94176855862526,862.4647241537646,9.77136677757192,2.0,1.0
74.0,74,331,135.00287137834763,722.677126198403,14.835812298463562,7.0,1.0
74.0,74,333,627.61297419849,25.132330078907927,7.755538950942392,1.0,1.0
74.0,74,334,1134.717674206195,832.7089300871105,7.755538950942392,1.0,1.0
74.0,74,337,585.4439629474929,936.4969363867365,9.77136677757192,2.0,1.0
74.0,74,339,819.5321679952823,88.70383753712943,7.755538950942392,1.0,1.0
74.0,74,340,895.3092842204179,664.4350187240943,9.771366777571922,2.0,1.0
74.0,74,341,984.0750319237012,611.5373564927435,12.311150689306297,4.0,1.0
74.0,74,342,882.3549083675024,138.75240940634072,9.77136677757192,2.0,1.0
74.0,74,343,130.5733503403009,486.4870137999524,7.755538950942392,1.0,0.9999999999999999
74.0,74,344,726.5659870376613,361.5165600524007,7.755538950942392,1.0,1.0
74.0,74,346,1186.704002869518,633.135737412593,7.755538950942392,1.0,1.0
74.0,74,348,405.2162588322825,656.1033913733703,7.755538950942392,1.0,1.0
74.0,74,350,1261.6811647972645,156.5550297323639,7.755538950942392,1.0,1.0
74.0,74,354,474.442115274067,239.75068883520152,7.755538950942392,1.0,1.0
74.0,74,355,98.2482215709682,489.2264288280522,7.755538950942392,1.0,0.9999999999999999
74.0,74,356,687.2295536189228,1014.7176398331569,7.755538950942392,1.0,1.0
74.0,74,360,678.229392501122,333.31152082814197,7.755538950942392,1.0,1.0
74.0,74,361,31.54457017883893,632.6888101320418,7.755538950942392,1.0,1.0
74.0,74,362,996.2302580860687,704.1047344287317,7.755538950942392,1.0,1.0
74.0,74,363,602.1536092047301,510.2591455269735,7.755538950942392,1.0,1.0
74.0,74,364,1330.525859556949,415.97215775111795,7.755538950942392,1.0,1.0
74.0,74,365,114.76879684517297,72.81808191994165,7.755538950942392,1.0,0.9999999999999999
74.0,74,366,844.7433373394225,165.40701633878666,7.755538950942392,1.0,1.0
74.0,74,367,1183.9308218207004,991.5162494650468,7.755538950942392,1.0,1.0
74.0,74,368,1331.9748138992102,164.81410122310396,12.311150689306297,4.0,1.0
74.0,74,369,865.0861366835,358.6878374610776,7.755538950942392,1.0,1.0
74.0,74,370,34.28432447631345,992.2204930435673,7.755538950942392,1.0,1.0
74.0,74,371,575.3753169701149,422.6172774696039,7.755538950942392,1.0,1.0
74.0,74,373,872.7923972071038,198.53965780672462,7.755538950942392,1.0,0.9999999999999999
74.0,74,374,869.691717663603,73.73718937267563,11.185422719499032,3.0,1.0
74.0,74,380,854.2109564326095,16.270440475684296,9.771366777571922,2.0,1.0
74.0,74,381,815.6914831972367,330.8448669455822,9.77136677757192,2.0,1.0
74.0,74,382,1335.4794214094586,272.70681602991885,9.77136677757192,2.0,1.0
74.0,74,383,930.1668558628751,498.4189002920651,9.771366777571922,2.0,0.9999999999999999
74.0,74,385,697.8030648269015,539.2730620966685,7.755538950942392,1.0,1.0
74.0,74,387,818.3799184875692,265.59331130703157,9.77136677757192,2.0,1.0
74.0,74,388,186.20296010544348,647.1192859936397,7.755538950942392,1.0,1.0
74.0,74,390,365.4666570521825,167.4495468518667,12.311150689306299,4.0,1.0
74.0,74,391,736.7282279649884,505.7559906780859,13.261785059625714,5.0,1.0
74.0,74,393,266.19787857471874,898.7118954491065,7.755538950942392,1.0,1.0
74.0,74,396,1043.6133071140262,356.35783239772627,9.77136677757192,2.0,0.9999999999999999
74.0,74,399,528.1194478154414,618.7257218403164,11.185422719499032,3.0,1.0
74.0,74,400,230.13872595030324,380.4631941230922,7.755538950942392,1.0,1.0
74.0,74,403,643.0127822887148,541.667420279942,7.755538950942392,1.0,1.0
74.0,74,405,759.7683343136289,370.9417014635646,12.311150689306297,4.0,1.0
74.0,74,406,261.9686067565534,790.3782157666244,14.092749536269183,6.0,1.0
74.0,74,409,572.5590931884959,873.3972760051952,12.311150689306299,4.0,1.0
74.0,74,410,569.3418713676159,538.1633752072142,9.771366777571922,2.0,1.0
74.0,74,412,750.054970149466,647.2499158646452,9.77136677757192,2.0,1.0
74.0,74,414,1207.9310164153142,496.5964662045083,7.755538950942392,1.0,1.0
74.0,74,415,1135.0978339488872,696.3360493556816,7.755538950942392,1.0,0.9999999999999999
74.0,74,416,394.6475413224065,730.3962039564798,7.755538950942392,1.0,1.0
74.0,74,417,905.5721369979769,521.3093779750933,9.77136677757192,2.0,1.0
74.0,74,418,536.127898435468,684.0439829158138,9.77136677757192,2.0,0.9999999999999999
74.0,74,419,335.30981959044874,900.9150635026035,9.771366777571922,2.0,1.0
74.0,74,420,690.4760333838553,967.8447836462369,7.755538950942392,1.0,1.0
74.0,74,421,979.3819522437248,349.33813854847773,7.755538950942392,1.0,1.0
74.0,74,422,157.29578178508916,660.6275570968887,7.755538950942392,1.0,0.9999999999999999
74.0,74,427,538.3617704989604,9.959861901624727,9.77136677757192,2.0,0.9999999999999999
74.0,74,428,1060.8410234858075,201.27552559561775,9.77136677757192,2.0,0.9999999999999999
74.0,74,431,270.9665333527124,573.8184808608136,7.755538950942392,1.0,1.0
74.0,74,432,364.02186589626535,771.4364745668115,9.77136677757192,2.0,1.0
74.0,74,433,287.0628467127823,600.8091429187099,9.77136677757192,2.0,1.0
74.0,74,435,888.1780009864897,236.2223476233399,7.755538950942392,1.0,1.0
74.0,74,436,306.9756665609988,664.9457830652416,9.77136677757192,2.0,1.0
74.0,74,438,865.2195323569222,715.6636670902736,7.755538950942392,1.0,1.0
74.0,74,439,534.4650153176578,861.3216316334691,12.311150689306299,4.0,1.0
74.0,74,440,353.0251474100263,874.7160566563153,7.755538950942392,1.0,1.0
74.0,74,441,942.4157470221735,427.527311157155,9.771366777571922,2.0,0.9999999999999999
74.0,74,442,500.30173953573444,327.30335899513767,7.755538950942392,1.0,1.0
74.0,74,443,217.17524564007613,745.0830029139514,7.755538950942392,1.0,1.0
74.0,74,445,1054.7730394968469,38.79285892059235,7.755538950942392,1.0,1.0
74.0,74,446,325.8014174897922,258.45724847138666,7.755538950942392,1.0,1.0
74.0,74,449,1200.9204181073749,130.6475993517594,7.755538950942392,1.0,1.0
74.0,74,451,1333.93898906529,507.43330524885016,7.755538950942392,1.0,1.0
74.0,74,453,190.57682531040155,1018.8354888612271,7.755538950942392,1.0,1.0
74.0,74,455,850.8244605556022,209.61476767637348,12.311150689306299,4.0,1.0
74.0,74,456,312.8402916195615,818.0129132187117,9.77136677757192,2.0,0.9999999999999999
74.0,74,458,1247.7782084628734,175.357364521079,7.755538950942392,1.0,1.0
74.0,74,459,1311.9400162609859,348.2080122046409,9.77136677757192,2.0,1.0
74.0,74,461,146.7453142378598,56.46957534380084,9.77136677757192,2.0,1.0
74.0,74,462,1098.8716145599356,301.61932478680063,7.755538950942392,1.0,1.0
74.0,74,464,1337.557254373754,63.00478255752734,7.755538950942392,1.0,1.0
74.0,74,465,799.9724667068521,177.82983315223083,7.755538950942392,1.0,1.0
74.0,74,466,403.3670111940394,623.4499572644127,9.77136677757192,2.0,1.0
74.0,74,468,1214.2297154036207,908.1999435676169,7.755538950942392,1.0,0.9999999999999999
74.0,74,469,1134.4003164947328,887.9538495322355,7.755538950942392,1.0,1.0
74.0,74,470,84.99123472085853,412.70528001138473,7.755538950942392,1.0,1.0
74.0,74,471,63.9245872894852,484.15298549486823,7.755538950942392,1.0,1.0
74.0,74,472,308.6768318527243,133.59198473575472,7.755538950942392,1.0,0.9999999999999999
74.0,74,473,389.2584653159959,913.4296936320808,7.755538950942392,1.0,1.0
74.0,74,474,85.36801406240573,1001.3628772439661,9.771366777571922,2.0,1.0
74.0,74,476,483.2710476413156,132.97352869794094,12.311150689306299,4.0,0.9999999999999999
74.0,74,477,275.7355301044719,940.2952214197476,11.185422719499032,3.0,1.0
74.0,74,479,354.27246570240527,934.6113818962706,7.755538950942392,1.0,1.0
74.0,74,481,590.6693603944572,973.8304022122529,11.185422719499034,3.0,1.0
74.0,74,483,561.7548337955465,41.600484608962965,7.755538950942392,1.0,1.0
74.0,74,485,1043.8968861033748,687.0106032943637,7.755538950942392,1.0,1.0
74.0,74,486,404.2379253418749,128.07462779331982,7.755538950942392,1.0,1.0
74.0,74,487,1069.9071513534634,964.0793815533856,13.261785059625709,5.0,0.9999999999999999
74.0,74,489,658.7268852353707,147.05307071580685,9.77136677757192,2.0,1.0
74.0,74,490,455.18975446665746,903.9569241950046,9.77136677757192,2.0,1.0
74.0,74,491,655.9984278414843,758.9984571451373,11.185422719499034,3.0,0.9999999999999999
74.0,74,493,97.52903692006501,366.79481098650734,7.755538950942392,1.0,1.0
74.0,74,494,813.7049302071164,761.5308006174134,9.77136677757192,2.0,0.9999999999999999
74.0,74,496,697.4441675635719,508.3121423250911,9.771366777571922,2.0,1.0
74.0,74,497,1195.2535203215607,772.9415046382061,7.755538950942392,1.0,1.0
74.0,74,498,421.9518692319603,481.16386023652245,7.755538950942392,1.0,1.0
74.0,74,500,535.7949094546743,187.79261368514457,7.755538950942392,1.0,1.0
74.0,74,501,517.2305615874104,989.4466733896483,12.311150689306299,4.0,1.0
74.0,74,503,541.3058039582239,38.639925611082006,12.311150689306299,4.0,1.0
74.0,74,504,994.8280988730193,204.78270628303565,7.755538950942392,1.0,1.0
74.0,74,506,106.0689494153552,740.0567965396731,7.755538950942392,1.0,1.0
74.0,74,507,1337.730168137994,327.68616780544545,7.755538950942392,1.0,1.0
74.0,74,508,1164.9878816098003,523.3341154222101,11.185422719499032,3.0,1.0
74.0,74,509,1066.5560586460372,864.4076957320369,9.77136677757192,2.0,1.0
74.0,74,510,598.3192883887668,219.37259108158938,13.261785059625714,5.0,1.0
74.0,74,511,520.1817798471849,501.34128473129573,9.77136677757192,2.0,1.0
74.0,74,512,190.82069464878523,862.8154605159388,11.185422719499034,3.0,0.9999999999999999
74.0,74,513,1259.638624024977,583.3383219261449,14.09274953626919,6.0,0.9999999999999999
74.0,74,516,1222.8485992284418,386.4755806102624,11.185422719499032,3.0,1.0
74.0,74,517,902.5133147358973,833.59175455587,9.77136677757192,2.0,1.0
74.0,74,518,135.76248997035336,522.099247494202,12.311150689306299,4.0,1.0
74.0,74,519,822.3604617312384,384.10074026944744,14.09274953626919,6.0,1.0
74.0,74,520,802.3995279556979,1.9158703802554249,11.185422719499034,3.0,1.0
74.0,74,521,822.6185383811082,52.09588750328504,11.185422719499034,3.0,1.0
74.0,74,522,988.0560215631626,978.698736097856,7.755538950942392,1.0,0.9999999999999999
74.0,74,523,979.7100145190171,187.25783266138006,7.755538950942392,1.0,1.0
74.0,74,524,862.2409146393541,876.5622982676838,9.77136677757192,2.0,0.9999999999999999
74.0,74,529,784.3318403423542,569.8352328724346,7.755538950942392,1.0,0.9999999999999999
74.0,74,530,120.43414082361737,682.5491398053992,9.771366777571922,2.0,1.0
74.0,74,533,827.0181298182164,874.1505183231529,9.771366777571922,2.0,1.0
74.0,74,535,843.3220866909247,141.33233327792163,7.755538950942392,1.0,1.0
74.0,74,536,340.0255828391553,490.973514722465,7.755538950942392,1.0,0.9999999999999999
74.0,74,538,548.1630095312188,449.92240863307455,11.185422719499032,3.0,1.0
74.0,74,539,965.034908120249,222.15370413976257,7.755538950942392,1.0,0.9999999999999999
74.0,74,540,303.2963456963707,543.2724776645414,7.755538950942392,1.0,1.0
74.0,74,543,906.9396267250783,410.1437051738243,9.77136677757192,2.0,0.9999999999999999
74.0,74,546,1029.8101328167036,833.2776619054721,9.77136677757192,2.0,0.9999999999999999
74.0,74,547,495.33044005267203,253.30864218240805,7.755538950942392,1.0,1.0
74.0,74,548,894.1912877924594,447.6841375523972,11.185422719499034,3.0,1.0
74.0,74,551,1250.4930109865634,772.518265161645,7.755538950942392,1.0,0.9999999999999999
74.0,74,555,154.30510257073047,194.81505471990965,11.185422719499032,3.0,1.0
74.0,74,556,266.63017090266095,468.801375505469,7.755538950942392,1.0,1.0
74.0,74,557,598.3880215167483,323.50573658581277,11.185422719499032,3.0,1.0
74.0,74,558,232.8263959420831,70.27608546247782,7.755538950942392,1.0,1.0
74.0,74,559,1070.911769704442,78.75125066317194,7.755538950942392,1.0,1.0
74.0,74,561,1310.9668817219315,886.5166092846632,7.755538950942392,1.0,1.0
74.0,74,562,184.03431231279004,238.10983345359472,11.185422719499032,3.0,1.0
74.0,74,563,440.65987508049153,421.5346311885267,7.755538950942392,1.0,1.0
74.0,74,564,363.54365419241344,455.9429725451592,11.185422719499032,3.0,1.0
74.0,74,565,1216.8138704175071,748.5505045819443,7.755538950942392,1.0,1.0
74.0,74,568,1109.2020943838668,159.20332443810477,7.755538950942392,1.0,1.0
74.0,74,569,330.6502689017997,343.87700980104427,7.755538950942392,1.0,1.0
74.0,74,570,1320.9451906089503,561.5431990150768,9.77136677757192,2.0,1.0
74.0,74,573,485.74971882634355,956.0974958445051,7.755538950942392,1.0,1.0
74.0,74,574,183.31841425830535,798.5700176566172,7.755538950942392,1.0,0.9999999999999999
74.0,74,575,672.8906784526997,696.0874480582252,7.755538950942392,1.0,1.0
74.0,74,576,815.977500125056,165.91120019723314,7.755538950942392,1.0,1.0
74.0,74,579,542.3286553619638,273.31902450248316,7.755538950942392,1.0,1.0
74.0,74,581,605.8870303149422,831.8501346602345,12.311150689306299,4.0,1.0
74.0,74,582,563.738159764623,285.51531744458623,9.77136677757192,2.0,0.9999999999999999
74.0,74,583,1219.4599287247622,257.85170761069816,11.185422719499034,3.0,1.0
74.0,74,584,1087.1230995734688,781.0732556259933,7.755538950942392,1.0,1.0
74.0,74,586,385.23153521463456,1.0867503599740962,7.755538950942392,1.0,1.0
74.0,74,587,1068.3489362612756,821.0687453448019,9.77136677757192,2.0,1.0
74.0,74,592,874.1434908846954,294.47251115712453,7.755538950942392,1.0,0.9999999999999999
74.0,74,593,687.1250718653479,792.646649121507,9.77136677757192,2.0,0.9999999999999999
74.0,74,594,529.2542416370605,897.6673953119661,9.771366777571922,2.0,1.0
74.0,74,598,604.0234035794854,448.791001616267,11.185422719499032,3.0,0.9999999999999999
74.0,74,600,540.4805802327371,528.597151570287,11.185422719499034,3.0,0.9999999999999999
74.0,74,602,165.52278886230548,306.8712364113936,7.755538950942392,1.0,1.0
74.0,74,605,797.6157524530627,37.677431034997156,14.09274953626919,6.0,1.0
74.0,74,606,1210.453836913142,637.6434042683433,7.755538950942392,1.0,0.9999999999999999
74.0,74,607,1169.7711061412308,174.0262568450979,12.311150689306297,4.0,0.9999999999999999
74.0,74,608,940.7405666355842,697.835919084122,7.755538950942392,1.0,0.9999999999999999
74.0,74,609,1001.8223045931668,854.8402863291702,7.755538950942392,1.0,1.0
74.0,74,611,963.3723584393483,441.51642284271014,9.77136677757192,2.0,1.0
74.0,74,612,350.2866841191694,310.27509914508477,14.09274953626919,6.0,1.0
74.0,74,613,1256.5361951499017,726.161211531124,7.755538950942392,1.0,1.0
74.0,74,614,395.05288637937196,759.9768210196215,12.311150689306299,4.0,1.0
74.0,74,619,634.5489109733784,234.93451585299272,7.755538950942392,1.0,1.0
74.0,74,621,178.7601106027049,46.205432765650954,7.755538950942392,1.0,1.0
74.0,74,622,260.3527672291521,46.048534540142015,7.755538950942392,1.0,1.0
74.0,74,625,581.031293956638,739.7638183360414,7.755538950942392,1.0,1.0
74.0,74,626,896.8280298064024,177.19319884568293,7.755538950942392,1.0,1.0
74.0,74,627,1250.6641808446313,21.887203492335367,12.311150689306299,4.0,1.0
74.0,74,629,805.2662387636299,881.2600513747288,11.185422719499032,3.0,1.0
74.0,74,632,400.87837489853564,704.9435110980099,9.771366777571922,2.0,1.0
74.0,74,633,1110.949005156584,90.58857907937482,9.77136677757192,2.0,1.0
74.0,74,634,991.8797515562334,326.11780324152807,7.755538950942392,1.0,1.0
74.0,74,636,678.4305354586214,932.0499412206078,9.771366777571922,2.0,1.0
74.0,74,638,74.5323238280748,225.61344767699873,7.755538950942392,1.0,1.0
74.0,74,640,33.5384373697655,452.615265543168,7.755538950942392,1.0,1.0
74.0,74,641,167.7274796494475,925.4814291508828,7.755538950942392,1.0,0.9999999999999999
74.0,74,644,27.420555449984068,27.383549435351235,9.77136677757192,2.0,1.0
74.0,74,646,374.65584742931287,884.7218428120472,11.185422719499032,3.0,1.0
74.0,74,647,172.0995441093066,290.2408168482445,9.771366777571922,2.0,0.9999999999999999
74.0,74,649,1115.494601265372,119.08191060917157,9.77136677757192,2.0,1.0
74.0,74,654,1283.1243688329719,133.09726786977444,11.185422719499034,3.0,1.0
74.0,74,655,578.3007415914095,701.5989715748171,7.755538950942392,1.0,1.0
74.0,74,658,569.4431806086801,342.8150716553259,14.092749536269185,6.0,1.0
74.0,74,659,1300.560350424928,968.422060745104,9.771366777571922,2.0,1.0
74.0,74,662,1133.457399770883,955.5361205832731,7.755538950942392,1.0,1.0
74.0,74,665,1038.5969767295321,119.1010082402128,11.185422719499032,3.0,1.0
74.0,74,666,1230.9302980489954,999.5391459444382,12.311150689306299,4.0,1.0
74.0,74,667,193.6347178079678,86.75693167967137,7.755538950942392,1.0,0.9999999999999999
74.0,74,668,236.76391417199926,950.5599967588686,7.755538950942392,1.0,1.0
74.0,74,671,1026.1613198108225,87.53287441566843,7.755538950942392,1.0,1.0
74.0,74,672,805.0725465470114,973.7541063717957,7.755538950942392,1.0,1.0
74.0,74,674,1059.657543968836,634.7438418982828,7.755538950942392,1.0,1.0
74.0,74,675,395.50537279319985,497.017934246044,7.755538950942392,1.0,0.9999999999999999
74.0,74,676,1282.4622420745413,862.5522392501537,9.77136677757192,2.0,1.0
74.0,74,678,118.29198675208184,245.75086159269551,9.77136677757192,2.0,1.0
74.0,74,680,868.1196270705025,605.8815065949033,7.755538950942392,1.0,1.0
74.0,74,682,1219.5696242839747,84.98318533591956,7.755538950942392,1.0,1.0
74.0,74,684,1308.212271154805,936.2288502995706,11.185422719499034,3.0,1.0
74.0,74,686,892.1686652641989,311.33424955077743,7.755538950942392,1.0,1.0
74.0,74,687,1203.5047545210518,285.4122149074854,12.311150689306297,4.0,1.0
74.0,74,688,237.64854723597335,489.6447873627258,7.755538950942392,1.0,1.0
74.0,74,689,435.56982641842507,616.4061339738812,7.755538950942392,1.0,1.0
74.0,74,692,725.9946252777231,293.37523211374383,7.755538950942392,1.0,0.9999999999999999
74.0,74,694,1104.7205496957222,878.1207587835476,7.755538950942392,1.0,1.0
74.0,74,698,666.3101004780274,101.61327753111469,7.755538950942392,1.0,0.9999999999999999
74.0,74,700,445.6820373851113,504.6675521897477,11.185422719499032,3.0,1.0
74.0,74,702,696.7306765791654,34.48558237126281,7.755538950942392,1.0,1.0
74.0,74,704,140.99871005825005,260.26444904554126,9.771366777571922,2.0,1.0
74.0,74,705,405.8847768186979,409.36292884893146,11.185422719499034,3.0,1.0
74.0,74,706,299.7331563793783,201.09626586150958,11.185422719499032,3.0,0.9999999999999999
74.0,74,707,251.29291806939696,254.82048686427854,11.185422719499032,3.0,1.0
74.0,74,710,815.1965224447969,670.2944696474951,7.755538950942392,1.0,1.0
74.0,74,716,1320.3432040437265,668.2723119533696,9.77136677757192,2.0,1.0
74.0,74,717,527.2540745108813,653.8374086681717,13.26178505962571,5.0,1.0
74.0,74,718,437.97433945341174,161.71679781708542,7.755538950942392,1.0,1.0
74.0,74,720,635.5787118973313,832.8845183843591,9.77136677757192,2.0,1.0
74.0,74,722,1006.9846759901695,779.698579335752,11.185422719499032,3.0,0.9999999999999999
74.0,74,723,428.5116957483704,597.0407425392569,11.185422719499032,3.0,1.0
74.0,74,724,894.4818784611915,621.8105918716202,7.755538950942392,1.0,1.0
74.0,74,726,1265.7158776270965,47.97764937229083,9.771366777571922,2.0,1.0
74.0,74,728,1036.249163063881,389.5074031222968,7.755538950942392,1.0,1.0
74.0,74,729,567.0410620854786,102.27375465546393,9.771366777571922,2.0,1.0
74.0,74,730,691.1858451232591,462.40036040033027,9.77136677757192,2.0,1.0
74.0,74,732,509.13612952957595,161.58373702081792,11.185422719499032,3.0,1.0
74.0,74,733,246.5367986643736,279.7013593024399,11.185422719499034,3.0,0.9999999999999999
74.0,74,734,1334.0849123124794,21.086941614422305,7.755538950942392,1.0,0.9999999999999999
74.0,74,735,723.2109861758913,5.919700191816122,7.755538950942392,1.0,1.0
74.0,74,737,1100.150194691111,482.79335773804286,11.185422719499032,3.0,1.0
74.0,74,740,1245.1431424871066,963.7810439821959,7.755538950942392,1.0,1.0
74.0,74,743,742.6878701218385,178.21865771085368,9.77136677757192,2.0,0.9999999999999999
74.0,74,745,1085.4130297337622,500.14884861094805,9.77136677757192,2.0,1.0
74.0,74,746,1273.1818720379201,381.49438366073974,9.77136677757192,2.0,1.0
74.0,74,747,629.2604526394346,741.5982171372466,7.755538950942392,1.0,1.0
74.0,74,748,1229.120123269217,336.3779641738677,7.755538950942392,1.0,0.9999999999999999
74.0,74,750,794.1817524873239,248.50321694392687,9.77136677757192,2.0,0.9999999999999999
74.0,74,752,1308.177248058627,697.2179062516898,9.771366777571922,2.0,1.0
74.0,74,753,643.7190407426323,472.56627815442147,9.771366777571922,2.0,1.0
74.0,74,754,549.2782301769233,726.0684802842711,7.755538950942392,1.0,1.0
74.0,74,755,941.704596543285,127.92589778616008,7.755538950942392,1.0,1.0
74.0,74,757,777.2293424561041,480.9474428053208,9.77136677757192,2.0,1.0
74.0,74,758,644.5091970881056,414.9253587626401,9.77136677757192,2.0,1.0
74.0,74,759,57.2354011423675,618.5799798141211,11.185422719499032,3.0,1.0
74.0,74,760,154.931287328345,1012.6740398282539,11.185422719499034,3.0,1.0
74.0,74,762,992.323547385441,51.55710843841282,11.185422719499032,3.0,0.9999999999999999
74.0,74,764,221.34906847137046,660.8232228243896,7.755538950942392,1.0,1.0
74.0,74,765,722.4135720485784,473.0709540234851,11.185422719499034,3.0,0.9999999999999999
74.0,74,766,359.5656858464075,3.6227326222984395,9.77136677757192,2.0,0.9999999999999999
74.0,74,767,349.20255560389853,595.825386896962,7.755538950942392,1.0,1.0
74.0,74,768,718.1489203319306,647.0044050264357,14.835812298463562,7.0,1.0
74.0,74,769,11.713965567999201,681.9057357541623,12.311150689306299,4.0,0.9999999999999999
74.0,74,772,1025.795736388585,917.68347286639,7.755538950942392,1.0,1.0
74.0,74,773,929.1082524964293,656.9611000569151,7.755538950942392,1.0,1.0
74.0,74,774,74.6615970126954,854.5745523377392,11.185422719499034,3.0,1.0
74.0,74,775,695.5584780789327,866.4461117791861,7.755538950942392,1.0,1.0
74.0,74,776,1083.8151699215462,152.09958386054413,9.77136677757192,2.0,1.0
74.0,74,777,390.44586287521736,325.9217676576574,7.755538950942392,1.0,1.0
74.0,74,780,238.835593927458,683.5368723613665,11.185422719499032,3.0,1.0
74.0,74,781,425.48416284810975,197.02343594697953,7.755538950942392,1.0,0.9999999999999999
74.0,74,782,144.4858955447984,561.7025620578706,11.185422719499032,3.0,1.0
74.0,74,783,173.8610729215057,705.508722700905,13.26178505962571,5.0,1.0
74.0,74,786,486.60377884714325,835.0865125327628,7.755538950942392,1.0,1.0
74.0,74,787,739.7607036996546,856.5582277615139,11.185422719499032,3.0,1.0
74.0,74,788,1123.7262947300042,407.85100438343295,7.755538950942392,1.0,1.0
74.0,74,789,394.5965678099259,971.1559559471805,11.185422719499034,3.0,0.9999999999999999
74.0,74,790,712.2700224609525,920.6946958299209,9.77136677757192,2.0,0.9999999999999999
74.0,74,791,929.5765468262069,960.5739150005488,11.185422719499032,3.0,1.0
74.0,74,792,559.3374179599278,767.052768925947,15.511077901884784,8.0,1.0
74.0,74,795,241.30886428069874,839.5838466000424,11.185422719499032,3.0,1.0
74.0,74,796,232.8785384608341,317.2066149407149,7.755538950942392,1.0,1.0
74.0,74,798,1020.9450675204616,465.3469256308823,7.755538950942392,1.0,1.0
74.0,74,799,30.005744933368106,201.6792951386984,7.755538950942392,1.0,1.0
74.0,74,800,341.17647233356234,729.9472171700946,9.77136677757192,2.0,1.0
74.0,74,801,1237.8370744269293,93.57305731578599,7.755538950942392,1.0,1.0
74.0,74,805,713.5463237481075,973.0899752069244,9.77136677757192,2.0,1.0
74.0,74,806,382.6388906156161,676.871247389724,9.771366777571922,2.0,0.9999999999999999
74.0,74,809,1193.325226426982,464.6365272917664,9.77136677757192,2.0,1.0
74.0,74,810,1056.0558239930253,145.03417139305083,9.77136677757192,2.0,1.0
74.0,74,811,822.6231874569584,544.3225534887279,11.185422719499034,3.0,1.0
74.0,74,812,50.69614567182311,409.6205663205642,7.755538950942392,1.0,1.0
74.0,74,815,471.3890722578514,576.204182439892,9.77136677757192,2.0,1.0
74.0,74,817,1191.680639080081,727.3399325088283,9.77136677757192,2.0,1.0
74.0,74,818,273.4067560666963,1010.2908249827117,7.755538950942392,1.0,1.0
74.0,74,819,1030.3439844775758,944.1491872487398,7.755538950942392,1.0,0.9999999999999999
74.0,74,820,1105.580614024107,589.790933712557,7.755538950942392,1.0,1.0
74.0,74,821,1310.2654354112528,37.00640047424077,13.261785059625714,5.0,1.0
74.0,74,823,473.5018310247261,689.3879762898537,7.755538950942392,1.0,1.0
74.0,74,824,554.242455087386,167.64361684993239,7.755538950942392,1.0,1.0
74.0,74,826,981.0908434050343,834.9311604835158,7.755538950942392,1.0,0.9999999999999999
74.0,74,828,151.5552591636864,822.123796913551,9.77136677757192,2.0,1.0
74.0,74,829,773.6193035885489,146.67393204261833,9.77136677757192,2.0,0.9999999999999999
74.0,74,830,440.5352747473623,755.3591673440795,9.771366777571922,2.0,1.0
74.0,74,831,835.4439281645274,613.3934700103554,9.771366777571922,2.0,1.0
74.0,74,832,1045.5637632025073,464.47815109350285,11.185422719499034,3.0,1.0
74.0,74,833,458.70597821097925,320.4369651349363,11.185422719499034,3.0,1.0
74.0,74,837,946.1760936563227,634.3214455274789,11.185422719499034,3.0,1.0
74.0,74,838,310.3932633242111,308.48695230560526,7.755538950942392,1.0,1.0
74.0,74,839,962.9810282923089,97.24952537618704,7.755538950942392,1.0,1.0
74.0,74,840,750.7476939574825,681.2376374198358,7.755538950942392,1.0,0.9999999999999999
74.0,74,841,895.7512783093597,583.1841112383995,11.185422719499032,3.0,0.9999999999999999
74.0,74,842,43.27250910773938,515.3692734799832,7.755538950942392,1.0,1.0
74.0,74,843,940.309428074064,902.3179473366288,7.755538950942392,1.0,1.0
74.0,74,845,1343.3244419736236,628.3954713281896,7.755538950942392,1.0,0.9999999999999999
74.0,74,846,689.5454152471193,433.39841498782556,9.77136677757192,2.0,1.0
74.0,74,848,588.1898567965878,630.0471930377131,13.261785059625714,5.0,1.0
74.0,74,851,1318.7743052221053,647.1599586156692,9.77136677757192,2.0,1.0
74.0,74,853,478.59608687231923,804.5235131944384,11.185422719499032,3.0,1.0
74.0,74,855,599.5649261074574,591.0513743851501,7.755538950942392,1.0,1.0
74.0,74,857,744.6555077069762,898.8327730670321,9.771366777571922,2.0,1.0
74.0,74,859,896.7906199153311,773.5646734811402,9.771366777571922,2.0,0.9999999999999999
74.0,74,860,6.611007730584975,262.3281159840603,9.771366777571922,2.0,1.0
74.0,74,861,996.8913156900056,74.52333891797194,7.755538950942392,1.0,1.0
74.0,74,862,301.77288877224794,577.3297674074531,7.755538950942392,1.0,1.0
74.0,74,865,842.138313937803,112.30753254412676,7.755538950942392,1.0,0.9999999999999999
74.0,74,866,931.9092179994767,19.837420268681992,9.77136677757192,2.0,1.0
74.0,74,868,1297.162429871569,807.8252772427883,14.092749536269187,6.0,1.0
74.0,74,869,1322.8757878362026,119.31731407473904,11.185422719499034,3.0,0.9999999999999999
74.0,74,870,233.34129140537613,185.03983123640805,7.755538950942392,1.0,1.0
74.0,74,871,710.9945013621451,750.2398287058966,12.311150689306299,4.0,1.0
74.0,74,872,1040.6810813706827,437.39252037730864,7.755538950942392,1.0,1.0
74.0,74,873,66.3427727264927,389.05335703963107,7.755538950942392,1.0,1.0
74.0,74,877,174.11615828121336,435.69084873504977,7.755538950942392,1.0,1.0
74.0,74,879,708.6310327597263,333.4263324058373,7.755538950942392,1.0,1.0
74.0,74,882,286.21987929423915,632.0026256175918,7.755538950942392,1.0,1.0
74.0,74,883,11.70108423457268,148.72262192628554,9.77136677757192,2.0,1.0
74.0,74,884,650.2672100601102,338.62546941963194,9.77136677757192,2.0,1.0
74.0,74,886,81.36566965419699,649.5436012481363,9.77136677757192,2.0,1.0
74.0,74,887,450.849868881816,243.06986500914738,12.311150689306299,4.0,1.0
74.0,74,890,1269.6035256079492,250.19887590452134,11.185422719499032,3.0,1.0
74.0,74,892,339.2303323265284,47.0023073557257,7.755538950942392,1.0,1.0
74.0,74,894,1190.2934618224717,4.654907033832132,9.771366777571922,2.0,0.9999999999999999
74.0,74,896,230.87086477458126,927.0779950101912,7.755538950942392,1.0,1.0
74.0,74,897,732.0600945763596,584.2880325913908,9.77136677757192,2.0,1.0
74.0,74,898,1081.3212741717282,292.3415095135331,9.77136677757192,2.0,1.0
74.0,74,899,1194.2050261005952,838.5140789696186,12.311150689306297,4.0,0.9999999999999999
74.0,74,901,1051.3152470198463,4.923831618718367,11.185422719499032,3.0,1.0
74.0,74,903,288.71916633983307,375.73960125930216,14.835812298463557,7.0,1.0
74.0,74,905,710.5777549632784,875.8843751249677,9.77136677757192,2.0,0.9999999999999999
74.0,74,907,1159.1936894988091,930.1045402101861,9.771366777571922,2.0,1.0
74.0,74,910,1273.9038388325887,786.4408202575088,9.77136677757192,2.0,1.0
74.0,74,911,331.2142106546248,89.71651229458405,7.755538950942392,1.0,1.0
74.0,74,912,437.22190580339793,889.4314105457247,7.755538950942392,1.0,1.0
74.0,74,913,314.5860576630875,733.5851205401011,7.755538950942392,1.0,0.9999999999999999
74.0,74,914,866.1078046509906,379.97129956745204,11.185422719499034,3.0,1.0
74.0,74,915,42.32252187223697,59.491394203466676,7.755538950942392,1.0,0.9999999999999999
74.0,74,916,832.5928237207244,305.17413979185426,7.755538950942392,1.0,1.0
74.0,74,921,1231.4834135302633,471.70980374930673,7.755538950942392,1.0,0.9999999999999999
74.0,74,924,642.752449142669,0.07990255061122298,9.77136677757192,2.0,0.9999999999999999
74.0,74,925,895.4300087935081,356.26084571040195,11.185422719499034,3.0,1.0
74.0,74,926,228.24930309389836,90.95999840003967,11.185422719499032,3.0,1.0
74.0,74,927,1266.9680356450501,87.06470440224507,12.311150689306297,4.0,1.0
74.0,74,928,525.0398717364254,954.2495103991964,7.755538950942392,1.0,1.0
74.0,74,930,810.6085188099192,567.053413075995,11.185422719499032,3.0,1.0
74.0,74,932,1282.2793132950267,542.0718564685423,11.185422719499032,3.0,1.0
74.0,74,933,1022.6184593429653,198.50497407381624,7.755538950942392,1.0,1.0
74.0,74,934,321.0176574587402,21.115666057471312,13.261785059625714,5.0,1.0
74.0,74,935,294.5179361744915,794.7823148292184,7.755538950942392,1.0,0.9999999999999999
74.0,74,936,526.3773299847664,401.7743527857229,9.77136677757192,2.0,1.0
74.0,74,937,930.3874153339219,1001.4407420907909,9.77136677757192,2.0,1.0
74.0,74,939,1162.6772210951083,134.3410309146271,9.77136677757192,2.0,1.0
74.0,74,941,49.32133341969714,952.1834303604903,11.185422719499032,3.0,1.0
74.0,74,947,417.6446398007547,73.23195882530533,7.755538950942392,1.0,1.0
74.0,74,949,1211.96935193722,27.148021171590134,11.185422719499032,3.0,1.0
74.0,74,950,385.0663568882768,643.5066960789691,9.77136677757192,2.0,1.0
74.0,74,951,97.76435483898491,322.74979763665254,11.185422719499032,3.0,1.0
74.0,74,952,183.1493646661312,176.743131785021,7.755538950942392,1.0,1.0
74.0,74,953,584.9824396505816,140.80016041468485,9.77136677757192,2.0,1.0
74.0,74,954,1313.4100443864313,200.8568942337151,7.755538950942392,1.0,1.0
74.0,74,955,475.76486635265286,414.9431126184317,9.77136677757192,2.0,1.0
74.0,74,956,1072.9564574415688,615.1376816619317,9.77136677757192,2.0,1.0
74.0,74,957,265.3413856829494,543.3782262551713,12.311150689306297,4.0,1.0
74.0,74,959,186.3355292682909,900.2356574717911,9.77136677757192,2.0,1.0
74.0,74,961,277.78886227251945,177.29440957690255,9.77136677757192,2.0,1.0
74.0,74,962,1304.759841513021,844.3676061188613,12.311150689306299,4.0,1.0
74.0,74,963,394.34293169970584,194.28489072685554,9.77136677757192,2.0,1.0
74.0,74,965,861.3175989221105,475.44946477206406,7.755538950942392,1.0,1.0
74.0,74,969,433.7790679576972,465.10135860018033,9.77136677757192,2.0,1.0
74.0,74,971,1166.763159647667,816.6160430686757,7.755538950942392,1.0,1.0
74.0,74,972,490.4740191271948,600.7305911013609,11.185422719499032,3.0,1.0
74.0,74,975,29.822065461603103,720.7586946905046,7.755538950942392,1.0,1.0
74.0,74,977,1030.055517805914,154.601039492031,7.755538950942392,1.0,1.0
74.0,74,980,337.2686335830376,755.0333433811059,7.755538950942392,1.0,1.0
74.0,74,981,994.4136541129869,406.1549124105706,7.755538950942392,1.0,1.0
74.0,74,983,924.3949522397093,534.2728175679435,7.755538950942392,1.0,1.0
74.0,74,985,1250.732224257482,920.7040849815053,12.311150689306299,4.0,1.0
74.0,74,986,1157.2888022199545,777.9407849658334,12.311150689306295,4.0,1.0
74.0,74,987,1170.7549643665675,874.1020676607571,7.755538950942392,1.0,1.0
74.0,74,988,1127.4097203926563,611.3392503015043,7.755538950942392,1.0,1.0
74.0,74,989,542.6919900451799,940.2012078267029,9.77136677757192,2.0,1.0
74.0,74,995,34.355665096279715,4.804048777456935,11.185422719499032,3.0,1.0
74.0,74,996,264.108059971598,864.4146016101507,9.77136677757192,2.0,1.0
74.0,74,998,7.995570172453201,977.5205172623039,7.755538950942392,1.0,1.0
74.0,74,999,1065.5111177225895,426.12595766522776,7.755538950942392,1.0,1.0
74.0,74,1000,169.9593660001309,876.2160237337803,9.77136677757192,2.0,0.9999999999999999
77.0,77,1,113.76370717978706,932.5438026247624,7.755538950942392,1.0,0.9999999999999999
77.0,77,3,948.2996338849252,305.98652187135406,13.261785059625714,5.0,1.0
77.0,77,6,457.5274780803771,95.64596993915858,7.755538950942392,1.0,1.0
77.0,77,8,356.4441641809794,212.309641417706,16.132171110904203,9.0,1.0
77.0,77,9,1072.3067882920684,405.775128960939,7.755538950942392,1.0,1.0
77.0,77,10,1150.562675556155,298.1620409238939,7.755538950942392,1.0,1.0
77.0,77,11,847.9510975800558,943.3302570767851,9.77136677757192,2.0,0.9999999999999999
77.0,77,15,1001.6192101553279,305.90823355512646,7.755538950942392,1.0,1.0
77.0,77,17,193.92529344632612,265.6052397945839,7.755538950942392,1.0,1.0
77.0,77,18,645.9013286692998,648.5086343190759,7.755538950942392,1.0,1.0
77.0,77,20,344.08385013203554,960.020329737145,7.755538950942392,1.0,1.0
77.0,77,21,252.65479848956474,81.74580890208046,7.755538950942392,1.0,1.0
77.0,77,22,141.575612313682,459.67797405329577,9.77136677757192,2.0,1.0
77.0,77,23,2.2626470518151836,819.3193054704933,9.77136677757192,2.0,1.0
77.0,77,27,524.2817028452995,547.9739747740429,7.755538950942392,1.0,1.0
77.0,77,28,906.5247028428299,898.0550701729209,7.755538950942392,1.0,1.0
77.0,77,29,1105.465101042854,0.22258711441307144,13.261785059625714,5.0,1.0
77.0,77,31,968.6084630210873,146.78815764761796,7.755538950942392,1.0,0.9999999999999999
77.0,77,35,189.5816823159097,749.2113361246163,7.755538950942392,1.0,1.0
77.0,77,37,863.2634072260099,908.1675928698289,9.771366777571922,2.0,1.0
77.0,77,38,957.9114298461512,728.5723848548062,7.755538950942392,1.0,0.9999999999999999
77.0,77,39,1330.3168627696068,1006.1783241934128,7.755538950942392,1.0,0.9999999999999999
77.0,77,40,960.0869655053627,935.5259194212185,9.77136677757192,2.0,1.0
77.0,77,41,431.95406087697097,281.4854859256439,9.77136677757192,2.0,1.0
77.0,77,43,783.1570428774842,825.1707945073407,7.755538950942392,1.0,1.0
77.0,77,44,745.3896187530103,61.791800903698075,11.185422719499032,3.0,1.0
77.0,77,45,885.5059273212225,953.6750054474271,7.755538950942392,1.0,1.0
77.0,77,46,1144.605203796772,351.99617935603396,7.755538950942392,1.0,1.0
77.0,77,51,1324.0760096806412,229.43863348944575,9.77136677757192,2.0,1.0
77.0,77,53,134.94505430617295,111.2690139552402,7.755538950942392,1.0,0.9999999999999999
77.0,77,55,1251.32320239364,616.2254552576865,7.755538950942392,1.0,1.0
77.0,77,57,1059.120256367346,725.4937493603285,12.311150689306295,4.0,0.9999999999999999
77.0,77,59,37.04202492722868,148.22114851834908,7.755538950942392,1.0,1.0
77.0,77,60,45.99433768575859,233.27567695452916,9.77136677757192,2.0,1.0
77.0,77,61,880.7269534117697,994.857138078978,9.771366777571922,2.0,1.0
77.0,77,62,577.4580808076406,0.07455831028437387,7.755538950942392,1.0,1.0
77.0,77,63,1133.920116703411,631.6049708307796,7.755538950942392,1.0,0.9999999999999999
77.0,77,65,701.1572979996852,832.6110292538151,7.755538950942392,1.0,1.0
77.0,77,66,964.6518679997513,1014.9014145006896,9.771366777571922,2.0,1.0
77.0,77,67,1083.9026645797144,251.80753099168544,13.261785059625712,5.0,1.0
77.0,77,68,1240.4555740848612,659.3624444594748,7.755538950942392,1.0,1.0
77.0,77,70,1151.455029557765,475.86153787338816,7.755538950942392,1.0,1.0
77.0,77,71,770.5906650167419,786.0225303139823,9.771366777571922,2.0,1.0
77.0,77,73,537.3122331959362,308.1268469929014,7.755538950942392,1.0,0.9999999999999999
77.0,77,77,426.1346149222684,828.9643181109662,11.185422719499032,3.0,1.0
77.0,77,78,1105.748612230699,181.17218770052037,7.755538950942392,1.0,1.0
77.0,77,79,824.7679774565833,235.9382635073177,9.77136677757192,2.0,1.0
77.0,77,80,1011.2079596080732,359.7792514664959,7.755538950942392,1.0,1.0
77.0,77,81,612.7650635280957,5.54412597959772,9.77136677757192,2.0,1.0
77.0,77,83,1193.6247532804587,418.4926747864655,7.755538950942392,1.0,1.0
77.0,77,85,119.03049569035647,787.8802874766213,7.755538950942392,1.0,1.0
77.0,77,86,1027.2059717160007,513.99288524591,9.77136677757192,2.0,0.9999999999999999
77.0,77,87,707.4289662532282,125.14438786910357,7.755538950942392,1.0,1.0
77.0,77,88,73.4556515498861,503.8705901985938,7.755538950942392,1.0,1.0
77.0,77,90,805.5497490865592,416.56467821583465,7.755538950942392,1.0,0.9999999999999999
77.0,77,91,52.85993206396121,15.578783131569887,7.755538950942392,1.0,1.0
77.0,77,92,1095.934588055874,695.5396229836064,7.755538950942392,1.0,1.0
77.0,77,93,286.65252023083985,293.87642838716266,9.77136677757192,2.0,1.0
77.0,77,94,646.6964495341958,893.9063236385166,12.311150689306299,4.0,1.0
77.0,77,97,940.1202775640558,62.28313041821865,12.311150689306297,4.0,1.0
77.0,77,100,364.3570870013489,811.5365526532262,7.755538950942392,1.0,1.0
77.0,77,101,19.526820471244918,616.4345214614372,7.755538950942392,1.0,1.0
77.0,77,103,218.58124229984546,19.781825713877215,7.755538950942392,1.0,1.0
77.0,77,104,381.64059354370556,582.395600990619,7.755538950942392,1.0,0.9999999999999999
77.0,77,107,437.0588484458998,135.1626560257115,7.755538950942392,1.0,1.0
77.0,77,110,646.4287579153453,619.7579965609144,7.755538950942392,1.0,1.0
77.0,77,116,1156.7251424667058,54.9264573146045,11.185422719499032,3.0,1.0
77.0,77,118,279.5328200310595,437.30303027989385,9.77136677757192,2.0,1.0
77.0,77,119,1040.028670590041,559.9100219403743,11.185422719499032,3.0,1.0
77.0,77,121,106.60268484196703,217.6151212483823,11.185422719499034,3.0,0.9999999999999999
77.0,77,122,849.8796783684286,261.5908913112275,13.261785059625714,5.0,1.0
77.0,77,123,1292.4176920340142,588.3328665003644,11.185422719499034,3.0,1.0
77.0,77,125,423.3585294098452,1008.6271718034652,11.185422719499034,3.0,1.0
77.0,77,126,1.3467012791902886,469.2070924327181,7.755538950942392,1.0,1.0
77.0,77,127,838.9230683754596,558.3124811858646,7.755538950942392,1.0,1.0
77.0,77,129,781.8408444982061,675.6322439702546,7.755538950942392,1.0,1.0
77.0,77,130,1204.8404731405853,441.6222910904363,7.755538950942392,1.0,1.0
77.0,77,131,1243.674005929888,307.3024557543662,7.755538950942392,1.0,1.0
77.0,77,132,1285.1619454276877,173.6733405706388,12.311150689306297,4.0,1.0
77.0,77,134,119.34048936033962,831.1649416738363,9.77136677757192,2.0,1.0
77.0,77,135,1013.0418667184945,593.7873264672993,7.755538950942392,1.0,1.0
77.0,77,138,486.5800886597279,1.9214624880548006,7.755538950942392,1.0,1.0
77.0,77,142,1294.0780949123036,294.73860072735425,7.755538950942392,1.0,1.0
77.0,77,143,614.513353580119,110.91514135925404,14.09274953626919,6.0,1.0
77.0,77,144,1274.020464309153,968.6151053499128,9.77136677757192,2.0,1.0
77.0,77,145,119.22573075897988,868.602319679853,9.77136677757192,2.0,1.0
77.0,77,146,1057.3066326592723,525.3111669914844,7.755538950942392,1.0,1.0
77.0,77,148,547.379047553882,142.93825703372195,9.77136677757192,2.0,1.0
77.0,77,149,175.74022554428026,984.9292434523255,7.755538950942392,1.0,1.0
77.0,77,150,705.6602476787649,382.7650394230028,12.311150689306299,4.0,0.9999999999999999
77.0,77,151,471.26348108177393,667.4779813335394,7.755538950942392,1.0,1.0
77.0,77,152,1162.44177125664,676.028222224968,7.755538950942392,1.0,0.9999999999999999
77.0,77,153,59.012979749199424,547.8182435962199,9.77136677757192,2.0,1.0
77.0,77,156,875.5099872659964,808.0753889251644,7.755538950942392,1.0,0.9999999999999999
77.0,77,160,1057.348952895733,760.3309520154589,7.755538950942392,1.0,0.9999999999999999
77.0,77,163,76.6364422955314,62.715221766103056,7.755538950942392,1.0,1.0
77.0,77,164,363.76243499766537,73.41173238305444,9.771366777571922,2.0,1.0
77.0,77,165,141.9844275312097,3.3380103594774773,7.755538950942392,1.0,1.0
77.0,77,166,494.74539215613663,94.94647029715672,12.311150689306297,4.0,0.9999999999999999
77.0,77,170,974.7499496275522,689.4848195283298,7.755538950942392,1.0,1.0
77.0,77,172,821.6609350214039,814.0866108961906,7.755538950942392,1.0,1.0
77.0,77,173,3.917370639379291,57.50082960307254,11.185422719499034,3.0,1.0
77.0,77,174,967.3866649573639,747.0502054939491,7.755538950942392,1.0,1.0
77.0,77,175,1330.9733617124516,860.4750685847889,9.77136677757192,2.0,1.0
77.0,77,181,472.7073236419641,938.9207380665237,11.185422719499032,3.0,1.0
77.0,77,186,223.3636815706391,623.1682752238279,12.311150689306297,4.0,1.0
77.0,77,187,610.1591906065478,902.9094871330975,7.755538950942392,1.0,1.0
77.0,77,188,594.136749180347,282.33642325996306,9.771366777571922,2.0,0.9999999999999999
77.0,77,189,822.7086428702353,924.2662352819493,7.755538950942392,1.0,1.0
77.0,77,191,1079.071256524047,753.5112712483858,9.77136677757192,2.0,1.0
77.0,77,193,354.8244681285509,105.2145479251762,7.755538950942392,1.0,0.9999999999999999
77.0,77,199,196.2351454046256,544.5817627253228,16.132171110904203,9.0,1.0
77.0,77,201,143.85548731015356,428.46126542617844,9.77136677757192,2.0,1.0
77.0,77,208,1036.8533210861726,278.3326012966906,9.77136677757192,2.0,1.0
77.0,77,210,103.37402512217339,1024.7931142439068,11.185422719499034,3.0,1.0
77.0,77,213,484.8949579559027,745.5121619727139,7.755538950942392,1.0,1.0
77.0,77,214,31.980070246969955,251.52443774460673,7.755538950942392,1.0,1.0
77.0,77,215,352.97712919492784,432.21861107377174,9.77136677757192,2.0,1.0
77.0,77,218,669.4728999521406,310.0577962678247,7.755538950942392,1.0,1.0
77.0,77,219,300.7381013314283,104.08605892640303,7.755538950942392,1.0,1.0
77.0,77,220,311.8831794642044,924.233266705077,12.311150689306299,4.0,1.0
77.0,77,221,107.95366485826841,178.1536601798349,12.311150689306299,4.0,0.9999999999999999
77.0,77,224,563.6043481758995,246.63214775603302,9.771366777571922,2.0,1.0
77.0,77,228,893.7974724311039,24.999439390630805,12.311150689306299,4.0,1.0
77.0,77,230,1136.4747871352126,726.5139175561039,7.755538950942392,1.0,0.9999999999999999
77.0,77,231,741.4860685953214,309.52511301570104,9.771366777571922,2.0,1.0
77.0,77,232,500.1132764489832,228.59731931001315,7.755538950942392,1.0,1.0
77.0,77,238,908.5181830403267,863.1859109363124,7.755538950942392,1.0,1.0
77.0,77,239,1200.094826027844,927.445603778634,7.755538950942392,1.0,1.0
77.0,77,241,1225.716965614922,526.9916751418681,12.311150689306297,4.0,1.0
77.0,77,242,741.1222689858297,27.731756780563707,7.755538950942392,1.0,1.0
77.0,77,243,66.60455137948948,688.4179012968453,7.755538950942392,1.0,1.0
77.0,77,245,736.0173386053451,789.0051452494857,9.77136677757192,2.0,0.9999999999999999
77.0,77,247,384.40047139260423,215.63391819117504,7.755538950942392,1.0,1.0
77.0,77,248,461.1160031549803,185.71130270857049,9.77136677757192,2.0,1.0
77.0,77,250,516.9015574896672,804.8675597305627,7.755538950942392,1.0,1.0
77.0,77,255,1335.5519047334908,823.0744394496761,9.77136677757192,2.0,1.0
77.0,77,256,925.999374598559,725.734772985519,7.755538950942392,1.0,1.0
77.0,77,257,609.5500512482829,38.58877810843719,7.755538950942392,1.0,1.0
77.0,77,259,741.7544248311569,147.4572786398234,11.185422719499032,3.0,1.0
77.0,77,260,1093.7240248450296,805.7336937842198,7.755538950942392,1.0,1.0
77.0,77,261,258.28850910202675,424.01864266707577,7.755538950942392,1.0,1.0
77.0,77,262,846.528417358569,987.9870863758894,9.77136677757192,2.0,1.0
77.0,77,263,89.41974326125259,143.44827561025053,11.185422719499034,3.0,1.0
77.0,77,264,936.7380476166969,814.7075018841699,7.755538950942392,1.0,1.0
77.0,77,265,1342.3323811320865,434.6924086483622,7.755538950942392,1.0,1.0
77.0,77,268,1020.4616087034075,227.79564810103597,7.755538950942392,1.0,1.0
77.0,77,269,118.31690565464439,378.2325891762612,9.771366777571922,2.0,1.0
77.0,77,270,338.6955881609211,410.51179985603136,9.771366777571922,2.0,1.0
77.0,77,272,230.21549786493986,294.26753992247166,7.755538950942392,1.0,1.0
77.0,77,273,619.8737774636667,583.2087271567361,7.755538950942392,1.0,1.0
77.0,77,274,795.9887619459247,849.6381740731717,7.755538950942392,1.0,0.9999999999999999
77.0,77,275,1177.2015605365302,387.01581497099244,7.755538950942392,1.0,1.0
77.0,77,276,1100.6838280109585,532.9469209185264,7.755538950942392,1.0,0.9999999999999999
77.0,77,278,1249.355023745417,361.8128631287968,12.311150689306299,4.0,1.0
77.0,77,279,129.10777599885193,632.6863559139105,12.311150689306299,4.0,1.0
77.0,77,280,350.98199818575034,978.2628332211987,7.755538950942392,1.0,1.0
77.0,77,281,1189.4846806370986,554.5259360953295,11.185422719499032,3.0,1.0
77.0,77,283,676.1396425471252,599.1296819696962,9.77136677757192,2.0,1.0
77.0,77,284,73.17711822489186,800.209114799908,7.755538950942392,1.0,1.0
77.0,77,285,858.1284577377785,644.5331890323328,7.755538950942392,1.0,0.9999999999999999
77.0,77,286,1140.1837006597154,256.59687138579835,7.755538950942392,1.0,1.0
77.0,77,287,97.79650433939798,715.7836885082331,7.755538950942392,1.0,1.0
77.0,77,289,1244.3644673178212,817.5921363502715,12.311150689306299,4.0,1.0
77.0,77,291,501.8571061985458,358.5107853530066,7.755538950942392,1.0,0.9999999999999999
77.0,77,294,619.5830340367119,432.2593124347808,7.755538950942392,1.0,0.9999999999999999
77.0,77,295,46.292570334142134,748.5447613311294,12.311150689306297,4.0,1.0
77.0,77,300,348.179421727064,665.8168380158346,9.77136677757192,2.0,1.0
77.0,77,301,1114.1587670177535,35.731609291192555,9.77136677757192,2.0,1.0
77.0,77,302,633.8918689474366,993.0707169718767,7.755538950942392,1.0,0.9999999999999999
77.0,77,304,720.8154819334128,406.498680154106,7.755538950942392,1.0,1.0
77.0,77,306,153.39816260533613,597.2433713164837,7.755538950942392,1.0,0.9999999999999999
77.0,77,307,984.5220267550735,489.0711305281922,12.311150689306297,4.0,1.0
77.0,77,309,818.3643968829524,192.81375437148142,7.755538950942392,1.0,1.0
77.0,77,311,696.7883810517875,572.777021547094,9.77136677757192,2.0,1.0
77.0,77,314,168.3334201274027,147.05368405836842,7.755538950942392,1.0,1.0
77.0,77,318,1218.657856304459,600.9204815445761,11.185422719499032,3.0,1.0
77.0,77,319,112.44104003776593,999.9486193222533,9.77136677757192,2.0,1.0
77.0,77,320,1242.2990263223026,119.36718708647352,9.77136677757192,2.0,1.0
77.0,77,322,864.09630405238,970.3907423649559,9.77136677757192,2.0,1.0
77.0,77,323,75.3976991069667,434.13224387021717,9.77136677757192,2.0,0.9999999999999999
77.0,77,325,207.01765894542885,928.6924113971172,7.755538950942392,1.0,1.0
77.0,77,326,200.0884864799761,474.4853680897656,9.77136677757192,2.0,1.0
77.0,77,327,915.5486809954492,475.4855823332604,7.755538950942392,1.0,1.0
77.0,77,328,685.154368664276,299.89889342694283,7.755538950942392,1.0,1.0
77.0,77,330,405.29061425934304,861.2992335442527,9.77136677757192,2.0,1.0
77.0,77,331,135.72625198988936,723.5701427656992,15.511077901884784,8.0,0.9999999999999999
77.0,77,333,626.3662388394441,25.75956619188037,7.755538950942392,1.0,1.0
77.0,77,334,1135.1345521253313,832.6369305245224,7.755538950942392,1.0,1.0
77.0,77,337,584.1642785718234,935.9519787176176,9.77136677757192,2.0,1.0
77.0,77,339,821.0119020901303,87.62921357169556,7.755538950942392,1.0,1.0
77.0,77,340,895.2171001259863,662.8099331048144,9.771366777571922,2.0,0.9999999999999999
77.0,77,341,985.973550679004,610.7024018993047,12.311150689306297,4.0,1.0
77.0,77,342,881.0048492624009,138.96274539125332,9.77136677757192,2.0,0.9999999999999999
77.0,77,343,131.36936079705865,488.2995119724659,7.755538950942392,1.0,0.9999999999999999
77.0,77,344,727.3419397917977,362.136087654279,7.755538950942392,1.0,1.0
77.0,77,346,1187.8236641482129,633.1466425009176,7.755538950942392,1.0,0.9999999999999999
77.0,77,348,406.3494767579011,655.9998954947472,7.755538950942392,1.0,0.9999999999999999
77.0,77,350,1259.5187586936204,155.17330242064375,7.755538950942392,1.0,1.0
77.0,77,354,475.04771349603874,240.8014339990327,7.755538950942392,1.0,0.9999999999999999
77.0,77,355,99.21875629010275,490.06909410475527,7.755538950942392,1.0,0.9999999999999999
77.0,77,356,686.3024314218093,1015.143425851222,7.755538950942392,1.0,1.0
77.0,77,360,677.0138709694552,333.32183660107665,7.755538950942392,1.0,1.0
77.0,77,361,32.143899983806925,632.4772472746299,7.755538950942392,1.0,1.0
77.0,77,362,996.1766063353729,703.7456129766939,7.755538950942392,1.0,1.0
77.0,77,363,602.1886944251709,510.0014319752322,7.755538950942392,1.0,0.9999999999999999
77.0,77,364,1329.339362549417,413.96047946476295,7.755538950942392,1.0,0.9999999999999999
77.0,77,365,114.25545875107431,75.5666338721325,7.755538950942392,1.0,1.0
77.0,77,366,846.2276367811168,163.4520396743247,7.755538950942392,1.0,1.0
77.0,77,367,1184.674970477211,991.6170450003968,7.755538950942392,1.0,0.9999999999999999
77.0,77,368,1331.5541517489619,165.65283404796102,12.311150689306297,4.0,1.0
77.0,77,369,863.5389515021801,358.73349588287317,7.755538950942392,1.0,1.0
77.0,77,370,33.98767255017085,993.5443095753894,7.755538950942392,1.0,1.0
77.0,77,371,577.4006011985539,422.10938487103687,7.755538950942392,1.0,1.0
77.0,77,373,873.7268621484207,199.40966010962762,7.755538950942392,1.0,1.0
77.0,77,374,870.2834804978305,73.62307906972943,11.185422719499032,3.0,0.9999999999999999
77.0,77,380,853.4562573811904,16.012056057006433,9.771366777571922,2.0,0.9999999999999999
77.0,77,381,814.9383013622535,329.64183961038344,9.77136677757192,2.0,1.0
77.0,77,382,1336.768309444643,274.8237550778853,9.77136677757192,2.0,1.0
77.0,77,383,930.9993098184153,496.8553834659281,9.771366777571922,2.0,1.0
77.0,77,385,698.8796663925473,538.1078344806713,7.755538950942392,1.0,1.0
77.0,77,387,819.1566047781394,264.95167153843664,9.77136677757192,2.0,1.0
77.0,77,388,184.63390419119978,647.7855373253648,7.755538950942392,1.0,1.0
77.0,77,390,365.94950496148675,166.89690245414508,12.311150689306299,4.0,1.0
77.0,77,391,736.5877989768804,504.5178666303672,13.261785059625714,5.0,1.0
77.0,77,393,265.89020149580404,899.6775751315273,7.755538950942392,1.0,1.0
77.0,77,396,1043.87029852816,355.6603226378961,9.77136677757192,2.0,1.0
77.0,77,399,527.7986289766733,618.6069541707838,11.185422719499032,3.0,1.0
77.0,77,400,228.67129580844704,379.12671864668374,7.755538950942392,1.0,1.0
77.0,77,403,643.843901782006,542.5744815243182,7.755538950942392,1.0,1.0
77.0,77,405,758.8627346176554,370.9597510184395,12.311150689306297,4.0,1.0
77.0,77,406,263.6939038702842,791.0543930045295,14.092749536269183,6.0,1.0
77.0,77,409,573.9480456798851,873.665362485683,12.311150689306299,4.0,1.0
77.0,77,410,570.1137258964764,537.5267481164765,9.771366777571922,2.0,1.0
77.0,77,412,750.7029895548204,648.2136388635956,9.77136677757192,2.0,1.0
77.0,77,414,1207.5664146778968,495.65471883789183,7.755538950942392,1.0,1.0
77.0,77,415,1135.2451529113905,694.8535766892156,7.755538950942392,1.0,1.0
77.0,77,416,394.560355892477,729.3838543977299,7.755538950942392,1.0,1.0
77.0,77,417,905.3032712033947,520.5907787108027,9.77136677757192,2.0,1.0
77.0,77,418,535.1940416204839,683.7630157660408,9.77136677757192,2.0,1.0
77.0,77,419,335.17181335082597,899.3509918757218,9.771366777571922,2.0,0.9999999999999999
77.0,77,420,689.0564055900232,965.8492927925017,7.755538950942392,1.0,1.0
77.0,77,421,980.7939889509418,349.94916575472575,7.755538950942392,1.0,1.0
77.0,77,422,157.4013315866237,661.5980388570938,7.755538950942392,1.0,1.0
77.0,77,427,539.3172063337272,10.854766645367423,9.77136677757192,2.0,1.0
77.0,77,428,1061.5117419332462,202.32977215847365,9.77136677757192,2.0,1.0
77.0,77,431,271.77158211785314,573.4257244677977,7.755538950942392,1.0,1.0
77.0,77,432,363.6999701036332,772.1871214118826,9.77136677757192,2.0,1.0
77.0,77,433,287.62544330589435,601.852302034534,9.77136677757192,2.0,0.9999999999999999
77.0,77,435,887.449280286611,236.08383226266463,7.755538950942392,1.0,1.0
77.0,77,436,306.3269175891714,664.1303809081438,9.77136677757192,2.0,1.0
77.0,77,438,866.2670213036441,716.3319365906922,7.755538950942392,1.0,1.0
77.0,77,439,532.3376994157524,863.2171237788392,12.311150689306299,4.0,1.0
77.0,77,440,353.49669071915525,875.1369629421588,7.755538950942392,1.0,1.0
77.0,77,441,942.7522148851011,425.4883666599053,9.771366777571922,2.0,1.0
77.0,77,442,500.97355080636396,327.91074330019177,7.755538950942392,1.0,1.0
77.0,77,443,216.0560593822978,745.5110559352585,7.755538950942392,1.0,1.0
77.0,77,445,1056.940598292901,37.814329952495505,7.755538950942392,1.0,1.0
77.0,77,446,325.1049715299086,258.39957292806804,7.755538950942392,1.0,1.0
77.0,77,449,1201.2543540273618,128.2412607688157,7.755538950942392,1.0,0.9999999999999999
77.0,77,451,1335.6538142546283,508.10672093960767,7.755538950942392,1.0,1.0
77.0,77,453,188.85257455470594,1019.4518574891622,7.755538950942392,1.0,1.0
77.0,77,455,850.6339873096639,210.2813190906831,12.311150689306299,4.0,1.0
77.0,77,456,313.84881127528024,817.8196482725012,9.77136677757192,2.0,1.0
77.0,77,458,1247.3297796105521,174.47576203538276,7.755538950942392,1.0,1.0
77.0,77,459,1313.5521949553008,347.8738052025277,9.77136677757192,2.0,1.0
77.0,77,461,147.664353042024,56.74383854071622,9.77136677757192,2.0,1.0
77.0,77,462,1098.111742354048,301.8848370689681,7.755538950942392,1.0,1.0
77.0,77,464,1336.3660077183488,62.118670177446425,7.755538950942392,1.0,1.0
77.0,77,465,801.670466891076,180.15274765613873,7.755538950942392,1.0,1.0
77.0,77,466,402.78119428258873,623.168479547414,9.77136677757192,2.0,0.9999999999999999
77.0,77,468,1214.2746855982514,910.5006486312495,7.755538950942392,1.0,1.0
77.0,77,469,1133.7517113857048,889.2409918637333,7.755538950942392,1.0,1.0
77.0,77,470,84.0732313272286,412.4705568003974,7.755538950942392,1.0,0.9999999999999999
77.0,77,471,64.84885815412527,484.9651606724973,7.755538950942392,1.0,0.9999999999999999
77.0,77,472,308.25178269912465,133.19859238115114,7.755538950942392,1.0,1.0
77.0,77,473,389.49437677957775,914.7331471679863,7.755538950942392,1.0,1.0
77.0,77,474,87.45648921221557,1002.8009437334041,9.771366777571922,2.0,1.0
77.0,77,476,481.6228979740534,134.9661209307169,12.311150689306299,4.0,0.9999999999999999
77.0,77,477,276.2030828500826,940.64212755591,12.311150689306299,4.0,0.9999999999999999
77.0,77,479,352.5972130907427,936.0312941906312,7.755538950942392,1.0,0.9999999999999999
77.0,77,481,590.9739907714434,974.775207975494,11.185422719499034,3.0,1.0
77.0,77,485,1044.5187564762612,687.8575641789323,7.755538950942392,1.0,0.9999999999999999
77.0,77,486,404.40240556119494,128.19469502580745,7.755538950942392,1.0,1.0
77.0,77,487,1068.3015799370232,962.0138475715121,14.09274953626919,6.0,1.0
77.0,77,489,659.6979130340908,147.3317999005293,9.77136677757192,2.0,1.0
77.0,77,490,453.86945142126194,905.4251588487721,9.77136677757192,2.0,1.0
77.0,77,491,654.001501823896,758.750416732202,11.185422719499034,3.0,1.0
77.0,77,493,96.4067493806518,369.4536616770755,7.755538950942392,1.0,1.0
77.0,77,494,814.1862482266632,762.489345976884,9.77136677757192,2.0,1.0
77.0,77,496,694.6139874970706,507.87390517201806,9.771366777571922,2.0,1.0
77.0,77,497,1196.2619612968542,774.4344327977135,7.755538950942392,1.0,1.0
77.0,77,498,422.8906141278066,481.723116917908,7.755538950942392,1.0,1.0
77.0,77,500,535.1237277086808,185.0297687031124,7.755538950942392,1.0,1.0
77.0,77,501,516.3762593599495,990.6571834935963,12.311150689306299,4.0,1.0
77.0,77,503,546.5697173692254,38.190036803047235,13.261785059625712,5.0,1.0
77.0,77,504,993.9384923721221,204.2017011433833,7.755538950942392,1.0,1.0
77.0,77,506,107.25153056311613,742.3042944364649,7.755538950942392,1.0,1.0
77.0,77,507,1336.3009295169434,325.9727737293128,7.755538950942392,1.0,1.0
77.0,77,508,1165.27137062904,523.682190423094,11.185422719499032,3.0,1.0
77.0,77,509,1066.7411373222162,861.6968641476323,9.77136677757192,2.0,1.0
77.0,77,510,597.590109646973,217.84145515982402,13.261785059625714,5.0,0.9999999999999999
77.0,77,511,519.8749183097434,500.0445303852826,9.77136677757192,2.0,1.0
77.0,77,512,192.33004832206208,864.1906360695956,11.185422719499034,3.0,1.0
77.0,77,513,1260.149770070917,584.7347075747999,14.09274953626919,6.0,1.0
77.0,77,516,1221.059687550258,386.66360701743196,11.185422719499032,3.0,0.9999999999999999
77.0,77,517,903.8325903323814,835.1721533369987,9.77136677757192,2.0,1.0
77.0,77,518,135.96482674953316,522.2520995089225,12.311150689306299,4.0,0.9999999999999999
77.0,77,519,821.8474489125413,381.6640825099486,14.09274953626919,6.0,0.9999999999999999
77.0,77,520,802.4588581200785,0.49676312563735414,11.185422719499034,3.0,0.9999999999999999
77.0,77,521,823.9710721026687,49.981682022388526,11.185422719499034,3.0,1.0
77.0,77,522,987.2926578367496,978.0983807272245,7.755538950942392,1.0,1.0
77.0,77,523,979.5413029327955,186.3951044851493,7.755538950942392,1.0,1.0
77.0,77,524,864.0944869293505,877.714559586195,9.77136677757192,2.0,1.0
77.0,77,529,785.3914687031149,568.055390352886,7.755538950942392,1.0,1.0
77.0,77,530,120.29445121034199,683.6859945872528,9.771366777571922,2.0,1.0
77.0,77,533,826.5272532595313,873.5471034716238,9.771366777571922,2.0,1.0
77.0,77,535,844.0209150913583,140.00865725078626,7.755538950942392,1.0,1.0
77.0,77,536,339.90185840163014,490.95508617733196,7.755538950942392,1.0,1.0
77.0,77,538,548.285985097763,452.5542301559609,11.185422719499032,3.0,1.0
77.0,77,539,965.0540878207166,221.80472460578005,7.755538950942392,1.0,1.0
77.0,77,540,304.42531258200603,542.4809188025572,7.755538950942392,1.0,1.0
77.0,77,543,908.8969581888547,408.704337549522,9.77136677757192,2.0,1.0
77.0,77,546,1030.901842449688,833.9700346726272,9.77136677757192,2.0,1.0
77.0,77,547,497.3875102533099,252.79719645372154,7.755538950942392,1.0,1.0
77.0,77,548,896.903214955547,447.3334796392635,11.185422719499034,3.0,1.0
77.0,77,551,1250.0951332225177,771.4361391096182,7.755538950942392,1.0,1.0
77.0,77,555,154.63741019028515,194.46289498267893,11.185422719499032,3.0,1.0
77.0,77,556,264.48360289875916,470.51062913928257,7.755538950942392,1.0,1.0
77.0,77,557,599.8327651026623,322.09044966687946,11.185422719499032,3.0,1.0
77.0,77,558,232.309997364485,71.09034303971043,7.755538950942392,1.0,1.0
77.0,77,559,1071.9956932922914,80.25181369234261,7.755538950942392,1.0,0.9999999999999999
77.0,77,561,1313.0233579427243,886.6747150205247,7.755538950942392,1.0,1.0
77.0,77,562,184.77445355306915,236.53845862126934,11.185422719499032,3.0,1.0
77.0,77,563,440.0639010691612,420.93508696662377,7.755538950942392,1.0,1.0
77.0,77,564,364.222278066316,457.8544695434268,11.185422719499032,3.0,1.0
77.0,77,565,1217.7036733978223,749.6722459725863,7.755538950942392,1.0,1.0
77.0,77,568,1109.577453375066,159.95603993530764,7.755538950942392,1.0,0.9999999999999999
77.0,77,569,331.47884032288545,341.17689871729533,7.755538950942392,1.0,1.0
77.0,77,570,1320.2360149556598,563.4435077760902,9.77136677757192,2.0,1.0
77.0,77,573,485.0907821095628,957.1768232279982,7.755538950942392,1.0,1.0
77.0,77,574,184.9784424104331,798.9473086359626,7.755538950942392,1.0,1.0
77.0,77,575,674.752759584606,695.4856429367977,7.755538950942392,1.0,1.0
77.0,77,576,818.0027104494586,166.67386264420617,7.755538950942392,1.0,1.0
77.0,77,579,541.3393667057339,271.12881019028345,7.755538950942392,1.0,1.0
77.0,77,581,606.6382149409736,831.467202165817,13.261785059625714,5.0,1.0
77.0,77,582,564.0747501087659,285.8503268875085,9.77136677757192,2.0,1.0
77.0,77,583,1220.5122168816422,258.53770680668987,11.185422719499034,3.0,1.0
77.0,77,584,1087.7725264443895,781.4686459729103,7.755538950942392,1.0,0.9999999999999999
77.0,77,586,386.4310833112029,1.149642527707763,7.755538950942392,1.0,1.0
77.0,77,587,1069.6767803772318,823.2488313129346,9.77136677757192,2.0,1.0
77.0,77,592,875.5451639317754,292.3674821882875,7.755538950942392,1.0,1.0
77.0,77,593,686.9530417830791,793.7795321027826,9.77136677757192,2.0,1.0
77.0,77,594,530.9181307513376,897.0031840822493,9.771366777571922,2.0,1.0
77.0,77,598,601.5288055648049,447.99939878685495,11.185422719499032,3.0,1.0
77.0,77,600,539.9964668683001,529.4806293241951,11.185422719499034,3.0,1.0
77.0,77,602,164.37909369279822,307.4252590287558,7.755538950942392,1.0,0.9999999999999999
77.0,77,605,795.5303228104987,38.58635674984948,14.09274953626919,6.0,0.9999999999999999
77.0,77,606,1212.6318231496261,638.5599853028001,7.755538950942392,1.0,1.0
77.0,77,607,1169.547635771741,171.86257185414613,12.311150689306297,4.0,1.0
77.0,77,608,940.7396035913384,699.0886510393999,9.771366777571922,2.0,0.9999999999999999
77.0,77,609,999.2537608788851,853.8223280998255,7.755538950942392,1.0,1.0
77.0,77,611,962.223510893883,440.92583460559564,9.77136677757192,2.0,1.0
77.0,77,612,350.78097569095854,310.108354892093,14.09274953626919,6.0,0.9999999999999999
77.0,77,613,1255.2573291169206,726.1873533350657,7.755538950942392,1.0,1.0
77.0,77,614,394.7293487641844,759.8560505071212,12.311150689306299,4.0,1.0
77.0,77,619,633.0232657939836,237.15588776361298,7.755538950942392,1.0,1.0
77.0,77,621,178.4445583697584,45.25302357124213,7.755538950942392,1.0,1.0
77.0,77,622,262.0759946610016,43.61352411789633,7.755538950942392,1.0,1.0
77.0,77,625,580.6587063561216,738.8159456938839,7.755538950942392,1.0,1.0
77.0,77,626,897.1097900379946,177.9569289100681,7.755538950942392,1.0,1.0
77.0,77,627,1247.9255063947728,21.67489285378057,12.311150689306299,4.0,0.9999999999999999
77.0,77,629,804.6643709689148,880.6664322813423,11.185422719499032,3.0,1.0
77.0,77,632,401.45684126343934,704.2838001662467,9.771366777571922,2.0,1.0
77.0,77,633,1109.6633075721395,90.35097194116855,9.77136677757192,2.0,1.0
77.0,77,634,990.4756437771013,327.33872725138934,7.755538950942392,1.0,0.9999999999999999
77.0,77,636,677.1061765035752,933.7468018295148,11.185422719499034,3.0,1.0
77.0,77,638,73.1235793331551,225.55433884292682,7.755538950942392,1.0,1.0
77.0,77,640,31.547855616810807,452.1099110619226,7.755538950942392,1.0,1.0
77.0,77,641,166.6438101557019,924.853295100544,7.755538950942392,1.0,1.0
77.0,77,646,373.33391233270237,885.5597337172455,11.185422719499032,3.0,1.0
77.0,77,647,172.0228757617818,287.35158574639655,9.771366777571922,2.0,1.0
77.0,77,649,1115.77808460762,119.17999903059123,9.77136677757192,2.0,1.0
77.0,77,654,1284.0464113821415,132.68818109680626,11.185422719499034,3.0,1.0
77.0,77,655,579.580073465422,701.9781029856135,7.755538950942392,1.0,1.0
77.0,77,658,570.5582210492902,342.52901108719857,14.092749536269185,6.0,1.0
77.0,77,659,1300.0011464292286,965.9366286620452,9.771366777571922,2.0,1.0
77.0,77,662,1135.1384257569803,957.8822328743704,7.755538950942392,1.0,1.0
77.0,77,665,1039.9195570475215,117.35555306431186,11.185422719499032,3.0,0.9999999999999999
77.0,77,666,1231.5538042234484,999.8509474632717,12.311150689306299,4.0,1.0
77.0,77,667,192.78011295679852,89.23925917323277,7.755538950942392,1.0,0.9999999999999999
77.0,77,668,237.5186584753365,950.9864806733442,7.755538950942392,1.0,1.0
77.0,77,671,1025.064344887626,87.6154297629693,7.755538950942392,1.0,1.0
77.0,77,672,805.8756022248799,972.7703578267633,7.755538950942392,1.0,1.0
77.0,77,674,1060.7436569893614,634.4684458479506,7.755538950942392,1.0,1.0
77.0,77,675,394.3191354892558,498.1280257935093,7.755538950942392,1.0,1.0
77.0,77,676,1282.97294640779,864.452809863759,9.77136677757192,2.0,1.0
77.0,77,678,119.37988185069676,244.46424589504198,9.77136677757192,2.0,1.0
77.0,77,680,870.7877449437455,605.2409924889187,7.755538950942392,1.0,1.0
77.0,77,682,1220.3518353044115,85.9778459734394,7.755538950942392,1.0,1.0
77.0,77,684,1307.8694653144016,938.3283029803686,11.185422719499034,3.0,1.0
77.0,77,686,890.4401907651262,309.1996194089872,7.755538950942392,1.0,1.0
77.0,77,687,1204.4906201290987,284.4021896049081,12.311150689306297,4.0,1.0
77.0,77,688,237.32740424341233,490.8407062134503,7.755538950942392,1.0,1.0
77.0,77,689,434.4057253986346,616.3438413550722,7.755538950942392,1.0,0.9999999999999999
77.0,77,692,726.6099057678762,294.78395486130256,7.755538950942392,1.0,1.0
77.0,77,694,1105.0809616333036,877.457090909998,7.755538950942392,1.0,1.0
77.0,77,698,665.5616200545252,99.88109403844994,7.755538950942392,1.0,1.0
77.0,77,700,446.64875068564265,504.5826717501214,11.185422719499032,3.0,1.0
77.0,77,702,697.5943804301569,33.931931824588595,7.755538950942392,1.0,1.0
77.0,77,704,140.0555696568668,259.3727984423453,9.771366777571922,2.0,1.0
77.0,77,705,405.16619495122166,409.58285420401256,11.185422719499034,3.0,1.0
77.0,77,706,299.536247108432,201.58389516938442,11.185422719499032,3.0,1.0
77.0,77,707,250.8689279873706,253.69198765587362,11.185422719499032,3.0,1.0
77.0,77,710,815.868954189698,670.2047425512901,7.755538950942392,1.0,1.0
77.0,77,717,526.9107720405202,655.2158908504948,13.26178505962571,5.0,1.0
77.0,77,718,438.3117526438703,161.90017290621375,7.755538950942392,1.0,1.0
77.0,77,720,635.482473405719,831.7076510702145,9.77136677757192,2.0,0.9999999999999999
77.0,77,722,1007.9221694400725,779.4995588755938,11.185422719499032,3.0,0.9999999999999999
77.0,77,723,428.31132679630116,594.693254103531,11.185422719499032,3.0,1.0
77.0,77,724,893.428784654317,621.6427982029162,7.755538950942392,1.0,1.0
77.0,77,726,1266.3084442801608,48.961952848917484,9.771366777571922,2.0,1.0
77.0,77,728,1033.6539847484012,390.74762682308653,7.755538950942392,1.0,1.0
77.0,77,729,566.5960531296147,101.69443993145471,9.771366777571922,2.0,1.0
77.0,77,730,688.5701048372398,462.1492457591598,9.77136677757192,2.0,1.0
77.0,77,732,511.67116837909293,160.24881956891878,11.185422719499032,3.0,1.0
77.0,77,733,246.6758092188713,281.43467677108714,11.185422719499034,3.0,1.0
77.0,77,734,1332.2466453432833,21.16923024402231,7.755538950942392,1.0,1.0
77.0,77,735,722.3129785287658,5.079924512220525,7.755538950942392,1.0,0.9999999999999999
77.0,77,737,1103.0321562582126,482.3581600519899,11.185422719499032,3.0,1.0
77.0,77,740,1243.9519176975316,962.7394325304989,7.755538950942392,1.0,1.0
77.0,77,743,745.1568248606586,178.61183104960466,9.77136677757192,2.0,1.0
77.0,77,745,1085.062436369053,502.93443969190787,9.77136677757192,2.0,1.0
77.0,77,746,1272.8014803686638,382.4691133795745,9.77136677757192,2.0,1.0
77.0,77,747,630.8387227009928,742.1876800140712,7.755538950942392,1.0,0.9999999999999999
77.0,77,748,1228.6054017149606,337.7265388129427,7.755538950942392,1.0,1.0
77.0,77,750,793.8939298659562,248.27702747135032,9.77136677757192,2.0,1.0
77.0,77,752,1307.7962521713073,696.270894929986,9.771366777571922,2.0,1.0
77.0,77,753,644.7847267956436,472.27695391339927,9.771366777571922,2.0,1.0
77.0,77,754,547.0242029220695,725.7409165037436,7.755538950942392,1.0,1.0
77.0,77,755,942.2561694018443,127.33870886103682,7.755538950942392,1.0,1.0
77.0,77,757,776.2442251619489,482.9272390650259,9.77136677757192,2.0,1.0
77.0,77,758,644.9638922625971,414.38171401172536,9.77136677757192,2.0,1.0
77.0,77,759,57.037124098795275,618.7798182723319,11.185422719499032,3.0,1.0
77.0,77,760,154.20045923087577,1015.1244854815461,11.185422719499034,3.0,0.9999999999999999
77.0,77,762,993.0450437024354,50.387025321716955,11.185422719499032,3.0,1.0
77.0,77,764,220.2000785696129,661.0010523889968,7.755538950942392,1.0,1.0
77.0,77,765,720.7731087274836,472.94719892733815,11.185422719499034,3.0,1.0
77.0,77,766,361.0388822351761,4.352583962741899,9.77136677757192,2.0,1.0
77.0,77,767,350.6800717235631,594.6822496531037,7.755538950942392,1.0,0.9999999999999999
77.0,77,768,719.0516997765023,649.0745546914014,14.835812298463562,7.0,1.0
77.0,77,769,12.459753926787576,682.0521161365114,12.311150689306299,4.0,1.0
77.0,77,772,1026.8206622225937,917.6928478585301,7.755538950942392,1.0,1.0
77.0,77,773,926.936372757138,657.7329614670398,7.755538950942392,1.0,0.9999999999999999
77.0,77,774,75.12564568621063,853.5079975091824,11.185422719499034,3.0,1.0
77.0,77,775,695.195099193145,867.4201599923559,7.755538950942392,1.0,1.0
77.0,77,776,1083.5232097802816,149.3933901842102,9.77136677757192,2.0,1.0
77.0,77,777,388.45133807402874,327.4302091106979,7.755538950942392,1.0,1.0
77.0,77,780,239.04449801008622,682.3714832358979,11.185422719499032,3.0,1.0
77.0,77,781,424.5215400598339,197.54842604658793,7.755538950942392,1.0,1.0
77.0,77,782,145.58746735090352,562.1506869223066,11.185422719499032,3.0,1.0
77.0,77,783,173.55550392913275,703.9125215971098,13.26178505962571,5.0,0.9999999999999999
77.0,77,786,487.4333043302602,833.7397059342616,7.755538950942392,1.0,1.0
77.0,77,787,738.6407102701592,854.608459520043,11.185422719499032,3.0,1.0
77.0,77,788,1123.9947949483962,408.7117103379894,7.755538950942392,1.0,0.9999999999999999
77.0,77,789,396.2027550711788,970.3445941779623,11.185422719499034,3.0,1.0
77.0,77,790,711.892705971133,922.93818343714,9.77136677757192,2.0,1.0
77.0,77,791,928.1168540039897,959.3226934352692,11.185422719499032,3.0,1.0
77.0,77,792,558.83401252253,767.3373392769919,15.511077901884784,8.0,1.0
77.0,77,795,241.06771994348736,838.1774377269547,11.185422719499032,3.0,1.0
77.0,77,796,231.26885433447342,315.5977886996388,7.755538950942392,1.0,1.0
77.0,77,798,1022.7257821376656,467.6817790662596,7.755538950942392,1.0,0.9999999999999999
77.0,77,799,31.73408932029433,203.25691032234843,7.755538950942392,1.0,1.0
77.0,77,800,341.9313316796007,730.914342121105,9.77136677757192,2.0,1.0
77.0,77,801,1236.7055102811498,96.26868868924218,7.755538950942392,1.0,1.0
77.0,77,805,714.9547770518153,973.7603274799883,9.77136677757192,2.0,1.0
77.0,77,806,383.47304844274646,675.7758366203475,9.771366777571922,2.0,1.0
77.0,77,809,1193.8444644185136,464.02767118625576,9.77136677757192,2.0,0.9999999999999999
77.0,77,810,1054.055783413229,145.7484582620632,9.77136677757192,2.0,0.9999999999999999
77.0,77,811,823.2923715890987,544.3082150106712,11.185422719499034,3.0,1.0
77.0,77,812,48.65466899853205,408.1104962495265,7.755538950942392,1.0,0.9999999999999999
77.0,77,815,470.6494042497814,578.4451926990924,9.77136677757192,2.0,0.9999999999999999
77.0,77,817,1192.3576795699173,724.425650022403,9.77136677757192,2.0,1.0
77.0,77,818,273.8493681372929,1009.4437668441468,7.755538950942392,1.0,1.0
77.0,77,819,1028.7162634313681,946.4089312603897,7.755538950942392,1.0,1.0
77.0,77,820,1107.1598506762452,589.5413254232428,7.755538950942392,1.0,1.0
77.0,77,821,1309.3534051304675,36.683725671763554,13.261785059625714,5.0,1.0
77.0,77,823,473.5446579282529,691.1358157528869,7.755538950942392,1.0,0.9999999999999999
77.0,77,824,554.8450105481891,166.84447224542149,7.755538950942392,1.0,1.0
77.0,77,826,982.6387427014562,836.5594093608186,9.771366777571922,2.0,1.0
77.0,77,828,151.5457689001874,822.1526525504034,9.77136677757192,2.0,0.9999999999999999
77.0,77,829,773.5104778870818,146.6375504319159,9.77136677757192,2.0,1.0
77.0,77,830,439.9876162795438,753.5859487620713,9.771366777571922,2.0,1.0
77.0,77,831,835.7130171152179,612.5000692677294,9.771366777571922,2.0,1.0
77.0,77,832,1045.7819349417994,464.57108706241087,11.185422719499034,3.0,1.0
77.0,77,833,457.22994701611196,322.4358514997471,11.185422719499034,3.0,1.0
77.0,77,837,945.03714906561,634.21493988108,11.185422719499034,3.0,1.0
77.0,77,838,309.07493970278273,308.23161319327136,7.755538950942392,1.0,1.0
77.0,77,839,965.5605485972551,97.17646291230436,7.755538950942392,1.0,1.0
77.0,77,840,752.0460188804363,679.3204866820668,7.755538950942392,1.0,1.0
77.0,77,841,895.4943445452453,583.0308765399279,11.185422719499032,3.0,1.0
77.0,77,842,41.42286212440874,516.6824871465271,7.755538950942392,1.0,1.0
77.0,77,843,939.798663969823,901.1563396410621,7.755538950942392,1.0,1.0
77.0,77,845,1342.4731889698426,628.5998949961199,7.755538950942392,1.0,0.9999999999999999
77.0,77,846,688.6028101741349,433.1990500777363,9.77136677757192,2.0,0.9999999999999999
77.0,77,848,587.6872561308074,628.6612529320155,13.261785059625714,5.0,1.0
77.0,77,851,1319.954158322427,656.696139280004,12.311150689306295,4.0,0.9999999999999999
77.0,77,853,478.5017386205232,802.5016512515318,11.185422719499032,3.0,1.0
77.0,77,855,598.6127466201118,590.8599565635586,7.755538950942392,1.0,1.0
77.0,77,857,745.4337946739577,898.2641707940453,9.771366777571922,2.0,1.0
77.0,77,859,895.5586993587957,772.6848290416701,9.771366777571922,2.0,0.9999999999999999
77.0,77,860,7.815911764914079,263.69464018163205,9.771366777571922,2.0,0.9999999999999999
77.0,77,861,997.1233268555239,71.86605742676238,7.755538950942392,1.0,1.0
77.0,77,862,301.33826384503067,576.886251199824,7.755538950942392,1.0,1.0
77.0,77,865,841.8822660363923,111.1694858949237,7.755538950942392,1.0,0.9999999999999999
77.0,77,866,930.3645083356101,21.27243173560234,9.77136677757192,2.0,1.0
77.0,77,868,1296.8574137317964,805.4265536137248,14.092749536269187,6.0,1.0
77.0,77,869,1324.231564751625,120.75826793455839,11.185422719499034,3.0,1.0
77.0,77,870,232.46253499273692,184.49751987019144,7.755538950942392,1.0,1.0
77.0,77,871,711.8444315017025,750.1558759784875,12.311150689306299,4.0,1.0
77.0,77,872,1040.5341766632764,434.7124312973884,7.755538950942392,1.0,1.0
77.0,77,873,65.69573520218529,389.08382003194214,7.755538950942392,1.0,1.0
77.0,77,877,172.2869394126219,435.3861855818057,7.755538950942392,1.0,1.0
77.0,77,879,710.820934791229,334.30471755264944,7.755538950942392,1.0,1.0
77.0,77,882,285.5617511039716,632.0925486308497,7.755538950942392,1.0,0.9999999999999999
77.0,77,883,9.289925764796758,150.39196026955463,9.77136677757192,2.0,1.0
77.0,77,884,648.4158817524799,337.733022445614,9.77136677757192,2.0,1.0
77.0,77,886,78.79192938525273,648.7171681911469,9.77136677757192,2.0,1.0
77.0,77,887,451.95573256146133,240.30460685392177,12.311150689306299,4.0,0.9999999999999999
77.0,77,890,1271.0015272394598,248.06984084058902,11.185422719499032,3.0,1.0
77.0,77,892,339.90041119055496,47.18973655885928,7.755538950942392,1.0,0.9999999999999999
77.0,77,894,1188.9745764898246,3.3424577206210877,9.771366777571922,2.0,1.0
77.0,77,896,231.9529854945,927.130246795182,7.755538950942392,1.0,1.0
77.0,77,897,730.4500468044481,584.294657956577,9.77136677757192,2.0,1.0
77.0,77,898,1080.1768953734486,292.26461496942017,9.77136677757192,2.0,1.0
77.0,77,899,1193.0779052851028,839.0809263039241,12.311150689306297,4.0,1.0
77.0,77,901,1053.2225345635788,6.48851960067171,11.185422719499032,3.0,1.0
77.0,77,903,287.4938511956269,374.84182928302124,14.835812298463557,7.0,1.0
77.0,77,905,712.9020603341131,877.4974868401397,9.77136677757192,2.0,1.0
77.0,77,907,1158.3671651815264,929.2510760806321,9.771366777571922,2.0,1.0
77.0,77,910,1272.8194963619387,787.5133372145785,9.77136677757192,2.0,1.0
77.0,77,911,330.3166693753699,88.06964211198678,7.755538950942392,1.0,1.0
77.0,77,912,436.2024461422392,888.6483071766727,7.755538950942392,1.0,1.0
77.0,77,913,313.66709667674024,735.4308745206606,7.755538950942392,1.0,1.0
77.0,77,914,864.0733824648547,380.3846795818974,11.185422719499034,3.0,0.9999999999999999
77.0,77,915,45.16598996389455,60.20974106958178,7.755538950942392,1.0,0.9999999999999999
77.0,77,916,833.7175813895856,303.13787253215764,7.755538950942392,1.0,1.0
77.0,77,921,1231.6937845142454,472.85638950873096,7.755538950942392,1.0,0.9999999999999999
77.0,77,924,645.6340172657868,1024.308792371015,9.77136677757192,2.0,0.9999999999999999
77.0,77,925,897.3062269583497,354.98501604153864,11.185422719499034,3.0,1.0
77.0,77,926,227.5742818220406,91.96982100942596,11.185422719499032,3.0,0.9999999999999999
77.0,77,927,1266.6802555653971,85.91626110532685,12.311150689306297,4.0,1.0
77.0,77,928,526.0685711401804,953.5332721104887,7.755538950942392,1.0,0.9999999999999999
77.0,77,930,813.1430930502219,567.5233405248777,11.185422719499032,3.0,1.0
77.0,77,932,1279.9569927540847,540.9842351015523,11.185422719499032,3.0,1.0
77.0,77,933,1023.2369654926795,200.07713823026754,7.755538950942392,1.0,1.0
77.0,77,934,321.6658164365831,21.73955937434784,13.261785059625714,5.0,1.0
77.0,77,935,296.1267583071998,797.0744383892734,7.755538950942392,1.0,1.0
77.0,77,936,527.7962839240362,399.46270683433954,9.77136677757192,2.0,1.0
77.0,77,937,929.8626563045332,1001.9796562958562,9.77136677757192,2.0,1.0
77.0,77,939,1165.0154801560159,136.07703508816897,9.77136677757192,2.0,1.0
77.0,77,941,49.71231685890896,951.6795612316213,11.185422719499032,3.0,1.0
77.0,77,947,418.5714974106547,72.42513093707828,7.755538950942392,1.0,1.0
77.0,77,949,1210.2279336816794,28.567586454290698,11.185422719499032,3.0,1.0
77.0,77,950,386.22082498396486,642.3736182643022,9.77136677757192,2.0,1.0
77.0,77,951,98.561954594535,322.6142987019498,12.311150689306299,4.0,0.9999999999999999
77.0,77,952,185.18411644776782,177.37253149578282,7.755538950942392,1.0,0.9999999999999999
77.0,77,953,587.2450368891674,141.14483743001284,9.77136677757192,2.0,1.0
77.0,77,954,1314.1880011035614,201.33478098291764,7.755538950942392,1.0,1.0
77.0,77,955,475.74552664835386,414.17388573226435,9.77136677757192,2.0,1.0
77.0,77,956,1072.4433903809993,612.409472590235,9.77136677757192,2.0,1.0
77.0,77,957,264.3053736296297,543.9661157917798,12.311150689306297,4.0,1.0
77.0,77,959,188.9603056604343,899.1276078338132,9.77136677757192,2.0,0.9999999999999999
77.0,77,961,277.65124944897536,178.11328127415854,9.77136677757192,2.0,1.0
77.0,77,962,1303.3247773958187,845.4803964070718,12.311150689306299,4.0,1.0
77.0,77,963,394.81347128195785,195.5401688946197,9.77136677757192,2.0,1.0
77.0,77,965,861.3394520463904,476.39493867231766,7.755538950942392,1.0,1.0
77.0,77,969,433.4476336800042,465.81419952101857,9.77136677757192,2.0,1.0
77.0,77,971,1165.2817745765328,815.2846500522347,7.755538950942392,1.0,1.0
77.0,77,972,487.94600344978414,599.574040816443,11.185422719499032,3.0,1.0
77.0,77,975,30.421547922626043,720.51711145586,7.755538950942392,1.0,1.0
77.0,77,977,1031.7388590290336,154.40218955252553,7.755538950942392,1.0,1.0
77.0,77,980,337.13453474567785,754.2918931819426,7.755538950942392,1.0,1.0
77.0,77,981,992.073938190127,405.19894327470746,7.755538950942392,1.0,1.0
77.0,77,983,924.802856333026,534.1255116740995,7.755538950942392,1.0,1.0
77.0,77,985,1251.813045482277,923.1627760957572,12.311150689306299,4.0,1.0
77.0,77,986,1158.844071312417,777.475169882074,12.311150689306295,4.0,1.0
77.0,77,987,1173.0197115271421,874.2355122396332,7.755538950942392,1.0,0.9999999999999999
77.0,77,988,1128.5538448568236,610.0620127465993,7.755538950942392,1.0,1.0
77.0,77,989,542.8597185221,940.2499531941775,9.77136677757192,2.0,1.0
77.0,77,995,30.987044640778386,12.678888940111554,13.26178505962571,5.0,1.0
77.0,77,996,265.0594638515883,863.1453988245956,9.77136677757192,2.0,1.0
77.0,77,998,6.158896033205602,978.1915667679062,7.755538950942392,1.0,1.0
77.0,77,999,1064.7047599355128,425.798502367612,7.755538950942392,1.0,0.9999999999999999
77.0,77,1000,169.41487891353722,877.286041848819,9.77136677757192,2.0,1.0
85.0,85,1,113.19045715933325,934.6143653971325,7.755538950942392,1.0,1.0
85.0,85,3,951.7247501858978,305.08302448084186,13.261785059625714,5.0,1.0
85.0,85,6,457.85145234376387,100.55531144797044,7.755538950942392,1.0,1.0
85.0,85,8,354.60824889700586,206.59830190111057,16.708802155803774,10.0,1.0
85.0,85,9,1071.453735071949,404.6185036377767,7.755538950942392,1.0,1.0
85.0,85,10,1151.3602325031131,298.8304316129848,7.755538950942392,1.0,1.0
85.0,85,11,848.5486569641058,942.468985562816,9.77136677757192,2.0,1.0
85.0,85,15,1000.2644631959788,305.50055445862927,7.755538950942392,1.0,0.9999999999999999
85.0,85,17,194.37695153430994,266.2499358044285,7.755538950942392,1.0,1.0
85.0,85,18,644.4333312763639,647.0089714580133,7.755538950942392,1.0,1.0
85.0,85,20,345.00481137395525,959.646477520115,7.755538950942392,1.0,1.0
85.0,85,21,252.2926469898477,84.077483152744,7.755538950942392,1.0,1.0
85.0,85,22,138.07334057347455,458.36335912479495,9.77136677757192,2.0,1.0
85.0,85,23,5.409336272561769,817.2337866766547,9.77136677757192,2.0,0.9999999999999999
85.0,85,27,525.8696911534614,547.0641640195619,7.755538950942392,1.0,1.0
85.0,85,28,908.1334863860228,897.3576690382706,7.755538950942392,1.0,1.0
85.0,85,29,1104.0810252565689,2.6742568810965275,13.261785059625714,5.0,1.0
85.0,85,31,967.0941368448434,148.26855889938466,7.755538950942392,1.0,1.0
85.0,85,35,187.40907004542706,749.8971893259787,7.755538950942392,1.0,1.0
85.0,85,37,864.9945375582134,912.5693221998819,9.771366777571922,2.0,1.0
85.0,85,38,962.2214648770967,728.392109186556,7.755538950942392,1.0,1.0
85.0,85,39,1331.920544108213,1005.8802548058898,7.755538950942392,1.0,1.0
85.0,85,40,958.7326605983136,932.7454145198884,9.77136677757192,2.0,0.9999999999999999
85.0,85,41,431.4374962078478,282.7902683154452,9.77136677757192,2.0,1.0
85.0,85,43,782.2616665334457,826.1022570948933,7.755538950942392,1.0,1.0
85.0,85,44,745.7187035377099,61.5171178871482,11.185422719499032,3.0,1.0
85.0,85,45,885.5681648878547,955.5163095395525,7.755538950942392,1.0,0.9999999999999999
85.0,85,46,1143.2936256472226,350.9589503616173,7.755538950942392,1.0,1.0
85.0,85,51,1324.3941263566142,225.30160132097976,11.185422719499034,3.0,1.0
85.0,85,53,138.27778013550918,112.42010752760352,7.755538950942392,1.0,1.0
85.0,85,55,1253.6921329948887,615.0509698837328,7.755538950942392,1.0,0.9999999999999999
85.0,85,57,1060.6161611896598,728.343004292156,12.311150689306295,4.0,1.0
85.0,85,59,36.339782012920196,148.37975471983424,7.755538950942392,1.0,1.0
85.0,85,60,47.229107326577704,230.4448576844438,9.77136677757192,2.0,1.0
85.0,85,61,882.4055043526719,997.3643819388633,9.771366777571922,2.0,1.0
85.0,85,62,577.9333973816508,0.1429995641028654,7.755538950942392,1.0,0.9999999999999999
85.0,85,63,1137.5377772670229,634.0408944000568,7.755538950942392,1.0,1.0
85.0,85,65,702.3772000428962,833.8973994160427,7.755538950942392,1.0,1.0
85.0,85,66,966.9426053784515,1016.2418114684092,9.771366777571922,2.0,0.9999999999999999
85.0,85,67,1084.1815101162347,252.57107545509206,13.261785059625712,5.0,1.0
85.0,85,68,1241.7394151703636,659.890119818878,7.755538950942392,1.0,1.0
85.0,85,70,1153.3538730371858,473.2951575981785,7.755538950942392,1.0,0.9999999999999999
85.0,85,71,771.3868488873991,784.8488192000209,9.771366777571922,2.0,1.0
85.0,85,73,538.1268283088341,307.54551537759744,7.755538950942392,1.0,1.0
85.0,85,77,426.1800292254229,827.4568682986161,12.311150689306299,4.0,0.9999999999999999
85.0,85,78,1110.553309976475,182.45131433544165,7.755538950942392,1.0,1.0
85.0,85,79,827.8822347129606,235.10464474923026,9.77136677757192,2.0,0.9999999999999999
85.0,85,80,1014.372023084666,358.11733598579724,7.755538950942392,1.0,0.9999999999999999
85.0,85,81,610.9447176333222,7.0513955202283345,9.77136677757192,2.0,1.0
85.0,85,83,1189.9374228860474,418.33241631909567,7.755538950942392,1.0,1.0
85.0,85,85,119.86422378650596,791.005413183343,7.755538950942392,1.0,1.0
85.0,85,86,1030.0384087520565,513.5489933675356,9.77136677757192,2.0,1.0
85.0,85,87,705.8736878145194,126.14203192998727,7.755538950942392,1.0,1.0
85.0,85,88,70.3487685588267,493.2867741558358,9.77136677757192,2.0,1.0
85.0,85,90,810.6011118933735,414.79567811412755,7.755538950942392,1.0,1.0
85.0,85,92,1093.2945956860315,697.731072846532,7.755538950942392,1.0,1.0
85.0,85,93,287.30306714082457,292.6416582231385,9.77136677757192,2.0,1.0
85.0,85,94,650.8144901929718,889.9540647151977,12.311150689306299,4.0,1.0
85.0,85,97,938.1621106461249,64.83391784644994,12.311150689306297,4.0,1.0
85.0,85,100,368.2735275378884,810.5841783625862,7.755538950942392,1.0,1.0
85.0,85,101,20.023051767749983,617.903199971792,7.755538950942392,1.0,1.0
85.0,85,103,214.73698412317765,21.151177624712638,7.755538950942392,1.0,1.0
85.0,85,104,383.1302339390917,582.5209094400614,7.755538950942392,1.0,1.0
85.0,85,107,439.1611037149843,133.45633992612858,7.755538950942392,1.0,1.0
85.0,85,110,646.0601483288061,620.7208877331173,7.755538950942392,1.0,1.0
85.0,85,116,1155.892497077585,56.07120511997234,11.185422719499032,3.0,1.0
85.0,85,118,277.7998910714707,440.8136740261442,9.77136677757192,2.0,1.0
85.0,85,119,1041.3711912921256,563.8146220992197,11.185422719499032,3.0,1.0
85.0,85,121,107.06062559457031,217.45692223759883,11.185422719499034,3.0,1.0
85.0,85,122,852.4436255227916,260.9687711267013,13.261785059625714,5.0,1.0
85.0,85,123,1292.2084835321834,589.6277699039678,11.185422719499034,3.0,0.9999999999999999
85.0,85,125,425.4789395720355,1005.4720408833454,11.185422719499034,3.0,1.0
85.0,85,126,1.2162726943644717,470.5659326050006,7.755538950942392,1.0,1.0
85.0,85,129,783.3111604325849,673.821592129809,7.755538950942392,1.0,1.0
85.0,85,130,1203.2442246820103,442.5784245700801,7.755538950942392,1.0,1.0
85.0,85,131,1243.6104263031439,311.2400630722827,7.755538950942392,1.0,0.9999999999999999
85.0,85,132,1283.7531083542742,177.44714048738177,12.311150689306297,4.0,1.0
85.0,85,134,118.59966197963355,830.923955219025,9.77136677757192,2.0,0.9999999999999999
85.0,85,135,1012.3296605491983,595.6418452648625,7.755538950942392,1.0,1.0
85.0,85,138,483.9984316709641,1024.4731969299473,7.755538950942392,1.0,1.0
85.0,85,142,1291.7437527964269,295.5678521566155,7.755538950942392,1.0,0.9999999999999999
85.0,85,143,613.6486375528626,115.26018323187098,14.09274953626919,6.0,1.0
85.0,85,144,1274.7883929629847,971.4895439344358,9.77136677757192,2.0,1.0
85.0,85,145,120.68055418279,869.6851639569945,9.77136677757192,2.0,1.0
85.0,85,146,1057.073681321747,524.7931747409053,7.755538950942392,1.0,0.9999999999999999
85.0,85,148,547.3053841718811,146.75939438955584,9.77136677757192,2.0,0.9999999999999999
85.0,85,149,174.51635037318718,983.9433254522673,7.755538950942392,1.0,0.9999999999999999
85.0,85,150,704.716403741117,381.53267556565976,12.311150689306299,4.0,1.0
85.0,85,151,469.72384376618834,670.8598265231951,7.755538950942392,1.0,1.0
85.0,85,152,1164.4986302430702,679.5080990960299,7.755538950942392,1.0,1.0
85.0,85,153,59.431868839036355,548.118230413604,9.77136677757192,2.0,1.0
85.0,85,156,877.8804039461006,805.0538928546505,7.755538950942392,1.0,1.0
85.0,85,160,1056.8229910498494,759.3878571736291,7.755538950942392,1.0,0.9999999999999999
85.0,85,163,74.20980859107422,58.14664098875817,7.755538950942392,1.0,0.9999999999999999
85.0,85,164,362.41463648002843,76.01077054859955,9.771366777571922,2.0,1.0
85.0,85,165,142.66705768770547,4.147738818502324,7.755538950942392,1.0,0.9999999999999999
85.0,85,166,493.8352109710032,91.61016899995707,12.311150689306297,4.0,1.0
85.0,85,170,977.4198439169429,690.863373262771,7.755538950942392,1.0,1.0
85.0,85,172,821.9330953882269,812.2601612615499,7.755538950942392,1.0,1.0
85.0,85,173,2.550874686739563,59.04026900965721,11.185422719499034,3.0,1.0
85.0,85,174,969.6622393497219,749.3821900708757,9.771366777571922,2.0,1.0
85.0,85,175,1328.547021045998,859.4652229094504,9.77136677757192,2.0,0.9999999999999999
85.0,85,181,475.7705260976845,939.9059993106115,11.185422719499032,3.0,1.0
85.0,85,186,223.00706357088475,623.3710998406483,12.311150689306297,4.0,1.0
85.0,85,187,611.0196243524533,900.2833145631332,7.755538950942392,1.0,1.0
85.0,85,188,597.0152844641142,281.92807431052796,9.771366777571922,2.0,1.0
85.0,85,189,822.7842469853418,921.6503392815392,7.755538950942392,1.0,1.0
85.0,85,191,1080.1254367223005,755.7015757589847,9.77136677757192,2.0,1.0
85.0,85,193,355.59163214956936,107.48297207706341,7.755538950942392,1.0,0.9999999999999999
85.0,85,199,197.4185205773684,546.3997386194638,16.132171110904203,9.0,1.0
85.0,85,201,144.00495123700478,431.8125308924264,9.77136677757192,2.0,0.9999999999999999
85.0,85,208,1038.0010219518228,281.22340068228806,9.77136677757192,2.0,0.9999999999999999
85.0,85,210,103.64126947273765,1021.7808438135779,11.185422719499034,3.0,1.0
85.0,85,213,481.82476565366915,745.1624997542542,7.755538950942392,1.0,1.0
85.0,85,214,33.612909127520034,252.69037654007457,7.755538950942392,1.0,1.0
85.0,85,215,353.00651964430665,432.160926784642,9.77136677757192,2.0,1.0
85.0,85,218,677.71515325106,304.53723325594547,9.77136677757192,2.0,1.0
85.0,85,219,300.37134765858036,105.47390028322474,7.755538950942392,1.0,1.0
85.0,85,220,312.76183160654045,922.216499836979,12.311150689306299,4.0,1.0
85.0,85,221,107.16385335442672,180.4914844509099,12.311150689306299,4.0,1.0
85.0,85,224,562.3772823612014,247.3528986188889,9.771366777571922,2.0,1.0
85.0,85,228,896.9073353060915,24.97518362454775,12.311150689306299,4.0,1.0
85.0,85,230,1134.4577761416426,724.9153015935241,7.755538950942392,1.0,1.0
85.0,85,231,736.3731358154099,304.4863299849904,11.185422719499032,3.0,0.9999999999999999
85.0,85,232,500.9948809892458,231.21157853709263,7.755538950942392,1.0,1.0
85.0,85,238,906.2973180575785,864.6538368119924,7.755538950942392,1.0,1.0
85.0,85,239,1204.974651100459,925.8236758385772,7.755538950942392,1.0,1.0
85.0,85,241,1227.3118440005858,526.1553820395077,12.311150689306297,4.0,1.0
85.0,85,242,741.0171450701811,27.804142389702058,7.755538950942392,1.0,0.9999999999999999
85.0,85,243,67.5969231298876,687.3332257905478,7.755538950942392,1.0,1.0
85.0,85,245,732.2695541874454,789.0331140051795,9.77136677757192,2.0,1.0
85.0,85,247,384.39822527268444,216.03656236647527,7.755538950942392,1.0,1.0
85.0,85,248,460.28391651579994,187.73548606130154,9.77136677757192,2.0,0.9999999999999999
85.0,85,250,517.3144065984409,803.7184848042446,7.755538950942392,1.0,1.0
85.0,85,255,1337.1812525615778,824.8553159815873,9.77136677757192,2.0,1.0
85.0,85,256,922.7727232868899,724.3086123176071,7.755538950942392,1.0,1.0
85.0,85,257,611.929841951703,38.819466246197216,7.755538950942392,1.0,1.0
85.0,85,259,744.9179592964285,151.89781464115407,11.185422719499032,3.0,1.0
85.0,85,260,1091.255699173125,806.7312652577516,7.755538950942392,1.0,1.0
85.0,85,261,256.392259260621,422.759180162717,7.755538950942392,1.0,1.0
85.0,85,262,845.0464669747113,988.6334611055628,9.77136677757192,2.0,1.0
85.0,85,263,92.67599609960885,144.95851826471878,11.185422719499034,3.0,1.0
85.0,85,264,936.1934224952751,812.8228025675221,7.755538950942392,1.0,0.9999999999999999
85.0,85,265,1343.6310190917588,438.1777825609268,7.755538950942392,1.0,0.9999999999999999
85.0,85,268,1018.2891109101995,228.32408630154893,7.755538950942392,1.0,1.0
85.0,85,269,107.42573201907977,375.9391882710742,11.185422719499032,3.0,1.0
85.0,85,270,337.8504508191198,411.34631448643904,9.771366777571922,2.0,1.0
85.0,85,273,621.2917705789707,580.8217809039843,7.755538950942392,1.0,1.0
85.0,85,274,793.3221487212984,845.234519308302,7.755538950942392,1.0,1.0
85.0,85,275,1176.9968489407174,388.9640820995387,7.755538950942392,1.0,1.0
85.0,85,276,1102.2150332378878,529.4847455232746,7.755538950942392,1.0,1.0
85.0,85,278,1245.0453511376422,359.62163221800904,13.261785059625714,5.0,1.0
85.0,85,279,127.17678072016685,634.6315883234938,13.261785059625714,5.0,1.0
85.0,85,280,352.66962442276906,976.4800982020145,7.755538950942392,1.0,1.0
85.0,85,281,1191.1955354226993,553.4470243136593,11.185422719499032,3.0,1.0
85.0,85,283,676.6116672973081,597.3373293540117,9.77136677757192,2.0,1.0
85.0,85,284,73.1443295186953,799.3152759583783,7.755538950942392,1.0,0.9999999999999999
85.0,85,285,857.9979801285095,641.5165518939984,7.755538950942392,1.0,0.9999999999999999
85.0,85,286,1137.1087679830252,259.90939842536335,7.755538950942392,1.0,1.0
85.0,85,287,97.53064012022764,715.2057310695566,7.755538950942392,1.0,0.9999999999999999
85.0,85,289,1246.4482612713136,818.8861551345025,12.311150689306299,4.0,1.0
85.0,85,291,505.7867894447197,359.0258491741132,7.755538950942392,1.0,1.0
85.0,85,294,622.0064423975575,433.6189371549573,7.755538950942392,1.0,1.0
85.0,85,295,48.470224204835525,747.6191785342127,12.311150689306297,4.0,1.0
85.0,85,300,351.20895043417175,666.9997439916829,9.77136677757192,2.0,1.0
85.0,85,301,1112.5327734014613,36.56597937879053,9.77136677757192,2.0,1.0
85.0,85,302,637.552931311127,989.7328942344053,7.755538950942392,1.0,1.0
85.0,85,304,718.8323209284242,404.86187672038614,7.755538950942392,1.0,1.0
85.0,85,306,154.04156196336803,595.0536688230865,7.755538950942392,1.0,1.0
85.0,85,307,985.3249841194936,486.2373242321904,12.311150689306297,4.0,1.0
85.0,85,309,816.8683770947999,193.0102119757289,7.755538950942392,1.0,0.9999999999999999
85.0,85,311,695.8349606871378,575.9730081947722,9.77136677757192,2.0,0.9999999999999999
85.0,85,314,168.95814712602734,145.31893911046387,7.755538950942392,1.0,1.0
85.0,85,318,1213.4633080727517,603.8072152591299,11.185422719499032,3.0,1.0
85.0,85,319,111.75761036745597,997.4918370698488,9.77136677757192,2.0,1.0
85.0,85,320,1245.0598318003433,117.09396824094934,9.77136677757192,2.0,1.0
85.0,85,322,867.0879353115138,971.8294493753476,9.77136677757192,2.0,1.0
85.0,85,323,76.03266151536404,432.399542481428,9.77136677757192,2.0,1.0
85.0,85,325,208.8928465999743,930.6051412049085,7.755538950942392,1.0,1.0
85.0,85,326,201.83484879435954,471.8421357076419,9.77136677757192,2.0,0.9999999999999999
85.0,85,327,916.0003791886902,472.7652540295262,7.755538950942392,1.0,1.0
85.0,85,330,409.6921281441771,861.5011482877462,9.77136677757192,2.0,1.0
85.0,85,331,135.5073872686427,721.4476814991731,15.511077901884784,8.0,1.0
85.0,85,333,627.8754329082947,24.82661913751003,7.755538950942392,1.0,1.0
85.0,85,334,1133.3516097104282,829.3824410363176,7.755538950942392,1.0,1.0
85.0,85,337,586.7566551666459,937.5244210618524,9.77136677757192,2.0,1.0
85.0,85,339,820.4832937529111,88.61448234804207,7.755538950942392,1.0,0.9999999999999999
85.0,85,340,896.7408424534996,664.9377863972908,9.771366777571922,2.0,1.0
85.0,85,341,987.0461687906084,612.5919535556343,12.311150689306297,4.0,0.9999999999999999
85.0,85,342,881.0292448429761,138.4207617678719,9.77136677757192,2.0,1.0
85.0,85,343,130.0438801058365,486.9615352901213,7.755538950942392,1.0,1.0
85.0,85,344,728.7265495846391,361.3241614422518,7.755538950942392,1.0,1.0
85.0,85,346,1185.2520737671005,633.6477607981404,7.755538950942392,1.0,1.0
85.0,85,348,406.6720447483081,656.6569580499057,7.755538950942392,1.0,1.0
85.0,85,350,1260.9955697026346,159.53759333871048,7.755538950942392,1.0,1.0
85.0,85,354,476.0230378461421,240.98711027568956,7.755538950942392,1.0,1.0
85.0,85,355,96.90075763821557,493.16432857582555,7.755538950942392,1.0,1.0
85.0,85,356,683.3485593640876,1015.1707804708387,7.755538950942392,1.0,1.0
85.0,85,360,679.2042682611984,332.3625863289668,7.755538950942392,1.0,1.0
85.0,85,361,30.412303248327312,632.613849380002,7.755538950942392,1.0,1.0
85.0,85,362,993.9830046475054,701.5268768912539,7.755538950942392,1.0,0.9999999999999999
85.0,85,363,601.1098686858901,510.33009251583735,7.755538950942392,1.0,1.0
85.0,85,364,1330.3859041135631,415.71234488994986,7.755538950942392,1.0,1.0
85.0,85,365,118.05899592476285,71.55269529615734,7.755538950942392,1.0,0.9999999999999999
85.0,85,366,845.5209881760459,162.87142386051713,7.755538950942392,1.0,0.9999999999999999
85.0,85,367,1185.4269498728177,994.4299383296868,7.755538950942392,1.0,1.0
85.0,85,368,1330.629206804591,167.11477801747378,13.261785059625714,5.0,1.0
85.0,85,369,867.8817024725498,357.39370570208,7.755538950942392,1.0,1.0
85.0,85,370,36.16414951068123,994.600494791003,7.755538950942392,1.0,1.0
85.0,85,371,577.9749549669613,424.93834600841643,7.755538950942392,1.0,1.0
85.0,85,373,872.2718537990678,197.3529036776679,7.755538950942392,1.0,1.0
85.0,85,374,869.7265086087565,75.24080687221415,11.185422719499032,3.0,1.0
85.0,85,380,856.2970110366705,16.54004067884984,9.771366777571922,2.0,1.0
85.0,85,381,814.7260193369498,332.0720227734214,9.77136677757192,2.0,1.0
85.0,85,382,1339.255386618509,277.03831045678226,9.77136677757192,2.0,1.0
85.0,85,383,933.5858473586972,498.77514480109437,9.771366777571922,2.0,1.0
85.0,85,385,699.9231076700901,543.8336466420591,7.755538950942392,1.0,1.0
85.0,85,387,818.0904044689917,260.9930674536289,9.77136677757192,2.0,1.0
85.0,85,388,180.11539175111352,649.6467256875256,7.755538950942392,1.0,1.0
85.0,85,390,365.99055989079807,167.12382809232122,12.311150689306299,4.0,1.0
85.0,85,391,737.3862351562217,506.52973375347824,13.261785059625714,5.0,1.0
85.0,85,393,269.912264021661,898.4515601400344,7.755538950942392,1.0,1.0
85.0,85,396,1046.5634667670113,353.2651939260725,9.77136677757192,2.0,1.0
85.0,85,399,525.5895869315315,619.5942560746294,11.185422719499032,3.0,1.0
85.0,85,400,225.64606598903703,377.85272609269094,7.755538950942392,1.0,1.0
85.0,85,403,643.9216916479212,540.3914034840016,7.755538950942392,1.0,1.0
85.0,85,405,761.0935486089929,373.47992751261444,12.311150689306297,4.0,1.0
85.0,85,406,262.2611905738709,789.3075533750551,14.092749536269183,6.0,1.0
85.0,85,409,575.2723781480819,872.11959225521,12.311150689306299,4.0,1.0
85.0,85,410,572.5933218541387,540.4032863252916,9.771366777571922,2.0,0.9999999999999999
85.0,85,412,750.3256472161999,647.600861637895,9.77136677757192,2.0,1.0
85.0,85,414,1208.8080811936136,498.44075061197015,7.755538950942392,1.0,1.0
85.0,85,415,1135.2095348672706,693.7229486137394,7.755538950942392,1.0,1.0
85.0,85,416,397.3261027006812,729.1045660517308,7.755538950942392,1.0,1.0
85.0,85,417,905.7749153464682,519.8012962862123,11.185422719499034,3.0,1.0
85.0,85,418,536.760591183473,685.5912849488274,9.77136677757192,2.0,1.0
85.0,85,419,334.16246350912286,894.2633087859147,9.771366777571922,2.0,1.0
85.0,85,420,691.278884772837,964.8576459952807,7.755538950942392,1.0,1.0
85.0,85,421,983.5626479805426,345.6472913966822,7.755538950942392,1.0,0.9999999999999999
85.0,85,422,161.1256941585013,661.4887408926434,7.755538950942392,1.0,1.0
85.0,85,427,542.0009566151255,12.138147325772938,9.77136677757192,2.0,1.0
85.0,85,428,1059.783411496575,198.5116144354523,9.77136677757192,2.0,1.0
85.0,85,431,273.2548508289569,579.2551876901666,7.755538950942392,1.0,1.0
85.0,85,432,364.4175121775683,773.0773358676632,9.77136677757192,2.0,1.0
85.0,85,433,290.8075554857649,600.1645575691529,9.77136677757192,2.0,0.9999999999999999
85.0,85,435,887.9479179081552,236.6425033507503,7.755538950942392,1.0,1.0
85.0,85,436,306.68141392654786,663.6313829628244,9.77136677757192,2.0,1.0
85.0,85,438,864.5522385596034,715.0887838019617,7.755538950942392,1.0,0.9999999999999999
85.0,85,439,531.2950032591727,864.2961107689509,12.311150689306299,4.0,1.0
85.0,85,440,354.9270160095488,875.608592965595,7.755538950942392,1.0,1.0
85.0,85,441,941.94579629087,425.1927132713192,9.771366777571922,2.0,0.9999999999999999
85.0,85,442,498.64541999428445,325.3628858549112,7.755538950942392,1.0,1.0
85.0,85,443,215.46351089981786,745.8883849331675,7.755538950942392,1.0,0.9999999999999999
85.0,85,445,1054.073127479702,37.35480680001097,7.755538950942392,1.0,1.0
85.0,85,446,325.80143925549885,258.3378406755629,7.755538950942392,1.0,1.0
85.0,85,449,1198.7592110035703,128.5266472240109,7.755538950942392,1.0,0.9999999999999999
85.0,85,451,1332.7244710574873,509.9538602213786,7.755538950942392,1.0,1.0
85.0,85,453,185.91049128251024,1019.1894863806071,7.755538950942392,1.0,0.9999999999999999
85.0,85,455,852.6667732483481,212.9850555233903,12.311150689306299,4.0,1.0
85.0,85,456,315.48516666038165,814.6564459145001,9.77136677757192,2.0,1.0
85.0,85,458,1244.0233258507653,173.31865416269483,7.755538950942392,1.0,1.0
85.0,85,459,1311.3694508268436,349.11701729884925,9.77136677757192,2.0,1.0
85.0,85,461,147.67562717210035,62.08734294338915,9.77136677757192,2.0,1.0
85.0,85,462,1099.8913118196026,300.7325870247314,7.755538950942392,1.0,0.9999999999999999
85.0,85,464,1334.8478254910046,63.71974961486085,7.755538950942392,1.0,1.0
85.0,85,465,800.3392574333025,180.78228935018225,7.755538950942392,1.0,1.0
85.0,85,466,399.85037987703544,623.0621868190714,9.77136677757192,2.0,1.0
85.0,85,468,1212.5014629225188,909.8237603478422,9.771366777571922,2.0,1.0
85.0,85,469,1130.972944466098,889.469139890818,7.755538950942392,1.0,1.0
85.0,85,470,84.44879764673925,412.6884447374324,7.755538950942392,1.0,1.0
85.0,85,472,310.64964034272924,138.29498064908944,7.755538950942392,1.0,1.0
85.0,85,473,394.0873893680012,913.1255346815071,7.755538950942392,1.0,1.0
85.0,85,474,87.6295535673592,1001.3441659730195,9.771366777571922,2.0,1.0
85.0,85,476,483.72916504267414,138.7981747488596,12.311150689306299,4.0,1.0
85.0,85,477,277.2253475200589,939.7070632074871,12.311150689306299,4.0,1.0
85.0,85,479,350.79685676323464,938.5995893298673,7.755538950942392,1.0,1.0
85.0,85,481,588.1687655277041,974.6441079053535,11.185422719499034,3.0,0.9999999999999999
85.0,85,485,1045.4833223066144,684.8700842675366,7.755538950942392,1.0,1.0
85.0,85,486,405.31892811748423,128.22228074131115,7.755538950942392,1.0,1.0
85.0,85,487,1070.859806072731,960.1175214610267,14.09274953626919,6.0,1.0
85.0,85,489,662.5795152243351,151.25581938660292,9.77136677757192,2.0,1.0
85.0,85,490,454.3045023096846,905.7914255907222,9.77136677757192,2.0,1.0
85.0,85,491,654.1670575836797,761.7206437367561,11.185422719499034,3.0,1.0
85.0,85,494,814.3253196165376,758.489000714713,9.77136677757192,2.0,1.0
85.0,85,496,693.748177858925,509.14790314581035,9.771366777571922,2.0,0.9999999999999999
85.0,85,497,1194.3990753525877,773.7011860923083,7.755538950942392,1.0,1.0
85.0,85,498,421.38776345035154,483.2296879942466,7.755538950942392,1.0,1.0
85.0,85,500,535.0462954096176,183.25561680555484,7.755538950942392,1.0,0.9999999999999999
85.0,85,501,514.4527424308087,989.7466028885416,12.311150689306299,4.0,1.0
85.0,85,503,544.1032380745386,41.104099265780626,13.261785059625712,5.0,1.0
85.0,85,504,991.4551557186571,207.2894901233698,7.755538950942392,1.0,1.0
85.0,85,506,108.59591119910671,744.3979557963278,7.755538950942392,1.0,1.0
85.0,85,507,1336.584724071536,322.30421514624237,7.755538950942392,1.0,1.0
85.0,85,508,1164.0483665941538,522.839462377281,12.311150689306299,4.0,1.0
85.0,85,509,1065.7588683403899,861.9268371094091,9.77136677757192,2.0,1.0
85.0,85,510,597.739090499322,219.6036381718711,13.261785059625714,5.0,1.0
85.0,85,511,520.6902906446769,499.6373992962596,9.77136677757192,2.0,1.0
85.0,85,512,191.36396423326676,865.8943380662547,11.185422719499034,3.0,0.9999999999999999
85.0,85,513,1257.5984457785034,587.5162478671234,14.835812298463564,7.0,1.0
85.0,85,516,1223.7019282813221,383.5863177361677,11.185422719499032,3.0,1.0
85.0,85,517,901.7799087014392,836.3098849388391,9.77136677757192,2.0,0.9999999999999999
85.0,85,518,133.63887994334874,521.0105510994352,12.311150689306299,4.0,1.0
85.0,85,519,822.4030148898014,383.26117082854495,14.09274953626919,6.0,1.0
85.0,85,520,804.8874137101906,1023.2398387203772,11.185422719499034,3.0,1.0
85.0,85,521,824.7721781106043,51.88912846983639,12.311150689306299,4.0,1.0
85.0,85,522,984.0015572589211,982.8330333730552,7.755538950942392,1.0,1.0
85.0,85,523,977.4551015754395,182.31323496212417,7.755538950942392,1.0,1.0
85.0,85,524,861.7586607368444,879.0230903692162,9.77136677757192,2.0,1.0
85.0,85,529,783.0236318341962,570.0039440740886,7.755538950942392,1.0,0.9999999999999999
85.0,85,530,122.94646475294172,684.84833789482,9.771366777571922,2.0,1.0
85.0,85,533,826.7643193401458,875.1295442956364,9.771366777571922,2.0,1.0
85.0,85,535,842.0929602667048,137.8069365844364,7.755538950942392,1.0,1.0
85.0,85,536,339.7312695027074,489.53605263340705,7.755538950942392,1.0,1.0
85.0,85,538,547.9151176765171,450.34410959891903,11.185422719499032,3.0,1.0
85.0,85,539,965.1458846077267,222.82419780962186,7.755538950942392,1.0,1.0
85.0,85,540,306.5033914472835,542.6085281090833,7.755538950942392,1.0,0.9999999999999999
85.0,85,543,908.2583920389545,404.5787959666525,11.185422719499034,3.0,1.0
85.0,85,546,1032.0327298067834,833.0074919227017,9.77136677757192,2.0,1.0
85.0,85,547,499.99750130641075,252.45250610703042,7.755538950942392,1.0,1.0
85.0,85,548,896.2993902548961,447.8850053932264,11.185422719499034,3.0,1.0
85.0,85,551,1254.0227488117553,770.8273531275491,7.755538950942392,1.0,1.0
85.0,85,555,154.16569892755783,190.4714851398471,11.185422719499032,3.0,1.0
85.0,85,556,268.08373872294646,468.5733108021292,7.755538950942392,1.0,0.9999999999999999
85.0,85,557,599.067610685018,321.70536765554397,11.185422719499032,3.0,1.0
85.0,85,558,233.41556815304926,70.54789366391876,7.755538950942392,1.0,1.0
85.0,85,559,1071.7342873569432,83.94851045466132,7.755538950942392,1.0,1.0
85.0,85,561,1314.266639898625,886.159257393325,7.755538950942392,1.0,1.0
85.0,85,562,182.5094665320798,236.12240100903645,11.185422719499032,3.0,0.9999999999999999
85.0,85,563,442.69785278662766,417.8729570714815,7.755538950942392,1.0,1.0
85.0,85,564,360.76405849738956,455.46868016603094,11.185422719499032,3.0,1.0
85.0,85,565,1217.1943927388745,751.6668146148476,7.755538950942392,1.0,0.9999999999999999
85.0,85,568,1108.8532701522445,155.35636963733646,7.755538950942392,1.0,1.0
85.0,85,569,334.4562573981456,340.88186323251404,7.755538950942392,1.0,0.9999999999999999
85.0,85,570,1319.535453272223,563.4217366189445,11.185422719499034,3.0,1.0
85.0,85,573,485.2450385940032,958.6384663037097,7.755538950942392,1.0,0.9999999999999999
85.0,85,574,184.80038820977953,802.1605080678764,7.755538950942392,1.0,1.0
85.0,85,575,674.287266752422,692.0565943852325,7.755538950942392,1.0,1.0
85.0,85,576,817.1676812940975,165.34393170363313,7.755538950942392,1.0,0.9999999999999999
85.0,85,579,543.8378612843562,271.05671884288284,7.755538950942392,1.0,1.0
85.0,85,581,602.649224961498,833.0851916646778,13.261785059625714,5.0,1.0
85.0,85,582,563.5062461646115,289.2557416041436,9.77136677757192,2.0,1.0
85.0,85,583,1221.6766272840464,258.2675358052081,11.185422719499034,3.0,1.0
85.0,85,584,1088.2097983010076,782.7149797917612,7.755538950942392,1.0,1.0
85.0,85,586,390.54001975361797,2.7839072059588323,7.755538950942392,1.0,1.0
85.0,85,587,1072.2064142841728,825.0461435303441,9.77136677757192,2.0,0.9999999999999999
85.0,85,592,875.6535728751352,293.0939704639999,7.755538950942392,1.0,1.0
85.0,85,593,687.6371446841049,794.7961509987166,9.77136677757192,2.0,1.0
85.0,85,594,529.6103155046419,901.5836153225133,9.771366777571922,2.0,0.9999999999999999
85.0,85,598,598.4392001807703,447.2696378272999,11.185422719499032,3.0,1.0
85.0,85,600,539.2418360632909,529.6897514561787,11.185422719499034,3.0,1.0
85.0,85,602,164.71985103578376,310.63835813717736,7.755538950942392,1.0,0.9999999999999999
85.0,85,605,798.6415794027547,39.2454714406397,14.09274953626919,6.0,0.9999999999999999
85.0,85,606,1214.2539889283444,636.880907847204,7.755538950942392,1.0,1.0
85.0,85,607,1169.0371402762717,170.7337213191094,12.311150689306297,4.0,1.0
85.0,85,608,941.049355463462,697.0814198164053,9.771366777571922,2.0,1.0
85.0,85,609,1000.8765080332396,856.3841115933587,7.755538950942392,1.0,1.0
85.0,85,611,959.3846326781769,443.4239084227828,9.77136677757192,2.0,1.0
85.0,85,612,348.3785524190829,308.23471726945576,14.09274953626919,6.0,1.0
85.0,85,613,1255.6187497772034,726.400191098897,7.755538950942392,1.0,1.0
85.0,85,614,397.54759229366925,760.800470282702,12.311150689306299,4.0,0.9999999999999999
85.0,85,619,633.4617194860757,237.8964702170802,7.755538950942392,1.0,1.0
85.0,85,621,177.73111695515107,40.833829067471164,7.755538950942392,1.0,1.0
85.0,85,622,263.65075801780955,40.726763781478894,7.755538950942392,1.0,1.0
85.0,85,625,577.6308108771351,737.1129206489373,7.755538950942392,1.0,0.9999999999999999
85.0,85,626,895.7413081744746,176.60123357754998,7.755538950942392,1.0,1.0
85.0,85,627,1246.812364235392,23.54119092848572,12.311150689306299,4.0,1.0
85.0,85,629,803.5257154455716,884.4817611383622,11.185422719499032,3.0,0.9999999999999999
85.0,85,632,403.7304963240703,703.5823853782235,9.771366777571922,2.0,1.0
85.0,85,633,1109.7177428135794,90.93875713463711,9.77136677757192,2.0,0.9999999999999999
85.0,85,634,992.4865542074938,329.2593039790672,7.755538950942392,1.0,1.0
85.0,85,636,675.8904642175979,934.2847104742948,11.185422719499034,3.0,1.0
85.0,85,638,75.73670997444073,226.16024090608332,7.755538950942392,1.0,0.9999999999999999
85.0,85,640,36.460252099220654,453.6192053861972,7.755538950942392,1.0,0.9999999999999999
85.0,85,641,163.85765377544334,925.066311187825,7.755538950942392,1.0,1.0
85.0,85,646,373.6308136222283,887.9821186693853,11.185422719499032,3.0,1.0
85.0,85,647,172.72220928378192,287.19261878396264,9.771366777571922,2.0,1.0
85.0,85,649,1116.572906128306,119.39524056696105,9.77136677757192,2.0,1.0
85.0,85,654,1289.6431003419116,130.59034071186957,11.185422719499034,3.0,1.0
85.0,85,655,576.9122941438668,702.6831167094762,7.755538950942392,1.0,0.9999999999999999
85.0,85,658,571.2805936256955,343.5007761091877,14.092749536269185,6.0,1.0
85.0,85,659,1298.05108742584,968.354712408377,9.771366777571922,2.0,0.9999999999999999
85.0,85,662,1135.6722410911982,961.9117989517641,7.755538950942392,1.0,0.9999999999999999
85.0,85,665,1040.5130991410776,111.12375332340618,11.185422719499032,3.0,1.0
85.0,85,666,1232.0173099728192,999.689293166447,12.311150689306299,4.0,1.0
85.0,85,667,197.44810865466815,88.90891781197597,7.755538950942392,1.0,1.0
85.0,85,668,235.57131399193293,949.1744561454797,7.755538950942392,1.0,1.0
85.0,85,671,1023.9339693407534,83.99221507207362,7.755538950942392,1.0,1.0
85.0,85,672,805.6440017158435,976.9650344488603,7.755538950942392,1.0,1.0
85.0,85,674,1062.0195454450577,634.5943542605733,7.755538950942392,1.0,0.9999999999999999
85.0,85,675,396.58939589876417,493.75573474271056,7.755538950942392,1.0,1.0
85.0,85,676,1286.2968550651208,865.673408428253,9.77136677757192,2.0,1.0
85.0,85,678,117.98291302257303,247.92414228627973,9.77136677757192,2.0,1.0
85.0,85,680,871.5296690820913,602.1500913765101,7.755538950942392,1.0,1.0
85.0,85,682,1219.4929213200421,85.92627643238453,7.755538950942392,1.0,1.0
85.0,85,684,1306.211181664799,938.9112643449938,11.185422719499034,3.0,1.0
85.0,85,686,889.9432866613247,304.9910787847471,7.755538950942392,1.0,1.0
85.0,85,687,1203.7857741724983,283.6872968258033,12.311150689306297,4.0,1.0
85.0,85,688,239.30961903064815,490.9492633290535,7.755538950942392,1.0,1.0
85.0,85,689,434.0641324671884,616.7886025280983,7.755538950942392,1.0,1.0
85.0,85,694,1105.277854544653,875.6659898553582,7.755538950942392,1.0,1.0
85.0,85,698,666.7536465721386,99.96641794780768,7.755538950942392,1.0,1.0
85.0,85,700,444.02596787830356,504.0414378155831,11.185422719499032,3.0,1.0
85.0,85,702,696.7243082569108,33.17231066687342,7.755538950942392,1.0,1.0
85.0,85,704,140.39482964413696,256.3956384378825,9.771366777571922,2.0,1.0
85.0,85,705,407.02281308404145,410.7071693408282,11.185422719499034,3.0,1.0
85.0,85,706,300.49294940560145,203.86656666410002,11.185422719499032,3.0,1.0
85.0,85,707,250.21664685812706,253.74037252266072,11.185422719499032,3.0,1.0
85.0,85,710,816.2163627875573,670.8979947397424,7.755538950942392,1.0,1.0
85.0,85,717,525.8862200873932,653.3517570776637,13.26178505962571,5.0,1.0
85.0,85,718,437.72749594283056,158.64144610156293,7.755538950942392,1.0,1.0
85.0,85,720,634.1467889823333,828.3969945559812,9.77136677757192,2.0,1.0
85.0,85,722,1006.8316171170106,781.318777569674,11.185422719499032,3.0,1.0
85.0,85,723,430.34757361463045,591.8887332093051,11.185422719499032,3.0,0.9999999999999999
85.0,85,724,892.4489909335318,624.0958465746838,7.755538950942392,1.0,1.0
85.0,85,726,1262.7406476261142,49.198952922511666,9.771366777571922,2.0,1.0
85.0,85,728,1034.4989076644129,388.08534834363735,7.755538950942392,1.0,1.0
85.0,85,729,565.9031287779153,101.7997584811679,9.771366777571922,2.0,1.0
85.0,85,730,684.5609639305654,464.70111478993925,9.77136677757192,2.0,1.0
85.0,85,732,511.73210434767515,156.39441362483652,11.185422719499032,3.0,0.9999999999999999
85.0,85,733,242.83072596547947,285.3526806571208,12.311150689306297,4.0,1.0
85.0,85,734,1334.7394408846076,21.253123739415503,7.755538950942392,1.0,0.9999999999999999
85.0,85,735,721.9481858944471,5.735660720118783,7.755538950942392,1.0,1.0
85.0,85,737,1102.264529715118,481.287164566117,11.185422719499032,3.0,0.9999999999999999
85.0,85,740,1241.8559509433949,962.0582085283413,7.755538950942392,1.0,1.0
85.0,85,743,745.7343321278915,177.78622558930917,9.77136677757192,2.0,0.9999999999999999
85.0,85,745,1085.9661239774507,500.9543890422104,9.77136677757192,2.0,1.0
85.0,85,746,1275.1454562540443,382.2572063461469,9.77136677757192,2.0,1.0
85.0,85,747,629.5370385827073,742.3813308627047,9.771366777571922,2.0,1.0
85.0,85,748,1227.8442825723118,340.11303077242485,7.755538950942392,1.0,1.0
85.0,85,750,791.1540285112048,248.2358476383848,9.77136677757192,2.0,1.0
85.0,85,752,1307.2347745538173,698.0192500540542,9.771366777571922,2.0,1.0
85.0,85,753,645.7052844925595,473.994617341115,9.771366777571922,2.0,1.0
85.0,85,754,545.8249265356377,725.2129563918797,7.755538950942392,1.0,0.9999999999999999
85.0,85,755,941.5900461564588,129.12759175831616,7.755538950942392,1.0,1.0
85.0,85,757,773.489020441168,482.884245475866,9.77136677757192,2.0,1.0
85.0,85,758,647.1573472466024,413.6887594082181,9.77136677757192,2.0,1.0
85.0,85,759,55.54652632209435,619.175633026756,11.185422719499032,3.0,1.0
85.0,85,760,153.75173324791885,1018.8037228397645,11.185422719499034,3.0,0.9999999999999999
85.0,85,762,994.6259023161622,50.9622444021941,11.185422719499032,3.0,0.9999999999999999
85.0,85,764,220.5784865409298,659.6526115638518,7.755538950942392,1.0,1.0
85.0,85,765,718.363499887651,471.1717973549887,11.185422719499034,3.0,1.0
85.0,85,766,362.92570282119567,1.3512968559099834,9.77136677757192,2.0,0.9999999999999999
85.0,85,767,351.2315060836599,595.9942898135555,7.755538950942392,1.0,1.0
85.0,85,768,719.0543030023157,644.1196619598351,14.835812298463562,7.0,1.0
85.0,85,769,14.514973847548992,679.2165721549013,12.311150689306299,4.0,1.0
85.0,85,772,1027.6791942397433,916.8066995236757,7.755538950942392,1.0,1.0
85.0,85,773,923.8069483698778,657.3119769617276,7.755538950942392,1.0,1.0
85.0,85,774,71.94539988226165,853.2178131897961,11.185422719499034,3.0,1.0
85.0,85,776,1081.6214789330825,150.3255839822586,9.77136677757192,2.0,1.0
85.0,85,777,387.5418928761304,326.47186074621106,7.755538950942392,1.0,0.9999999999999999
85.0,85,780,236.9081870078159,685.7453252222981,11.185422719499032,3.0,1.0
85.0,85,781,428.3712491780966,196.96223325319875,7.755538950942392,1.0,1.0
85.0,85,782,147.5835864726014,564.593434158105,11.185422719499032,3.0,1.0
85.0,85,783,171.8522699923856,705.647945390231,13.26178505962571,5.0,0.9999999999999999
85.0,85,786,486.2102049002326,831.8781720735786,7.755538950942392,1.0,0.9999999999999999
85.0,85,787,739.575807422995,854.7496140832665,11.185422719499032,3.0,0.9999999999999999
85.0,85,788,1123.749709007166,408.7774934434701,7.755538950942392,1.0,1.0
85.0,85,789,395.61705267684835,967.1630671631148,11.185422719499034,3.0,1.0
85.0,85,790,707.9403971442778,920.5045584470183,9.77136677757192,2.0,1.0
85.0,85,791,926.3072098902488,954.2399927471582,11.185422719499032,3.0,1.0
85.0,85,792,557.9247850365376,766.0978624284378,15.511077901884784,8.0,1.0
85.0,85,795,240.06292577161048,837.559874579027,11.185422719499032,3.0,0.9999999999999999
85.0,85,796,234.7683585324971,313.5320867239009,7.755538950942392,1.0,1.0
85.0,85,798,1021.4788515794845,466.82777485356473,7.755538950942392,1.0,1.0
85.0,85,799,34.14805227548031,203.81658256333114,7.755538950942392,1.0,1.0
85.0,85,800,342.2987879095787,727.7948693278208,9.77136677757192,2.0,1.0
85.0,85,801,1235.276339033338,97.73074189928177,7.755538950942392,1.0,0.9999999999999999
85.0,85,805,718.5583123617341,972.0873281897145,9.77136677757192,2.0,0.9999999999999999
85.0,85,806,384.06587425397447,677.2515881854891,9.771366777571922,2.0,1.0
85.0,85,809,1197.6760697872512,467.61661947652556,9.77136677757192,2.0,1.0
85.0,85,810,1055.6112813745244,143.81848541038335,9.77136677757192,2.0,1.0
85.0,85,811,822.9217601230941,557.0334507156496,15.511077901884784,8.0,1.0
85.0,85,812,46.417898832916585,410.37958473695255,7.755538950942392,1.0,1.0
85.0,85,815,468.85471246654095,575.6217624497464,9.77136677757192,2.0,1.0
85.0,85,817,1194.545816651394,724.6020453891651,9.77136677757192,2.0,1.0
85.0,85,818,272.12765169565773,1010.0828162989783,7.755538950942392,1.0,1.0
85.0,85,819,1030.3126900805205,943.949953849519,7.755538950942392,1.0,0.9999999999999999
85.0,85,820,1107.4366218996302,587.6195721695185,7.755538950942392,1.0,1.0
85.0,85,821,1305.169986139438,36.014883987345065,13.261785059625714,5.0,1.0
85.0,85,823,474.4940443615876,694.362094226777,7.755538950942392,1.0,1.0
85.0,85,824,556.036535711983,166.57211503823564,7.755538950942392,1.0,1.0
85.0,85,826,982.3467084108282,836.2869888519833,9.771366777571922,2.0,1.0
85.0,85,828,151.34252084653326,818.8965228526479,9.77136677757192,2.0,1.0
85.0,85,829,773.8295569696979,143.63487923872376,9.77136677757192,2.0,0.9999999999999999
85.0,85,830,439.2281729504572,751.6143348176088,9.771366777571922,2.0,1.0
85.0,85,831,837.883692505391,611.1945923521978,9.771366777571922,2.0,1.0
85.0,85,832,1046.8067850035632,464.07764002429616,11.185422719499034,3.0,0.9999999999999999
85.0,85,833,456.7074805575301,324.6475274165544,11.185422719499034,3.0,1.0
85.0,85,837,944.6365961103113,637.1178740045657,11.185422719499034,3.0,1.0
85.0,85,838,307.3189260961088,308.7714738405174,7.755538950942392,1.0,0.9999999999999999
85.0,85,839,965.3113141366941,97.8100634460722,7.755538950942392,1.0,1.0
85.0,85,840,752.5730397083126,678.8566800552808,7.755538950942392,1.0,0.9999999999999999
85.0,85,841,895.1984416209224,582.5175060886229,11.185422719499032,3.0,1.0
85.0,85,842,42.321473760414904,514.4860444460926,7.755538950942392,1.0,0.9999999999999999
85.0,85,843,939.3530102261853,901.6048986049029,7.755538950942392,1.0,0.9999999999999999
85.0,85,845,1340.3314743711178,631.8766049830091,7.755538950942392,1.0,0.9999999999999999
85.0,85,846,686.3847364408703,439.28611294322144,9.77136677757192,2.0,0.9999999999999999
85.0,85,848,589.0706900593578,630.8192614863983,13.261785059625714,5.0,1.0
85.0,85,851,1319.8720306970367,657.5543191139092,13.261785059625714,5.0,1.0
85.0,85,853,477.8052231635914,805.288022884441,11.185422719499032,3.0,1.0
85.0,85,855,597.6320155849925,593.1357817793007,7.755538950942392,1.0,1.0
85.0,85,857,742.0866639809582,895.3575189098492,9.771366777571922,2.0,1.0
85.0,85,859,897.4305518300255,772.2743360831274,9.771366777571922,2.0,1.0
85.0,85,860,10.0941819450188,262.34427863897685,9.771366777571922,2.0,1.0
85.0,85,861,998.2176464603882,72.52742292507729,7.755538950942392,1.0,1.0
85.0,85,862,304.5018429338742,574.8645866618832,7.755538950942392,1.0,1.0
85.0,85,865,839.6745092226375,110.5420834948922,7.755538950942392,1.0,1.0
85.0,85,866,932.5080240092037,19.1022436578423,9.77136677757192,2.0,1.0
85.0,85,868,1293.7617283324028,804.6700577095244,14.092749536269187,6.0,1.0
85.0,85,869,1321.87277895004,121.3764533843212,11.185422719499034,3.0,1.0
85.0,85,870,229.98818425822677,184.76079899908405,7.755538950942392,1.0,1.0
85.0,85,871,709.9569645280166,754.3291130623478,12.311150689306299,4.0,1.0
85.0,85,872,1037.3964007653094,436.3507755789372,7.755538950942392,1.0,0.9999999999999999
85.0,85,873,62.84074905595198,388.0794586628469,7.755538950942392,1.0,1.0
85.0,85,877,169.21630559602275,435.5142355995786,7.755538950942392,1.0,1.0
85.0,85,879,710.2216169076714,333.8239297572779,9.771366777571922,2.0,0.9999999999999999
85.0,85,882,286.4126475405983,633.5537280004321,7.755538950942392,1.0,1.0
85.0,85,883,8.880936645228578,150.50825102771947,9.77136677757192,2.0,1.0
85.0,85,884,650.8363516796186,338.4791976677939,9.77136677757192,2.0,1.0
85.0,85,886,81.34869300522497,646.8091300896418,9.77136677757192,2.0,0.9999999999999999
85.0,85,887,450.0499760759127,241.36823612854133,12.311150689306299,4.0,1.0
85.0,85,890,1270.6827309966056,246.65074310742142,11.185422719499032,3.0,1.0
85.0,85,892,341.6512801020174,45.91356996456972,7.755538950942392,1.0,1.0
85.0,85,894,1188.7500864320598,5.743590732436451,9.771366777571922,2.0,1.0
85.0,85,896,231.69830916173356,929.8805745193239,7.755538950942392,1.0,0.9999999999999999
85.0,85,897,732.3879772537381,581.5976562704077,9.77136677757192,2.0,1.0
85.0,85,898,1078.6372573255169,294.9252270675076,9.77136677757192,2.0,1.0
85.0,85,899,1192.5971064021157,838.1930840255499,12.311150689306297,4.0,1.0
85.0,85,901,1050.1194179787517,4.876808930469236,11.185422719499032,3.0,1.0
85.0,85,903,284.949479784813,375.86926294896637,14.835812298463557,7.0,1.0
85.0,85,905,706.7190541022549,873.4993881485598,11.185422719499032,3.0,1.0
85.0,85,907,1158.130905679091,927.7092042546071,9.771366777571922,2.0,1.0
85.0,85,910,1271.420911389974,790.345364560357,9.77136677757192,2.0,1.0
85.0,85,911,330.3508700072675,90.14908204054464,7.755538950942392,1.0,1.0
85.0,85,912,435.2852348526299,891.9929946746206,7.755538950942392,1.0,1.0
85.0,85,913,312.0187435968996,734.3990741588848,7.755538950942392,1.0,1.0
85.0,85,914,864.3032403932283,378.3040852075143,11.185422719499034,3.0,1.0
85.0,85,915,43.635355601371856,60.46224593443313,7.755538950942392,1.0,1.0
85.0,85,916,833.126241633899,302.7555074702108,7.755538950942392,1.0,1.0
85.0,85,921,1230.8865154977098,474.40017725681844,7.755538950942392,1.0,1.0
85.0,85,924,646.576793967179,1.0837248304416456,9.77136677757192,2.0,0.9999999999999999
85.0,85,925,894.8187594134727,352.5681778224007,11.185422719499034,3.0,1.0
85.0,85,926,230.90377476319006,91.77762876471427,11.185422719499032,3.0,1.0
85.0,85,927,1266.4134076092264,84.62507092534503,12.311150689306297,4.0,1.0
85.0,85,928,524.3235193408186,954.2862123434157,7.755538950942392,1.0,1.0
85.0,85,932,1280.6471574638647,542.6656917186417,11.185422719499032,3.0,1.0
85.0,85,933,1026.5680450019477,200.93147872130635,7.755538950942392,1.0,0.9999999999999999
85.0,85,934,318.45430782566905,20.973445963500744,13.261785059625714,5.0,0.9999999999999999
85.0,85,935,295.9845842911767,795.9263364733014,7.755538950942392,1.0,1.0
85.0,85,936,528.4943594116635,401.8904534911596,9.77136677757192,2.0,1.0
85.0,85,937,927.494883686511,1001.4840875041174,9.77136677757192,2.0,1.0
85.0,85,939,1165.3087462508288,136.56906066474818,9.77136677757192,2.0,1.0
85.0,85,941,50.40155955135291,952.6005938664727,11.185422719499032,3.0,1.0
85.0,85,947,418.68899980051276,72.65184910582309,7.755538950942392,1.0,1.0
85.0,85,949,1207.8558037327307,29.808242724223174,11.185422719499032,3.0,1.0
85.0,85,950,384.50030251501613,639.0399487967599,9.77136677757192,2.0,0.9999999999999999
85.0,85,951,99.16602967345605,323.254696976458,12.311150689306299,4.0,1.0
85.0,85,952,184.02908746466838,178.69133055420744,7.755538950942392,1.0,1.0
85.0,85,953,587.1255051233821,141.76281966890363,9.77136677757192,2.0,1.0
85.0,85,954,1316.7890968434665,203.5055991345117,7.755538950942392,1.0,1.0
85.0,85,955,474.105727976625,414.2698988342431,9.77136677757192,2.0,1.0
85.0,85,956,1074.0732563045153,612.6591954063297,9.77136677757192,2.0,1.0
85.0,85,957,264.1414571300137,538.6289334928083,12.311150689306297,4.0,1.0
85.0,85,959,187.85225922092124,901.4634704406708,9.77136677757192,2.0,1.0
85.0,85,961,278.59729802965666,179.5618384379719,9.77136677757192,2.0,1.0
85.0,85,962,1302.9740824750177,848.5379264478238,12.311150689306299,4.0,1.0
85.0,85,963,393.55175167266094,192.87272652457563,9.77136677757192,2.0,0.9999999999999999
85.0,85,965,863.7014472992327,477.0613210314752,7.755538950942392,1.0,1.0
85.0,85,969,431.60142932628315,468.93902309590396,9.77136677757192,2.0,1.0
85.0,85,971,1165.320971032926,817.4882486547906,7.755538950942392,1.0,1.0
85.0,85,972,489.7881000504929,598.1205056121233,11.185422719499032,3.0,1.0
85.0,85,975,30.625818042748328,721.9031275550905,7.755538950942392,1.0,0.9999999999999999
85.0,85,977,1029.8496947963015,153.60323775468146,7.755538950942392,1.0,1.0
85.0,85,980,338.97064483748744,751.2435192292355,7.755538950942392,1.0,1.0
85.0,85,981,992.1425785147269,405.3754844429884,7.755538950942392,1.0,1.0
85.0,85,983,924.277755295163,530.6714343989225,7.755538950942392,1.0,1.0
85.0,85,985,1251.1896260496164,924.6990998700912,12.311150689306299,4.0,0.9999999999999999
85.0,85,986,1157.6395040214104,775.2347265357429,12.311150689306295,4.0,1.0
85.0,85,987,1174.3595836653194,872.4725489219187,7.755538950942392,1.0,1.0
85.0,85,988,1128.2969724337086,609.8015076033342,7.755538950942392,1.0,1.0
85.0,85,989,543.1860565917237,939.4621328750366,9.77136677757192,2.0,1.0
85.0,85,995,38.023311938018345,13.392336178516498,14.092749536269185,6.0,1.0
85.0,85,996,264.4155999598546,860.1698149962505,9.77136677757192,2.0,1.0
85.0,85,998,6.296124019475534,974.72276465767,7.755538950942392,1.0,1.0
85.0,85,999,1066.1260648116536,427.1899864871764,7.755538950942392,1.0,1.0
85.0,85,1000,165.67453328001528,878.6131016815651,9.77136677757192,2.0,1.0
87.0,87,1,114.99919872376059,935.331436561314,7.755538950942392,1.0,1.0
87.0,87,3,952.7290718748991,303.4690054355871,13.261785059625714,5.0,1.0
87.0,87,6,458.0446199453822,100.33951874205984,7.755538950942392,1.0,1.0
87.0,87,8,354.35424474686886,206.17478572549211,16.708802155803774,10.0,1.0
87.0,87,9,1071.928731155586,402.924999926409,7.755538950942392,1.0,0.9999999999999999
87.0,87,10,1151.3918275968724,300.57619399919946,7.755538950942392,1.0,1.0
87.0,87,11,849.16457742473,944.2457347781146,9.77136677757192,2.0,1.0
87.0,87,15,998.9249700509613,305.0479206055497,7.755538950942392,1.0,1.0
87.0,87,17,196.1745850867025,266.812448842866,7.755538950942392,1.0,1.0
87.0,87,18,646.1650963114977,647.9860114183268,7.755538950942392,1.0,1.0
87.0,87,20,344.15334918106225,957.8465885868783,7.755538950942392,1.0,1.0
87.0,87,21,253.91408916760966,83.06007065386763,7.755538950942392,1.0,1.0
87.0,87,22,136.47909639256088,457.25355771085805,9.77136677757192,2.0,1.0
87.0,87,23,6.149355161110116,815.4768947611426,9.77136677757192,2.0,1.0
87.0,87,27,525.2032585628166,546.0871416919289,7.755538950942392,1.0,0.9999999999999999
87.0,87,28,909.6006638274106,896.2454010833522,7.755538950942392,1.0,1.0
87.0,87,29,1103.2768738971372,4.333385257260677,13.261785059625714,5.0,1.0
87.0,87,31,966.9573325083338,150.11123640924203,7.755538950942392,1.0,1.0
87.0,87,35,186.1240656137618,750.9905346503458,7.755538950942392,1.0,1.0
87.0,87,37,864.3406437230719,913.1075795072157,9.771366777571922,2.0,1.0
87.0,87,38,962.4355867530733,727.8258777620573,7.755538950942392,1.0,1.0
87.0,87,39,1332.0677638157958,1005.9688608192457,7.755538950942392,1.0,1.0
87.0,87,40,957.9734468747422,932.9271211443407,9.77136677757192,2.0,0.9999999999999999
87.0,87,41,432.68423484878457,284.1053334926091,9.77136677757192,2.0,1.0
87.0,87,43,781.9962663133143,826.1300920290373,7.755538950942392,1.0,0.9999999999999999
87.0,87,44,744.8814962241717,59.80323528757295,11.185422719499032,3.0,1.0
87.0,87,45,886.0780049666982,956.7114849724128,7.755538950942392,1.0,1.0
87.0,87,46,1145.2204858883113,350.8392216925748,7.755538950942392,1.0,1.0
87.0,87,51,1323.1821350315784,225.486882965448,11.185422719499034,3.0,1.0
87.0,87,53,137.9843100802541,114.26509021325259,7.755538950942392,1.0,1.0
87.0,87,55,1254.2824123278106,613.3558037301957,7.755538950942392,1.0,1.0
87.0,87,57,1061.2708422296441,727.461546619471,12.311150689306295,4.0,0.9999999999999999
87.0,87,59,35.9440606579211,146.46896378592277,7.755538950942392,1.0,1.0
87.0,87,60,48.71492354726982,231.77827832796905,9.77136677757192,2.0,1.0
87.0,87,61,882.0269713067285,996.3209856971488,9.771366777571922,2.0,0.9999999999999999
87.0,87,62,578.4136724146392,0.11547098498922104,7.755538950942392,1.0,1.0
87.0,87,63,1136.2552185972404,635.563912894437,7.755538950942392,1.0,1.0
87.0,87,65,702.3327472701261,834.6488620950698,7.755538950942392,1.0,1.0
87.0,87,66,966.9255050756864,1016.1070888339882,9.771366777571922,2.0,1.0
87.0,87,67,1085.7731397522011,251.36284204396028,13.261785059625712,5.0,1.0
87.0,87,68,1240.1877432044257,659.8425922720702,7.755538950942392,1.0,1.0
87.0,87,70,1152.516064944539,471.4807275769652,7.755538950942392,1.0,1.0
87.0,87,71,771.591958159893,785.6417157976522,9.771366777571922,2.0,1.0
87.0,87,73,536.253291588546,306.97120561677474,7.755538950942392,1.0,1.0
87.0,87,77,425.78940587499847,827.8570277579305,12.311150689306299,4.0,1.0
87.0,87,78,1109.287407697429,183.27610348512897,7.755538950942392,1.0,1.0
87.0,87,79,828.5901352910396,233.62404388817617,9.77136677757192,2.0,0.9999999999999999
87.0,87,80,1015.2347450809432,356.4333205225509,7.755538950942392,1.0,1.0
87.0,87,81,610.5623425618236,7.308019163643492,9.77136677757192,2.0,1.0
87.0,87,83,1191.5563689565963,417.1993248609922,7.755538950942392,1.0,1.0
87.0,87,85,119.80935680142977,789.5215578872192,7.755538950942392,1.0,1.0
87.0,87,86,1028.720383528147,512.8954408958953,9.77136677757192,2.0,1.0
87.0,87,87,706.4623168724181,126.23532036540719,7.755538950942392,1.0,1.0
87.0,87,88,71.1680645237356,493.52957240956397,9.77136677757192,2.0,0.9999999999999999
87.0,87,90,809.7353514685489,414.364086201151,7.755538950942392,1.0,1.0
87.0,87,92,1092.3354005692636,696.5444305786955,7.755538950942392,1.0,1.0
87.0,87,93,287.3855066262401,292.4755554008558,9.77136677757192,2.0,1.0
87.0,87,94,650.5903362915136,890.5262320962661,12.311150689306299,4.0,1.0
87.0,87,97,939.5618793477904,63.60194478477023,12.311150689306297,4.0,0.9999999999999999
87.0,87,100,369.909841422433,811.3655928806617,7.755538950942392,1.0,1.0
87.0,87,101,19.813294002948204,616.4299744732941,7.755538950942392,1.0,1.0
87.0,87,103,216.16835355192399,19.766096218379896,7.755538950942392,1.0,1.0
87.0,87,104,384.4638786638533,583.282715218499,7.755538950942392,1.0,1.0
87.0,87,107,439.5032247266941,134.3019212994113,7.755538950942392,1.0,1.0
87.0,87,110,644.6063659358229,619.5176088635341,7.755538950942392,1.0,1.0
87.0,87,116,1156.216062722511,58.04308691413562,11.185422719499032,3.0,1.0
87.0,87,118,277.39148360503833,438.87687525297025,9.77136677757192,2.0,1.0
87.0,87,119,1040.3691988901307,562.7038394596593,11.185422719499032,3.0,1.0
87.0,87,121,106.93460030120262,218.51614432750668,11.185422719499034,3.0,1.0
87.0,87,122,850.9474888195601,261.2077739361124,13.261785059625714,5.0,1.0
87.0,87,123,1291.1158466890092,588.0555575242347,11.185422719499034,3.0,0.9999999999999999
87.0,87,125,427.296270671557,1004.6711845029755,11.185422719499034,3.0,1.0
87.0,87,126,3.1592484147786832,470.109447507299,7.755538950942392,1.0,1.0
87.0,87,129,783.5454057892032,673.8671739666563,7.755538950942392,1.0,1.0
87.0,87,130,1203.1730788140144,442.51080384144984,7.755538950942392,1.0,0.9999999999999999
87.0,87,131,1243.9870648061249,310.34304109519314,7.755538950942392,1.0,1.0
87.0,87,132,1283.4224644996054,177.8074750138983,12.311150689306297,4.0,0.9999999999999999
87.0,87,134,118.66006930906015,830.9753937226291,9.77136677757192,2.0,1.0
87.0,87,135,1012.3154821889266,595.709033236591,7.755538950942392,1.0,1.0
87.0,87,138,485.6256528655114,1023.3182600249295,7.755538950942392,1.0,1.0
87.0,87,142,1293.4459617041543,295.5046793237946,7.755538950942392,1.0,1.0
87.0,87,143,612.6532486654047,113.73898051721214,14.09274953626919,6.0,1.0
87.0,87,144,1275.0692872587726,973.4019876217769,9.77136677757192,2.0,1.0
87.0,87,145,119.55160364015246,868.1400155161087,9.77136677757192,2.0,1.0
87.0,87,146,1057.9896367061515,525.1902810121323,7.755538950942392,1.0,1.0
87.0,87,148,545.6683305066801,147.902268451288,9.77136677757192,2.0,1.0
87.0,87,149,174.49045194399835,982.2655093996719,7.755538950942392,1.0,1.0
87.0,87,150,704.1142156432425,381.4812268161306,12.311150689306299,4.0,0.9999999999999999
87.0,87,151,469.698101528302,670.5030809891024,7.755538950942392,1.0,1.0
87.0,87,152,1165.0056026471239,678.7126418195803,7.755538950942392,1.0,1.0
87.0,87,153,59.01564352541428,546.5395084020306,9.77136677757192,2.0,0.9999999999999999
87.0,87,156,877.3784173703946,805.6548254524557,7.755538950942392,1.0,1.0
87.0,87,160,1056.4957364285326,759.4333274155902,7.755538950942392,1.0,0.9999999999999999
87.0,87,163,73.46728620930614,58.348015271884314,7.755538950942392,1.0,0.9999999999999999
87.0,87,164,363.363138544466,77.5404989925547,9.771366777571922,2.0,1.0
87.0,87,165,142.0182687191854,4.722799998490831,7.755538950942392,1.0,1.0
87.0,87,166,494.71831232236525,91.73933151223265,12.311150689306297,4.0,1.0
87.0,87,170,977.1909870346059,689.2171708591426,7.755538950942392,1.0,1.0
87.0,87,172,821.225097455838,810.4114326177421,7.755538950942392,1.0,1.0
87.0,87,173,4.185548463669455,58.44252791100504,11.185422719499034,3.0,1.0
87.0,87,174,969.5340645802395,749.0968784400707,9.771366777571922,2.0,1.0
87.0,87,175,1328.117325775617,859.8802179227059,9.77136677757192,2.0,1.0
87.0,87,181,475.2416336037145,938.446714560282,11.185422719499032,3.0,1.0
87.0,87,186,223.6802584111369,623.9149804122858,12.311150689306297,4.0,1.0
87.0,87,187,611.4560894385222,900.6930307759632,7.755538950942392,1.0,1.0
87.0,87,188,596.4946923991544,283.5100198911914,9.771366777571922,2.0,0.9999999999999999
87.0,87,189,822.9833939722942,919.9670733708275,7.755538950942392,1.0,1.0
87.0,87,191,1079.4619672288848,755.7758599286171,9.77136677757192,2.0,1.0
87.0,87,193,353.64481564834466,107.72990305044837,7.755538950942392,1.0,0.9999999999999999
87.0,87,199,198.672284607446,547.6511651332742,16.132171110904203,9.0,1.0
87.0,87,201,143.9984157226563,431.8816754409994,9.77136677757192,2.0,1.0
87.0,87,208,1038.6900639115981,281.1343428125993,9.77136677757192,2.0,1.0
87.0,87,210,103.67004268607933,1021.8160036780989,11.185422719499034,3.0,1.0
87.0,87,213,480.920221625627,746.377619225304,7.755538950942392,1.0,1.0
87.0,87,214,34.064286426549195,251.32019536114242,7.755538950942392,1.0,1.0
87.0,87,215,353.17944563126093,430.6220363377578,9.77136677757192,2.0,1.0
87.0,87,218,679.3298766213379,304.30793432479084,9.77136677757192,2.0,1.0
87.0,87,219,302.00208710851996,106.5030718127267,7.755538950942392,1.0,1.0
87.0,87,220,312.73998203675643,921.5212388545093,12.311150689306299,4.0,1.0
87.0,87,221,106.66792125112445,180.13248021650122,12.311150689306299,4.0,1.0
87.0,87,224,563.8521263227107,247.4090088112029,9.771366777571922,2.0,1.0
87.0,87,228,896.1869239974442,26.46598408906631,12.311150689306299,4.0,1.0
87.0,87,230,1134.0279971558216,725.2577749969284,7.755538950942392,1.0,1.0
87.0,87,231,737.1623263153505,305.9616757191164,11.185422719499032,3.0,1.0
87.0,87,232,500.73561182420195,231.84947845973326,7.755538950942392,1.0,1.0
87.0,87,238,907.3507021631145,865.1655850028693,7.755538950942392,1.0,0.9999999999999999
87.0,87,239,1205.646415386798,925.1260202159682,7.755538950942392,1.0,1.0
87.0,87,241,1227.4684352123911,525.9552556412793,12.311150689306297,4.0,1.0
87.0,87,242,739.9680973472546,26.184110661597444,7.755538950942392,1.0,1.0
87.0,87,243,69.08466046872518,687.8283859491308,7.755538950942392,1.0,1.0
87.0,87,245,732.2508252835659,789.0178287914534,9.77136677757192,2.0,1.0
87.0,87,247,383.0169867117637,214.9575304771106,7.755538950942392,1.0,1.0
87.0,87,248,458.85183128061556,188.41738909114602,9.77136677757192,2.0,1.0
87.0,87,250,517.040078102848,804.6249831726509,7.755538950942392,1.0,1.0
87.0,87,255,1338.9223414433195,825.1082774299144,9.77136677757192,2.0,1.0
87.0,87,256,923.4174289979292,725.3638927193977,7.755538950942392,1.0,0.9999999999999999
87.0,87,257,610.1656720949563,38.36877000466635,7.755538950942392,1.0,1.0
87.0,87,259,743.3489249792239,150.88866496383616,11.185422719499032,3.0,1.0
87.0,87,260,1090.9385567137945,807.7483093969497,7.755538950942392,1.0,1.0
87.0,87,261,255.45952034913063,422.9166915262049,7.755538950942392,1.0,0.9999999999999999
87.0,87,262,845.3713067091277,987.8520231619415,9.77136677757192,2.0,1.0
87.0,87,263,93.59559769024047,146.52027153393846,11.185422719499034,3.0,1.0
87.0,87,264,936.6457413078689,814.2368524358114,7.755538950942392,1.0,1.0
87.0,87,265,0.6849804399503228,437.4975750102867,7.755538950942392,1.0,1.0
87.0,87,268,1017.9933281575153,228.09395954320465,7.755538950942392,1.0,1.0
87.0,87,269,107.34498531460046,376.0340107276427,11.185422719499032,3.0,1.0
87.0,87,270,337.63376851089487,412.2194173862982,9.771366777571922,2.0,1.0
87.0,87,273,620.1708885941133,581.121975030848,7.755538950942392,1.0,1.0
87.0,87,274,791.6116679716018,845.5318866446752,7.755538950942392,1.0,1.0
87.0,87,275,1177.9176996780752,390.6996432760368,7.755538950942392,1.0,1.0
87.0,87,276,1102.5544133940102,531.4443622959678,7.755538950942392,1.0,1.0
87.0,87,278,1244.9653455444886,360.8410028891814,13.261785059625714,5.0,1.0
87.0,87,279,128.64861466924853,634.274225704557,13.261785059625714,5.0,1.0
87.0,87,280,353.6232681789509,976.3377308767291,7.755538950942392,1.0,1.0
87.0,87,281,1189.7210896513195,554.0563397696485,11.185422719499032,3.0,1.0
87.0,87,283,676.0933449734433,597.4652741884765,9.77136677757192,2.0,1.0
87.0,87,284,74.49486638692105,800.6117544614274,7.755538950942392,1.0,1.0
87.0,87,285,859.5013435815036,641.6081102490422,7.755538950942392,1.0,1.0
87.0,87,286,1135.5634242137758,259.70879200413646,7.755538950942392,1.0,1.0
87.0,87,287,96.44027905311555,716.0338065883566,7.755538950942392,1.0,1.0
87.0,87,289,1247.062142325527,816.9854279706244,12.311150689306299,4.0,1.0
87.0,87,291,505.82027322894197,359.26204495859497,7.755538950942392,1.0,1.0
87.0,87,294,623.7161405823181,433.41285311996285,7.755538950942392,1.0,1.0
87.0,87,295,46.575571287660324,747.5712545675905,12.311150689306297,4.0,1.0
87.0,87,300,350.8835591870181,665.2031881698286,9.77136677757192,2.0,0.9999999999999999
87.0,87,301,1112.3682980990009,36.450965020421116,9.77136677757192,2.0,1.0
87.0,87,302,638.2666810449617,988.8545515595538,7.755538950942392,1.0,0.9999999999999999
87.0,87,304,718.4022810367886,404.24653364623686,7.755538950942392,1.0,1.0
87.0,87,306,154.1003139980875,594.7872967508806,7.755538950942392,1.0,1.0
87.0,87,307,984.9676692474114,485.2024829056614,12.311150689306297,4.0,1.0
87.0,87,309,817.1101706811419,193.51740847545597,7.755538950942392,1.0,1.0
87.0,87,311,694.5016965470219,576.4057403629809,9.77136677757192,2.0,1.0
87.0,87,314,169.5622290872411,146.3741652777596,7.755538950942392,1.0,1.0
87.0,87,318,1213.487156285124,601.9409785111341,11.185422719499032,3.0,1.0
87.0,87,319,113.44166201280491,996.4590685902909,9.77136677757192,2.0,0.9999999999999999
87.0,87,320,1246.663481270362,116.19986036815602,9.77136677757192,2.0,1.0
87.0,87,322,866.1289542543313,971.5159135585656,9.77136677757192,2.0,1.0
87.0,87,323,75.49955853302825,434.2615753406895,9.77136677757192,2.0,1.0
87.0,87,325,207.61102364921666,930.1209680081818,7.755538950942392,1.0,1.0
87.0,87,326,200.5078586254968,471.33537025309437,9.77136677757192,2.0,1.0
87.0,87,327,915.4880907028047,474.62929926946646,7.755538950942392,1.0,1.0
87.0,87,330,408.32514300294037,860.5101964182584,9.77136677757192,2.0,0.9999999999999999
87.0,87,331,136.38493976555105,723.2364716463693,15.511077901884784,8.0,1.0
87.0,87,333,626.726759865223,25.70951266172678,7.755538950942392,1.0,1.0
87.0,87,334,1132.4524281662746,830.1272228208308,7.755538950942392,1.0,1.0
87.0,87,337,584.8151976092049,937.645342588237,9.77136677757192,2.0,1.0
87.0,87,339,821.4706436538241,87.66274597065143,7.755538950942392,1.0,1.0
87.0,87,340,897.7539965065097,665.169526265487,9.771366777571922,2.0,1.0
87.0,87,341,988.983320589935,612.0945398100304,12.311150689306297,4.0,1.0
87.0,87,342,880.3833928243432,137.9619194991411,9.77136677757192,2.0,1.0
87.0,87,343,130.92572853195625,487.0226093254092,7.755538950942392,1.0,1.0
87.0,87,344,727.7684193725183,361.30831353797055,7.755538950942392,1.0,1.0
87.0,87,346,1183.6516917963547,634.8468438035222,7.755538950942392,1.0,1.0
87.0,87,348,407.23487560806535,657.5574357661166,7.755538950942392,1.0,1.0
87.0,87,350,1259.7170901895454,158.81853384260938,7.755538950942392,1.0,1.0
87.0,87,354,477.44311912099744,240.33972452627003,7.755538950942392,1.0,0.9999999999999999
87.0,87,355,96.94692302650128,493.1750337206319,7.755538950942392,1.0,0.9999999999999999
87.0,87,356,684.2739933704075,1016.0709769113329,7.755538950942392,1.0,1.0
87.0,87,360,678.5491055020989,332.4506831333178,7.755538950942392,1.0,1.0
87.0,87,361,29.53984115015515,633.0593351517182,7.755538950942392,1.0,0.9999999999999999
87.0,87,362,992.338700062237,701.9408361787982,7.755538950942392,1.0,0.9999999999999999
87.0,87,363,600.7271534690094,510.1148307045602,7.755538950942392,1.0,1.0
87.0,87,364,1330.1056188334142,415.86646416973826,7.755538950942392,1.0,1.0
87.0,87,365,116.82879546812558,71.13963593863355,7.755538950942392,1.0,1.0
87.0,87,366,844.5734311527875,163.8479959459765,7.755538950942392,1.0,1.0
87.0,87,367,1185.1856568026722,995.1520537071787,7.755538950942392,1.0,1.0
87.0,87,368,1328.9033259715063,168.08719608066772,13.261785059625714,5.0,1.0
87.0,87,370,36.455713877216716,996.2391897695337,7.755538950942392,1.0,1.0
87.0,87,371,577.7949206629299,424.9164276753725,9.771366777571922,2.0,1.0
87.0,87,373,873.8176305469036,197.12038055010638,7.755538950942392,1.0,1.0
87.0,87,374,869.8629228214711,75.28234927398933,11.185422719499032,3.0,0.9999999999999999
87.0,87,380,856.5083395438031,16.108876955774846,9.771366777571922,2.0,1.0
87.0,87,381,815.1930895389661,331.44514927317636,9.77136677757192,2.0,1.0
87.0,87,382,1338.5169835504646,275.85640339258526,9.77136677757192,2.0,1.0
87.0,87,383,934.4835666216667,500.4689799339486,9.771366777571922,2.0,1.0
87.0,87,385,698.7839499916447,545.054088202035,7.755538950942392,1.0,0.9999999999999999
87.0,87,387,817.0027118415871,259.9542664983798,9.77136677757192,2.0,1.0
87.0,87,388,180.89169744293773,648.56293418767,7.755538950942392,1.0,1.0
87.0,87,390,366.5001172643933,167.14802013106146,12.311150689306299,4.0,1.0
87.0,87,391,737.5406042636739,506.48572988969147,13.261785059625714,5.0,1.0
87.0,87,393,271.024892804427,900.1115332133221,7.755538950942392,1.0,1.0
87.0,87,396,1045.239218442108,352.94900315244723,9.77136677757192,2.0,0.9999999999999999
87.0,87,399,526.6996794850015,618.3388664205935,11.185422719499032,3.0,1.0
87.0,87,400,227.03203026088354,379.13575351375306,7.755538950942392,1.0,1.0
87.0,87,403,643.7690846740231,538.5106932785009,7.755538950942392,1.0,1.0
87.0,87,405,761.0264246631248,373.4710389672172,12.311150689306297,4.0,1.0
87.0,87,406,262.25757857578765,789.309213076144,14.092749536269183,6.0,1.0
87.0,87,409,574.2057739374196,872.0027768426148,12.311150689306299,4.0,1.0
87.0,87,410,571.7908427497225,541.058486811738,9.771366777571922,2.0,1.0
87.0,87,412,750.2768871901706,649.5458159053192,9.77136677757192,2.0,1.0
87.0,87,414,1207.7211117393597,497.5219231941109,7.755538950942392,1.0,1.0
87.0,87,415,1135.2864445438438,694.3020105658109,7.755538950942392,1.0,0.9999999999999999
87.0,87,416,396.00296488742873,729.8265868851162,7.755538950942392,1.0,1.0
87.0,87,417,904.9718869181476,520.9169642607993,11.185422719499034,3.0,1.0
87.0,87,418,537.0012472178988,685.6612783498097,9.77136677757192,2.0,0.9999999999999999
87.0,87,419,333.2011405816152,894.6676274547968,9.771366777571922,2.0,0.9999999999999999
87.0,87,420,691.8440925091888,965.595576720893,7.755538950942392,1.0,1.0
87.0,87,421,983.4646995959581,344.2408471373467,7.755538950942392,1.0,1.0
87.0,87,422,159.54463363997684,661.5548495170717,7.755538950942392,1.0,1.0
87.0,87,427,543.3653035855225,12.970156184610424,9.77136677757192,2.0,1.0
87.0,87,428,1060.3186826392882,196.6165525364989,9.77136677757192,2.0,1.0
87.0,87,431,271.6353180548414,579.4291460019418,7.755538950942392,1.0,1.0
87.0,87,432,362.56803340817305,773.7682842746556,9.77136677757192,2.0,1.0
87.0,87,433,290.14320432332636,599.0136526045904,9.77136677757192,2.0,0.9999999999999999
87.0,87,435,888.7511153876144,236.5710093187096,7.755538950942392,1.0,1.0
87.0,87,436,305.6198070132594,663.860122634007,9.77136677757192,2.0,1.0
87.0,87,438,865.7981226302516,715.820864823101,7.755538950942392,1.0,1.0
87.0,87,439,533.1973514202779,864.6181148208386,12.311150689306299,4.0,1.0
87.0,87,440,355.77991742700607,876.3722964272317,7.755538950942392,1.0,1.0
87.0,87,441,942.0241976089729,425.2537662689743,9.771366777571922,2.0,1.0
87.0,87,442,499.23625330193755,325.5848591281608,7.755538950942392,1.0,1.0
87.0,87,443,216.79073331080906,745.4893644391248,7.755538950942392,1.0,1.0
87.0,87,445,1053.5543125442327,35.74935243271155,7.755538950942392,1.0,1.0
87.0,87,446,323.98281382507025,258.4576361553246,7.755538950942392,1.0,1.0
87.0,87,449,1197.990481949065,128.71689369557208,7.755538950942392,1.0,1.0
87.0,87,451,1332.7321990427695,509.8112458197521,7.755538950942392,1.0,1.0
87.0,87,453,186.16415170018422,1017.3044351886678,7.755538950942392,1.0,1.0
87.0,87,455,854.2657134313204,213.36409280877703,12.311150689306299,4.0,0.9999999999999999
87.0,87,456,315.20613343212966,813.5730289608325,9.77136677757192,2.0,0.9999999999999999
87.0,87,458,1244.4728607475165,171.41925931902267,7.755538950942392,1.0,1.0
87.0,87,459,1312.8703283549703,348.4838640967602,9.77136677757192,2.0,1.0
87.0,87,461,148.24054641853417,61.82871145650867,9.77136677757192,2.0,0.9999999999999999
87.0,87,462,1099.2009943608666,299.1562086210419,7.755538950942392,1.0,1.0
87.0,87,464,1334.8590152212141,61.74518234138967,7.755538950942392,1.0,1.0
87.0,87,465,799.1025884834977,182.28791780749947,7.755538950942392,1.0,0.9999999999999999
87.0,87,466,398.60474263410896,622.7908859878482,9.77136677757192,2.0,1.0
87.0,87,468,1212.949642170964,907.9528264055866,9.771366777571922,2.0,1.0
87.0,87,469,1129.9256882474863,889.9918311702924,7.755538950942392,1.0,1.0
87.0,87,470,83.53023491757206,414.3330508663115,7.755538950942392,1.0,1.0
87.0,87,472,309.00466243804874,139.42640643354832,7.755538950942392,1.0,1.0
87.0,87,473,394.68997761206464,911.7252222146107,7.755538950942392,1.0,1.0
87.0,87,474,89.01889621443942,1001.590485566804,9.771366777571922,2.0,1.0
87.0,87,476,482.4250395359938,138.2418788137189,12.311150689306299,4.0,1.0
87.0,87,477,275.78754055221214,938.3443344281345,12.311150689306299,4.0,1.0
87.0,87,479,350.80483610813604,938.5310969883163,7.755538950942392,1.0,1.0
87.0,87,481,588.9552182964337,975.4004488027922,11.185422719499034,3.0,1.0
87.0,87,485,1047.0374080297738,685.8491672202335,7.755538950942392,1.0,1.0
87.0,87,486,405.1552751555226,127.7571660669895,7.755538950942392,1.0,1.0
87.0,87,487,1072.2917247965177,958.93285579385,14.09274953626919,6.0,0.9999999999999999
87.0,87,489,662.4898108765585,151.163694456511,9.77136677757192,2.0,1.0
87.0,87,490,452.3787402819854,905.3740823199231,9.77136677757192,2.0,1.0
87.0,87,491,655.3338422371702,763.2592989865244,11.185422719499034,3.0,1.0
87.0,87,494,814.4201055715963,758.3187964448751,9.77136677757192,2.0,1.0
87.0,87,496,694.8976641623167,507.90703172801807,9.771366777571922,2.0,0.9999999999999999
87.0,87,497,1194.3761120140284,773.4105645641899,7.755538950942392,1.0,1.0
87.0,87,498,419.902664773554,483.9345188504131,7.755538950942392,1.0,1.0
87.0,87,500,534.7148292421062,184.21261381340202,7.755538950942392,1.0,0.9999999999999999
87.0,87,501,513.718480042058,991.0081554493268,12.311150689306299,4.0,1.0
87.0,87,503,542.848491338434,39.69233363260739,13.261785059625712,5.0,1.0
87.0,87,504,992.2567212642388,205.85745586632893,7.755538950942392,1.0,1.0
87.0,87,506,107.38740222916566,745.8874829274329,7.755538950942392,1.0,1.0
87.0,87,507,1337.6831835546157,321.8923115125937,7.755538950942392,1.0,0.9999999999999999
87.0,87,508,1162.802734243347,521.3026240152795,12.311150689306299,4.0,0.9999999999999999
87.0,87,509,1066.5616663771439,862.6838748419933,9.77136677757192,2.0,1.0
87.0,87,510,596.9819094151138,217.7525956725556,13.261785059625714,5.0,1.0
87.0,87,511,520.859046763202,500.90247655354597,9.77136677757192,2.0,1.0
87.0,87,512,191.16263472785252,866.3041633522851,11.185422719499034,3.0,1.0
87.0,87,513,1259.139306886651,588.2357138150179,14.835812298463564,7.0,1.0
87.0,87,516,1223.3763062745422,384.03728952129876,11.185422719499032,3.0,0.9999999999999999
87.0,87,517,899.8077808841887,836.1453761049554,9.77136677757192,2.0,1.0
87.0,87,518,131.9728428278821,521.8929950178325,12.311150689306299,4.0,1.0
87.0,87,519,822.1110211327207,385.06231247617086,14.09274953626919,6.0,1.0
87.0,87,520,805.7186911089383,1021.7016120861198,11.185422719499034,3.0,1.0
87.0,87,521,825.708772152931,52.2369681544104,12.311150689306299,4.0,1.0
87.0,87,522,983.9413810616811,982.5475272265811,7.755538950942392,1.0,1.0
87.0,87,523,978.8140871615511,181.82156267392205,7.755538950942392,1.0,0.9999999999999999
87.0,87,524,861.3890644744008,878.8995476539245,9.77136677757192,2.0,1.0
87.0,87,529,783.115906347983,570.5806272431979,7.755538950942392,1.0,1.0
87.0,87,530,122.70796742802143,686.4596394230102,9.771366777571922,2.0,0.9999999999999999
87.0,87,533,826.8886603096317,874.9281048992577,9.771366777571922,2.0,1.0
87.0,87,535,841.9272188763564,135.91054055319876,7.755538950942392,1.0,1.0
87.0,87,536,341.23544584106264,490.76953297793915,7.755538950942392,1.0,1.0
87.0,87,538,548.6717225749804,451.420858384952,11.185422719499032,3.0,1.0
87.0,87,539,964.1146540588308,223.02352356822612,7.755538950942392,1.0,1.0
87.0,87,540,305.81153332193196,543.611651752876,7.755538950942392,1.0,1.0
87.0,87,543,908.5387823728563,404.2123157336471,11.185422719499034,3.0,1.0
87.0,87,546,1033.6254570764388,834.1310217497189,9.77136677757192,2.0,0.9999999999999999
87.0,87,547,500.2904777006837,252.18118826283506,7.755538950942392,1.0,1.0
87.0,87,548,894.9487141889479,446.780312006384,12.311150689306299,4.0,1.0
87.0,87,551,1252.3624272722193,770.9035122011701,7.755538950942392,1.0,1.0
87.0,87,555,154.39564395203647,189.99796583177724,11.185422719499032,3.0,1.0
87.0,87,556,268.2199442343273,468.5578784141421,7.755538950942392,1.0,0.9999999999999999
87.0,87,557,599.4617765389064,321.4263498654982,11.185422719499032,3.0,1.0
87.0,87,558,233.7467876196972,72.49297357466541,7.755538950942392,1.0,0.9999999999999999
87.0,87,559,1071.6313162625227,84.09929750557943,7.755538950942392,1.0,1.0
87.0,87,561,1314.80445794483,887.3697619696131,7.755538950942392,1.0,1.0
87.0,87,562,181.87376277973527,235.90069214688717,11.185422719499032,3.0,1.0
87.0,87,563,442.3711158034089,415.9309990851655,7.755538950942392,1.0,1.0
87.0,87,564,359.43607668688054,454.4261470812392,11.185422719499032,3.0,1.0
87.0,87,565,1216.5018639786135,752.0599399967815,7.755538950942392,1.0,1.0
87.0,87,568,1108.64997826279,155.47836596673793,7.755538950942392,1.0,1.0
87.0,87,569,332.85800725320564,341.91420480380714,7.755538950942392,1.0,1.0
87.0,87,570,1319.0115508383628,563.1489728408006,11.185422719499034,3.0,0.9999999999999999
87.0,87,573,483.9931522117941,957.5369998310285,7.755538950942392,1.0,0.9999999999999999
87.0,87,574,184.6597579723753,802.910245701562,7.755538950942392,1.0,1.0
87.0,87,575,674.205636552984,691.4687192382065,7.755538950942392,1.0,1.0
87.0,87,576,816.318040088799,163.5369353842043,7.755538950942392,1.0,1.0
87.0,87,579,544.4511165647008,270.4265273075818,7.755538950942392,1.0,1.0
87.0,87,581,603.3503793650316,832.6142857302827,13.261785059625714,5.0,1.0
87.0,87,582,562.1647406586751,290.4753423064626,9.77136677757192,2.0,1.0
87.0,87,583,1222.9816362535444,258.17327969532545,11.185422719499034,3.0,1.0
87.0,87,584,1088.9976916040616,784.2750666914577,7.755538950942392,1.0,0.9999999999999999
87.0,87,586,391.1675555647177,0.8863382465776031,7.755538950942392,1.0,0.9999999999999999
87.0,87,587,1071.8035874596212,823.1342945406423,9.77136677757192,2.0,1.0
87.0,87,592,874.7702616094529,292.9193948318541,7.755538950942392,1.0,1.0
87.0,87,593,687.248710261367,794.8773065492519,9.77136677757192,2.0,0.9999999999999999
87.0,87,594,531.2460853894612,901.3030592305729,9.771366777571922,2.0,1.0
87.0,87,598,597.2230075492887,445.77625537279346,11.185422719499032,3.0,1.0
87.0,87,600,539.3363237665183,527.8334998234787,11.185422719499034,3.0,0.9999999999999999
87.0,87,602,164.67003866472018,310.4545268404049,7.755538950942392,1.0,1.0
87.0,87,605,798.2650169940537,38.25394952964748,14.09274953626919,6.0,1.0
87.0,87,606,1214.6309422321888,634.9337978001992,7.755538950942392,1.0,1.0
87.0,87,607,1167.2993105140583,170.586172559897,12.311150689306297,4.0,1.0
87.0,87,608,940.5235102909908,697.3698288406962,9.771366777571922,2.0,1.0
87.0,87,609,1001.273868093503,856.8350637632419,7.755538950942392,1.0,1.0
87.0,87,611,958.5378707816066,443.3494890250558,9.77136677757192,2.0,1.0
87.0,87,612,347.5377159476274,306.7067872910095,14.09274953626919,6.0,1.0
87.0,87,613,1255.1703577572603,726.13599279491,7.755538950942392,1.0,1.0
87.0,87,614,397.8651761408019,760.7406657560699,12.311150689306299,4.0,1.0
87.0,87,619,632.6457360177417,238.3084839675595,7.755538950942392,1.0,1.0
87.0,87,621,176.81448080844058,41.10140101113826,7.755538950942392,1.0,1.0
87.0,87,622,264.5904420258847,42.477242778811224,7.755538950942392,1.0,1.0
87.0,87,625,579.0586913674084,736.6697601610252,7.755538950942392,1.0,1.0
87.0,87,626,895.510988508418,176.51227959341335,7.755538950942392,1.0,1.0
87.0,87,627,1247.1554465936454,21.58280440355253,12.311150689306299,4.0,1.0
87.0,87,629,804.772154045744,883.3279387168809,11.185422719499032,3.0,0.9999999999999999
87.0,87,632,402.6283173985989,703.9419357110007,9.771366777571922,2.0,1.0
87.0,87,633,1111.1687408367998,90.62088541509362,9.77136677757192,2.0,1.0
87.0,87,634,994.2154430976582,329.7273917343378,7.755538950942392,1.0,1.0
87.0,87,636,676.880363409838,932.9088025938115,11.185422719499034,3.0,1.0
87.0,87,638,75.04520420097778,228.03684792552295,7.755538950942392,1.0,1.0
87.0,87,640,36.87229411127433,452.05192877402936,7.755538950942392,1.0,1.0
87.0,87,641,163.7759616474867,923.2777977689061,7.755538950942392,1.0,1.0
87.0,87,646,374.3901514820921,887.5644145933792,11.185422719499032,3.0,1.0
87.0,87,647,173.83835880537472,288.8147924691551,9.771366777571922,2.0,1.0
87.0,87,649,1115.0812282410711,119.85646260153624,9.77136677757192,2.0,1.0
87.0,87,654,1291.6188488355851,130.61809382069154,11.185422719499034,3.0,1.0
87.0,87,655,578.253332314163,701.7984375617444,7.755538950942392,1.0,1.0
87.0,87,658,570.2282885107094,342.9663524274847,14.092749536269185,6.0,1.0
87.0,87,659,1298.4461363303026,966.551485686407,9.771366777571922,2.0,1.0
87.0,87,662,1135.6878806076197,961.9259089657464,7.755538950942392,1.0,1.0
87.0,87,665,1040.855332564587,112.75948258715317,11.185422719499032,3.0,1.0
87.0,87,666,1231.2671708873281,1001.2790346912283,12.311150689306299,4.0,1.0
87.0,87,667,196.32874467337322,88.1955051376208,7.755538950942392,1.0,0.9999999999999999
87.0,87,668,234.86213585813996,950.0829799152248,7.755538950942392,1.0,1.0
87.0,87,671,1023.6331388680908,85.53902131491222,7.755538950942392,1.0,1.0
87.0,87,672,804.9052076191987,975.4716926013069,7.755538950942392,1.0,1.0
87.0,87,674,1060.4652301841472,635.573163475361,7.755538950942392,1.0,1.0
87.0,87,675,397.2940929396131,495.5920996762382,7.755538950942392,1.0,1.0
87.0,87,676,1286.571921194106,866.3622790037336,9.77136677757192,2.0,1.0
87.0,87,678,116.66741776149638,247.9797574317931,9.77136677757192,2.0,1.0
87.0,87,680,873.1586818208916,601.4072980190336,7.755538950942392,1.0,1.0
87.0,87,682,1219.7145036807874,84.02298352787473,7.755538950942392,1.0,1.0
87.0,87,684,1306.672858067302,939.2869333352245,11.185422719499034,3.0,0.9999999999999999
87.0,87,686,890.1708091265722,306.89275631448004,7.755538950942392,1.0,0.9999999999999999
87.0,87,687,1204.2212110792161,281.77051193032815,12.311150689306297,4.0,1.0
87.0,87,688,237.79310854369285,491.72133020457306,7.755538950942392,1.0,1.0
87.0,87,689,433.86277578496606,617.8465745165938,7.755538950942392,1.0,1.0
87.0,87,694,1105.7262845199434,875.2181981824833,7.755538950942392,1.0,1.0
87.0,87,698,666.4921406716022,101.92931014574185,7.755538950942392,1.0,1.0
87.0,87,700,444.05584399099564,504.015484739622,11.185422719499032,3.0,1.0
87.0,87,702,696.3554427609183,31.63948658967748,7.755538950942392,1.0,1.0
87.0,87,704,139.86794307402835,256.13396139970774,9.771366777571922,2.0,1.0
87.0,87,705,408.8218490844129,410.96390767537497,11.185422719499034,3.0,1.0
87.0,87,706,300.9526478582962,201.9215474497756,11.185422719499032,3.0,1.0
87.0,87,707,248.76536314264493,255.05114327461564,11.185422719499032,3.0,1.0
87.0,87,710,818.0246039730458,670.5824608759235,7.755538950942392,1.0,1.0
87.0,87,717,524.464718261368,652.8387292093117,13.26178505962571,5.0,1.0
87.0,87,718,437.7473038652291,158.60695628316842,7.755538950942392,1.0,1.0
87.0,87,720,634.2374531082505,830.1350331207829,9.77136677757192,2.0,1.0
87.0,87,722,1006.7987968744569,781.5034611998537,11.185422719499032,3.0,0.9999999999999999
87.0,87,723,429.70387671510264,591.7419041742271,11.185422719499032,3.0,1.0
87.0,87,724,893.7643715491015,622.7224783072752,7.755538950942392,1.0,1.0
87.0,87,726,1262.8904717992668,49.52980915351677,9.771366777571922,2.0,1.0
87.0,87,728,1034.5068373329657,388.4423150679126,7.755538950942392,1.0,1.0
87.0,87,729,567.7026949361326,100.93375056242543,9.771366777571922,2.0,1.0
87.0,87,730,684.7782150252805,465.17859885603434,9.77136677757192,2.0,1.0
87.0,87,732,511.69249828729943,157.5442887984496,11.185422719499032,3.0,1.0
87.0,87,733,243.83600797548974,284.21150808568086,12.311150689306297,4.0,1.0
87.0,87,734,1336.4527088603452,20.30089448544954,7.755538950942392,1.0,1.0
87.0,87,735,721.6767951467557,5.121801556150643,7.755538950942392,1.0,0.9999999999999999
87.0,87,737,1101.056618862507,482.85071709337274,11.185422719499032,3.0,1.0
87.0,87,740,1241.8448769835406,962.0770551247612,7.755538950942392,1.0,1.0
87.0,87,743,745.3659066353625,175.82981297632304,9.77136677757192,2.0,1.0
87.0,87,745,1087.6805859781052,500.0865810906058,9.77136677757192,2.0,0.9999999999999999
87.0,87,746,1274.2148518096255,382.5774799857577,9.77136677757192,2.0,1.0
87.0,87,747,629.4219243259054,740.6722474784103,9.771366777571922,2.0,1.0
87.0,87,748,1227.796822302071,338.73396712821597,7.755538950942392,1.0,1.0
87.0,87,750,791.4110952024561,248.05497887354647,9.77136677757192,2.0,0.9999999999999999
87.0,87,752,1306.7333921086881,697.71427054283,9.771366777571922,2.0,1.0
87.0,87,753,646.0772180869271,474.7287348935801,9.771366777571922,2.0,1.0
87.0,87,754,546.791228986769,726.9149818860442,7.755538950942392,1.0,1.0
87.0,87,755,940.2186355396228,128.7243330791969,7.755538950942392,1.0,1.0
87.0,87,757,772.7879547934333,483.5672995246475,9.77136677757192,2.0,1.0
87.0,87,758,647.445014158555,414.55107467537164,9.77136677757192,2.0,1.0
87.0,87,759,54.3602604295478,617.944674820375,11.185422719499032,3.0,0.9999999999999999
87.0,87,760,153.86565046604062,1016.8081866264889,11.185422719499034,3.0,1.0
87.0,87,762,994.6549165717831,51.35138411248375,11.185422719499032,3.0,1.0
87.0,87,764,221.3499593465421,661.2653158226306,7.755538950942392,1.0,1.0
87.0,87,765,718.0539717426641,472.23371391337025,11.185422719499034,3.0,0.9999999999999999
87.0,87,766,361.726453145677,2.934105013754112,9.77136677757192,2.0,1.0
87.0,87,767,350.1273629919561,596.9229626323187,7.755538950942392,1.0,1.0
87.0,87,768,718.9909375451366,643.7979626311944,14.835812298463562,7.0,0.9999999999999999
87.0,87,769,13.585904467471886,679.9875068559808,12.311150689306299,4.0,1.0
87.0,87,772,1027.6668589699207,915.5751843653754,7.755538950942392,1.0,1.0
87.0,87,773,924.740060701629,659.077971941075,7.755538950942392,1.0,1.0
87.0,87,774,70.5917164899518,851.9462855512735,11.185422719499034,3.0,1.0
87.0,87,776,1082.483781256899,151.27205061857188,9.77136677757192,2.0,1.0
87.0,87,777,386.2648976525289,327.0697239091034,7.755538950942392,1.0,1.0
87.0,87,780,238.68388637024864,685.7048782137081,11.185422719499032,3.0,1.0
87.0,87,781,427.7361831848498,195.19444967522287,7.755538950942392,1.0,1.0
87.0,87,782,147.36300694708194,564.7429001747324,11.185422719499032,3.0,1.0
87.0,87,783,172.33203496311282,705.8461483518605,13.26178505962571,5.0,1.0
87.0,87,786,485.58475346194996,830.1210288255315,7.755538950942392,1.0,0.9999999999999999
87.0,87,787,738.1414689938239,854.8352681214975,11.185422719499032,3.0,1.0
87.0,87,788,1123.7483717223192,408.9692607093528,7.755538950942392,1.0,1.0
87.0,87,789,395.07218107739413,967.6358284886842,11.185422719499034,3.0,0.9999999999999999
87.0,87,790,707.4746293384744,920.7867373906943,9.77136677757192,2.0,1.0
87.0,87,791,926.174825659337,953.986190972325,12.311150689306299,4.0,1.0
87.0,87,792,559.4516963058792,767.148668352414,15.511077901884784,8.0,1.0
87.0,87,795,239.89367478972673,839.4119159446882,11.185422719499032,3.0,1.0
87.0,87,796,234.73446764563508,312.84817788326296,7.755538950942392,1.0,1.0
87.0,87,798,1022.1318766876524,468.01646240242576,7.755538950942392,1.0,1.0
87.0,87,799,33.36912044800268,203.52800064333064,7.755538950942392,1.0,1.0
87.0,87,800,343.21810249497946,726.163055456588,9.77136677757192,2.0,1.0
87.0,87,801,1234.4292870404404,96.68218600832958,7.755538950942392,1.0,1.0
87.0,87,805,719.4656936698109,973.8681429707427,9.77136677757192,2.0,0.9999999999999999
87.0,87,806,382.69369369175723,676.1201911007826,9.771366777571922,2.0,0.9999999999999999
87.0,87,809,1196.196919259915,468.75243222687374,9.77136677757192,2.0,1.0
87.0,87,810,1055.9960455174019,145.69675439995038,9.77136677757192,2.0,1.0
87.0,87,811,822.5589430137361,555.1658771704031,15.511077901884784,8.0,0.9999999999999999
87.0,87,812,45.32732724438639,409.425986487056,7.755538950942392,1.0,1.0
87.0,87,815,469.1129665343939,574.9923804015161,9.77136677757192,2.0,1.0
87.0,87,817,1193.0694454238978,723.9194315250594,9.77136677757192,2.0,0.9999999999999999
87.0,87,818,272.60747653828565,1010.016218147451,7.755538950942392,1.0,1.0
87.0,87,819,1031.5500360281383,944.5913073574717,7.755538950942392,1.0,1.0
87.0,87,820,1108.4500610645018,586.2489497312873,7.755538950942392,1.0,0.9999999999999999
87.0,87,821,1305.3895234527783,36.894496809671644,13.261785059625714,5.0,0.9999999999999999
87.0,87,823,473.87524040741914,693.8434655493687,7.755538950942392,1.0,1.0
87.0,87,824,555.3582030769331,166.0331952505206,7.755538950942392,1.0,1.0
87.0,87,826,983.9797847127796,836.8049634181787,9.771366777571922,2.0,0.9999999999999999
87.0,87,828,152.10835360823506,820.5745493696917,9.77136677757192,2.0,0.9999999999999999
87.0,87,829,774.3733771327709,144.2485917556732,9.77136677757192,2.0,1.0
87.0,87,830,438.9362392020484,753.4675855022462,9.771366777571922,2.0,0.9999999999999999
87.0,87,831,837.0835950532647,610.2503230023065,9.771366777571922,2.0,1.0
87.0,87,832,1047.0487256722467,465.1355589881245,11.185422719499034,3.0,0.9999999999999999
87.0,87,833,455.7724445102609,325.20753970642306,11.185422719499034,3.0,1.0
87.0,87,837,946.5908954918133,636.8232378823824,11.185422719499034,3.0,1.0
87.0,87,838,308.56224028060234,309.778878197392,7.755538950942392,1.0,1.0
87.0,87,839,965.312293307522,97.80545076856241,7.755538950942392,1.0,1.0
87.0,87,840,751.26884553286,679.6172936049503,7.755538950942392,1.0,1.0
87.0,87,841,895.713599363706,582.2372281831686,11.185422719499032,3.0,0.9999999999999999
87.0,87,842,40.82836581301328,513.7546209778438,7.755538950942392,1.0,1.0
87.0,87,843,938.3270179809751,902.6414030336707,7.755538950942392,1.0,1.0
87.0,87,845,1340.0974313944466,629.9951493375022,7.755538950942392,1.0,1.0
87.0,87,846,685.7689592915381,440.6398736612265,9.77136677757192,2.0,1.0
87.0,87,848,589.097240873441,630.3420209419972,13.261785059625714,5.0,1.0
87.0,87,851,1319.6508366136352,657.9101524932331,13.261785059625714,5.0,1.0
87.0,87,853,479.02575699761576,803.7037974086347,11.185422719499032,3.0,1.0
87.0,87,855,597.2296961896651,594.6652536266098,7.755538950942392,1.0,1.0
87.0,87,857,743.9982448214528,894.8052515903148,9.771366777571922,2.0,1.0
87.0,87,859,896.5285799938689,772.0335470927408,9.771366777571922,2.0,0.9999999999999999
87.0,87,860,8.990704559872576,260.8258231478008,9.771366777571922,2.0,1.0
87.0,87,861,997.9926019033176,71.79141459633884,7.755538950942392,1.0,1.0
87.0,87,862,303.32819890570534,574.9496762840217,7.755538950942392,1.0,1.0
87.0,87,865,839.3331651069328,110.13949467114155,7.755538950942392,1.0,1.0
87.0,87,866,931.6658567673983,18.288700095327638,9.77136677757192,2.0,1.0
87.0,87,868,1292.3181530337195,805.4637031616619,14.092749536269187,6.0,1.0
87.0,87,869,1321.8913010092194,121.39434089316075,11.185422719499034,3.0,0.9999999999999999
87.0,87,870,228.11369461649826,185.40268677845887,7.755538950942392,1.0,1.0
87.0,87,871,710.1401922141439,754.9425399867137,12.311150689306299,4.0,1.0
87.0,87,872,1037.8429898209379,437.16722126075024,7.755538950942392,1.0,0.9999999999999999
87.0,87,873,64.6144054034755,388.9054244073758,7.755538950942392,1.0,0.9999999999999999
87.0,87,877,168.27885460298774,434.30833439287693,7.755538950942392,1.0,1.0
87.0,87,879,709.5973692075454,334.5317850288177,9.771366777571922,2.0,1.0
87.0,87,882,287.445933060142,634.9235979504131,7.755538950942392,1.0,1.0
87.0,87,883,8.800525528028736,149.3028309105733,9.77136677757192,2.0,1.0
87.0,87,884,650.715596188199,338.5088584722989,9.77136677757192,2.0,0.9999999999999999
87.0,87,886,82.30235293940625,648.547600845561,9.77136677757192,2.0,1.0
87.0,87,887,449.96855414359806,241.46101788390257,12.311150689306299,4.0,1.0
87.0,87,890,1269.399929539735,247.90723737639928,11.185422719499032,3.0,1.0
87.0,87,892,342.6907804762862,47.32153846948126,7.755538950942392,1.0,1.0
87.0,87,894,1188.25081076624,4.937611846774945,11.185422719499034,3.0,1.0
87.0,87,896,231.90333307581415,930.0826427318582,7.755538950942392,1.0,1.0
87.0,87,897,733.3777981124877,582.2319566697415,9.77136677757192,2.0,0.9999999999999999
87.0,87,898,1078.0980439353434,295.80933713983285,9.77136677757192,2.0,1.0
87.0,87,899,1192.5558006756112,838.3714335153189,12.311150689306297,4.0,1.0
87.0,87,901,1050.0553222474082,4.8067341836672295,11.185422719499032,3.0,1.0
87.0,87,903,284.6572028855061,376.11029519576357,14.835812298463557,7.0,1.0
87.0,87,905,707.5754049573063,872.1466254874717,11.185422719499032,3.0,1.0
87.0,87,907,1158.1935620835482,927.2127843866487,9.771366777571922,2.0,1.0
87.0,87,910,1270.7948903462034,790.5676034412585,9.77136677757192,2.0,0.9999999999999999
87.0,87,911,331.15101081130365,91.03552957349868,7.755538950942392,1.0,1.0
87.0,87,912,434.7770809610691,893.6351340711735,7.755538950942392,1.0,1.0
87.0,87,913,311.593572546177,736.1638607906335,7.755538950942392,1.0,0.9999999999999999
87.0,87,914,864.4964730438425,372.6380917905891,12.311150689306297,4.0,1.0
87.0,87,915,43.89614909430874,60.41374729290617,7.755538950942392,1.0,1.0
87.0,87,916,834.5108094307403,303.26749943991683,7.755538950942392,1.0,1.0
87.0,87,921,1229.1564748413368,475.3682233421304,7.755538950942392,1.0,1.0
87.0,87,924,647.5576786869024,1.455332412773516,9.77136677757192,2.0,1.0
87.0,87,925,896.3624255547834,353.3414065343128,11.185422719499034,3.0,1.0
87.0,87,926,230.7777546258748,92.0891631791225,11.185422719499032,3.0,1.0
87.0,87,927,1267.3620954313355,83.03902729639843,12.311150689306297,4.0,1.0
87.0,87,928,524.3088334002684,952.4608018792721,7.755538950942392,1.0,1.0
87.0,87,932,1279.865151230043,542.7592045811333,11.185422719499032,3.0,0.9999999999999999
87.0,87,933,1024.946187749509,201.66581821897645,7.755538950942392,1.0,1.0
87.0,87,934,319.8122088439929,21.1369103200133,13.261785059625714,5.0,0.9999999999999999
87.0,87,935,296.64731229644855,796.9782531193639,7.755538950942392,1.0,0.9999999999999999
87.0,87,936,530.0746496669589,402.13731463612106,9.77136677757192,2.0,1.0
87.0,87,937,927.4581107112579,1001.432251740753,9.77136677757192,2.0,1.0
87.0,87,939,1163.9284535475217,137.57023939081347,9.77136677757192,2.0,1.0
87.0,87,941,48.798022815801154,953.6108564120782,11.185422719499032,3.0,1.0
87.0,87,947,418.71896440697606,72.62496236634469,7.755538950942392,1.0,1.0
87.0,87,949,1206.6242307254422,29.59054861386955,11.185422719499032,3.0,0.9999999999999999
87.0,87,950,384.950368596588,637.4327076376527,9.77136677757192,2.0,1.0
87.0,87,951,99.57166055267624,322.58565576300754,12.311150689306299,4.0,1.0
87.0,87,952,184.40547361541456,178.5464524300881,7.755538950942392,1.0,1.0
87.0,87,953,588.1138171658987,143.08741601684008,9.77136677757192,2.0,1.0
87.0,87,954,1317.0093816908882,202.66240709428286,7.755538950942392,1.0,1.0
87.0,87,955,473.38988621838644,412.5705833637588,9.77136677757192,2.0,1.0
87.0,87,956,1075.1540441781183,613.3239237872522,9.77136677757192,2.0,1.0
87.0,87,957,263.2779928463537,537.2804678811025,12.311150689306297,4.0,1.0
87.0,87,959,187.8271526798732,903.3310243366491,9.77136677757192,2.0,1.0
87.0,87,961,279.22903876571297,180.94124041822357,9.77136677757192,2.0,1.0
87.0,87,962,1302.8408273149944,847.905267045496,12.311150689306299,4.0,1.0
87.0,87,963,392.05440074512734,191.75352811885531,9.77136677757192,2.0,1.0
87.0,87,965,864.1179324696238,478.8043265690395,7.755538950942392,1.0,1.0
87.0,87,969,431.59681599454046,468.94607802560205,9.77136677757192,2.0,1.0
87.0,87,971,1165.0840991549114,818.8563866946271,7.755538950942392,1.0,1.0
87.0,87,972,491.0530431054809,599.0377772873627,11.185422719499032,3.0,1.0
87.0,87,975,32.16462261031357,720.6507785485709,7.755538950942392,1.0,1.0
87.0,87,977,1030.0696340700079,152.45494416034603,7.755538950942392,1.0,1.0
87.0,87,980,340.13190157985866,750.5644881306529,7.755538950942392,1.0,1.0
87.0,87,981,992.3440968791352,406.74389852650876,7.755538950942392,1.0,1.0
87.0,87,983,925.7034219712338,530.956175902457,7.755538950942392,1.0,0.9999999999999999
87.0,87,985,1250.3700629431132,926.2118466629632,12.311150689306299,4.0,1.0
87.0,87,986,1159.0343128615161,775.32768824753,12.311150689306295,4.0,1.0
87.0,87,987,1173.3340996750708,873.7732206743659,7.755538950942392,1.0,1.0
87.0,87,988,1128.7274847870074,609.1929077885636,7.755538950942392,1.0,1.0
87.0,87,989,542.1688095207334,938.1761939464526,9.77136677757192,2.0,1.0
87.0,87,995,39.25098630931595,13.680633477140454,14.092749536269185,6.0,1.0
87.0,87,996,263.02534293749693,861.0314518975698,9.77136677757192,2.0,1.0
87.0,87,998,4.984255279238601,974.0259479007414,7.755538950942392,1.0,1.0
87.0,87,999,1067.637483479496,426.63088814870247,7.755538950942392,1.0,1.0
87.0,87,1000,166.4365337116544,876.7781072151904,9.77136677757192,2.0,1.0
89.0,89,1,115.10980985789743,936.3222264319243,7.755538950942392,1.0,1.0
89.0,89,3,952.3263908012419,303.7238406824035,13.261785059625714,5.0,1.0
89.0,89,6,456.1158859320558,99.81337427865832,7.755538950942392,1.0,1.0
89.0,89,8,355.5828741216963,205.37629304394054,16.708802155803774,10.0,1.0
89.0,89,9,1072.4631374107978,404.485986884728,7.755538950942392,1.0,1.0
89.0,89,10,1151.5541152569533,300.77755945377316,7.755538950942392,1.0,1.0
89.0,89,11,849.1121361474281,944.3875968499436,9.77136677757192,2.0,0.9999999999999999
89.0,89,15,999.8448357487617,305.2918384132678,7.755538950942392,1.0,1.0
89.0,89,17,195.88517747445783,268.7807621009769,7.755538950942392,1.0,1.0
89.0,89,18,646.7082613799658,649.4742080963769,7.755538950942392,1.0,0.9999999999999999
89.0,89,20,344.38017975468665,958.3038630776629,7.755538950942392,1.0,1.0
89.0,89,21,254.57235392579554,84.63985585533783,7.755538950942392,1.0,1.0
89.0,89,22,138.1138730330117,457.81353516802085,9.77136677757192,2.0,1.0
89.0,89,23,6.493452837898968,816.7122987722524,9.77136677757192,2.0,1.0
89.0,89,27,525.899426094593,547.0992820552634,7.755538950942392,1.0,0.9999999999999999
89.0,89,28,911.4371234347863,896.9466801537525,7.755538950942392,1.0,1.0
89.0,89,29,1103.1202345500571,5.446443148821946,13.261785059625714,5.0,1.0
89.0,89,31,967.0212730085113,150.0413313769937,7.755538950942392,1.0,0.9999999999999999
89.0,89,35,186.40441158802116,752.1281427290248,7.755538950942392,1.0,0.9999999999999999
89.0,89,37,865.5772035799718,913.1367520275257,9.771366777571922,2.0,1.0
89.0,89,38,962.5458576265363,727.8576482139769,7.755538950942392,1.0,1.0
89.0,89,39,1332.943851178791,1005.61788844887,7.755538950942392,1.0,1.0
89.0,89,40,956.3277069394742,932.0799477020744,9.77136677757192,2.0,1.0
89.0,89,41,433.24413050340974,284.7792979672954,9.77136677757192,2.0,1.0
89.0,89,43,781.1555202142439,827.7702794802884,7.755538950942392,1.0,1.0
89.0,89,44,743.8457019594632,59.51329442826717,11.185422719499032,3.0,1.0
89.0,89,45,885.0816896128773,955.0199572018662,7.755538950942392,1.0,1.0
89.0,89,46,1144.3081260366791,350.9735388209634,7.755538950942392,1.0,1.0
89.0,89,51,1322.3635160630408,225.01042733930507,11.185422719499034,3.0,1.0
89.0,89,53,137.1845113870937,115.80464607929547,7.755538950942392,1.0,1.0
89.0,89,55,1254.6001575425284,612.7393252638874,7.755538950942392,1.0,1.0
89.0,89,57,1062.2621374712298,728.3362581393839,12.311150689306295,4.0,1.0
89.0,89,59,34.32978195660964,145.67387732102526,7.755538950942392,1.0,1.0
89.0,89,60,50.045163746604736,231.14085415174156,9.77136677757192,2.0,1.0
89.0,89,61,882.7638006254191,996.109755051989,9.771366777571922,2.0,1.0
89.0,89,62,576.5915856966907,0.9116074734378823,7.755538950942392,1.0,1.0
89.0,89,63,1135.9419536847588,633.9816292086829,7.755538950942392,1.0,1.0
89.0,89,65,701.691524265439,836.3813996790769,7.755538950942392,1.0,1.0
89.0,89,66,966.1106651212091,1015.7042136173978,9.771366777571922,2.0,1.0
89.0,89,67,1084.537919166641,252.25022358120654,13.261785059625712,5.0,1.0
89.0,89,68,1241.1948253516696,660.5292185021129,7.755538950942392,1.0,1.0
89.0,89,70,1153.6697376740847,470.143291804151,7.755538950942392,1.0,0.9999999999999999
89.0,89,71,771.5816578678905,785.6309719840432,9.771366777571922,2.0,0.9999999999999999
89.0,89,73,536.2124210736004,307.3498672298506,7.755538950942392,1.0,1.0
89.0,89,77,424.9405463183704,828.041228728119,12.311150689306299,4.0,1.0
89.0,89,78,1110.3702329667376,182.33915103035145,7.755538950942392,1.0,1.0
89.0,89,79,828.5071980477812,232.6873422065517,9.77136677757192,2.0,0.9999999999999999
89.0,89,80,1014.1731127800433,357.4013121451192,7.755538950942392,1.0,1.0
89.0,89,81,610.912343236493,7.191816759384953,9.77136677757192,2.0,1.0
89.0,89,83,1191.7657535091548,417.2377011331508,7.755538950942392,1.0,1.0
89.0,89,85,119.63544926610375,789.5960857081632,7.755538950942392,1.0,1.0
89.0,89,86,1027.6667957234804,513.4442916590365,9.77136677757192,2.0,1.0
89.0,89,87,705.6514402311432,126.64675122606737,7.755538950942392,1.0,1.0
89.0,89,88,70.09432863121529,494.956813135455,9.77136677757192,2.0,1.0
89.0,89,90,811.6133852942465,414.5424482769081,7.755538950942392,1.0,0.9999999999999999
89.0,89,92,1092.803916413856,698.1341303064795,7.755538950942392,1.0,1.0
89.0,89,93,287.9091833933919,291.44251779188806,9.77136677757192,2.0,1.0
89.0,89,94,648.9383541904936,890.7370107312868,12.311150689306299,4.0,1.0
89.0,89,97,938.8857770624497,65.42871783476151,12.311150689306297,4.0,0.9999999999999999
89.0,89,100,370.6459630565705,810.6190834089483,7.755538950942392,1.0,1.0
89.0,89,101,19.73189186317572,616.3955405345986,7.755538950942392,1.0,1.0
89.0,89,103,216.29112730707868,21.649560367020396,7.755538950942392,1.0,1.0
89.0,89,104,382.72863079350697,582.8511843225532,7.755538950942392,1.0,1.0
89.0,89,107,439.18434531569915,135.69203868822063,7.755538950942392,1.0,0.9999999999999999
89.0,89,110,646.3399735954587,619.4703271421657,7.755538950942392,1.0,0.9999999999999999
89.0,89,116,1154.4216492715614,58.31476916299392,11.185422719499032,3.0,1.0
89.0,89,118,277.11639552873004,440.5359095834887,9.77136677757192,2.0,1.0
89.0,89,119,1040.4268446234853,562.818712553218,11.185422719499032,3.0,1.0
89.0,89,121,108.93215374563853,218.41814286598927,11.185422719499034,3.0,0.9999999999999999
89.0,89,122,850.8030601674841,261.3238322174438,13.261785059625714,5.0,1.0
89.0,89,123,1292.2399577652893,589.7095815858382,11.185422719499034,3.0,1.0
89.0,89,125,427.3251962827686,1004.7994605312396,11.185422719499034,3.0,1.0
89.0,89,126,4.324215133666517,470.12734582263806,7.755538950942392,1.0,0.9999999999999999
89.0,89,129,785.431889386511,673.2156252392579,7.755538950942392,1.0,1.0
89.0,89,130,1202.7371913733787,442.04897849017016,7.755538950942392,1.0,1.0
89.0,89,131,1244.6099369296314,311.00190729155486,7.755538950942392,1.0,1.0
89.0,89,132,1285.3271607473514,177.87591504842047,12.311150689306297,4.0,0.9999999999999999
89.0,89,134,118.93082766961845,830.7560752732742,9.77136677757192,2.0,0.9999999999999999
89.0,89,135,1012.4272298003069,595.4392634479485,7.755538950942392,1.0,1.0
89.0,89,138,484.73046220588515,1023.5740618807108,7.755538950942392,1.0,0.9999999999999999
89.0,89,142,1293.998109727408,295.63404097230637,7.755538950942392,1.0,0.9999999999999999
89.0,89,143,612.5910222045759,113.38826120132055,14.09274953626919,6.0,0.9999999999999999
89.0,89,144,1274.6819092037495,974.0929510359381,9.77136677757192,2.0,1.0
89.0,89,145,119.02602930743971,868.3871264892033,9.77136677757192,2.0,0.9999999999999999
89.0,89,146,1059.4364611436026,526.2334628532409,7.755538950942392,1.0,1.0
89.0,89,148,546.3830369607482,147.68609336334646,9.77136677757192,2.0,0.9999999999999999
89.0,89,149,174.58584367886886,982.776956255664,7.755538950942392,1.0,1.0
89.0,89,150,703.1026063613157,380.35870809387046,12.311150689306299,4.0,1.0
89.0,89,151,468.8967787780624,668.7816156496315,7.755538950942392,1.0,1.0
89.0,89,152,1164.6078619851776,678.9119167509976,7.755538950942392,1.0,1.0
89.0,89,153,58.81311522741932,546.5924933806781,9.77136677757192,2.0,1.0
89.0,89,156,875.8390445474301,806.8968484108588,7.755538950942392,1.0,1.0
89.0,89,160,1057.8777593052423,758.5681488555634,7.755538950942392,1.0,1.0
89.0,89,163,74.27970031304284,58.77147013026249,7.755538950942392,1.0,0.9999999999999999
89.0,89,164,363.4261299844552,75.62488731973085,9.771366777571922,2.0,1.0
89.0,89,165,141.86533352095478,4.691802312775954,7.755538950942392,1.0,1.0
89.0,89,166,494.7433555361954,91.697170979922,12.311150689306297,4.0,0.9999999999999999
89.0,89,170,976.2285120049614,688.4470486560966,7.755538950942392,1.0,1.0
89.0,89,172,821.1065851404325,812.0769509663438,7.755538950942392,1.0,1.0
89.0,89,173,3.095152297479916,59.479740316955706,11.185422719499034,3.0,1.0
89.0,89,174,970.6230661344232,747.4200663262604,9.771366777571922,2.0,1.0
89.0,89,175,1328.5153234621296,859.3123409339692,9.77136677757192,2.0,1.0
89.0,89,181,474.34498085287,936.7624901291628,11.185422719499032,3.0,1.0
89.0,89,186,222.87096990455032,622.2091223148826,12.311150689306297,4.0,1.0
89.0,89,187,611.6689863543363,900.7868302380805,7.755538950942392,1.0,1.0
89.0,89,188,596.0075562449001,282.5554675818305,9.771366777571922,2.0,1.0
89.0,89,189,822.5553507319571,920.1266363479951,7.755538950942392,1.0,1.0
89.0,89,191,1079.163312622963,755.9140146036867,9.77136677757192,2.0,1.0
89.0,89,193,354.66391761877304,106.19256388749588,9.771366777571922,2.0,0.9999999999999999
89.0,89,199,199.8196190782257,546.2194637702435,16.132171110904203,9.0,1.0
89.0,89,201,145.00860398104354,431.9207584626228,9.77136677757192,2.0,1.0
89.0,89,208,1038.7705140147134,281.14780487979687,9.77136677757192,2.0,1.0
89.0,89,210,104.24771833190152,1023.639869990999,11.185422719499034,3.0,1.0
89.0,89,213,478.9824372890872,746.5731068563398,7.755538950942392,1.0,0.9999999999999999
89.0,89,214,35.42793206307956,251.45801674340106,7.755538950942392,1.0,1.0
89.0,89,215,353.5383739465103,431.672145220219,9.77136677757192,2.0,1.0
89.0,89,218,679.3357509475918,304.03937454595246,9.77136677757192,2.0,0.9999999999999999
89.0,89,219,300.9702733329534,106.24293129487889,7.755538950942392,1.0,1.0
89.0,89,220,314.71230628477537,921.7631787374937,12.311150689306299,4.0,1.0
89.0,89,221,106.86494229167577,180.06594127385134,12.311150689306299,4.0,1.0
89.0,89,224,563.1836967530669,246.74077806593542,9.771366777571922,2.0,1.0
89.0,89,228,895.0215114592543,26.335964923263703,12.311150689306299,4.0,1.0
89.0,89,230,1132.184053114897,724.6053253120621,7.755538950942392,1.0,0.9999999999999999
89.0,89,231,736.9078522770473,306.43898863880725,11.185422719499032,3.0,1.0
89.0,89,232,499.88633582700623,233.62646032330798,7.755538950942392,1.0,1.0
89.0,89,238,907.4842694883581,865.0549945711165,7.755538950942392,1.0,1.0
89.0,89,241,1226.6094634838485,526.4996748712964,12.311150689306297,4.0,0.9999999999999999
89.0,89,242,738.5628350570541,25.737621010508487,7.755538950942392,1.0,1.0
89.0,89,243,69.94686589747111,687.3984905841018,7.755538950942392,1.0,1.0
89.0,89,245,731.4804524736286,790.7131035353766,9.77136677757192,2.0,1.0
89.0,89,247,383.39718982004626,214.22771251960913,7.755538950942392,1.0,1.0
89.0,89,248,459.8304949210398,187.7515815018647,9.77136677757192,2.0,1.0
89.0,89,250,517.008023562959,804.5089633436995,7.755538950942392,1.0,0.9999999999999999
89.0,89,255,1340.1463756978735,824.1048678919539,9.77136677757192,2.0,1.0
89.0,89,256,923.3856654811322,725.3770818644114,7.755538950942392,1.0,1.0
89.0,89,257,609.7121852481679,38.190695413686356,7.755538950942392,1.0,0.9999999999999999
89.0,89,259,742.9293759979693,152.51893189141188,11.185422719499032,3.0,1.0
89.0,89,260,1092.129057596028,806.1548070574524,7.755538950942392,1.0,1.0
89.0,89,261,255.8084259498005,422.33032924725944,7.755538950942392,1.0,1.0
89.0,89,262,844.988459168067,986.3711851271249,9.77136677757192,2.0,1.0
89.0,89,263,94.1783336691814,146.16122682791266,11.185422719499034,3.0,1.0
89.0,89,264,936.562305157906,814.1257009043115,7.755538950942392,1.0,0.9999999999999999
89.0,89,265,0.4763702626619306,438.5223180340341,7.755538950942392,1.0,1.0
89.0,89,268,1018.117351238282,228.04854720512924,7.755538950942392,1.0,1.0
89.0,89,269,107.17620625849709,377.7601637105751,11.185422719499032,3.0,1.0
89.0,89,270,337.62834767719056,410.694175026916,9.771366777571922,2.0,1.0
89.0,89,273,620.3760619272914,581.2720312465182,7.755538950942392,1.0,1.0
89.0,89,274,790.8888139562878,844.972401980764,7.755538950942392,1.0,1.0
89.0,89,275,1177.0939353084464,391.2953656085023,7.755538950942392,1.0,1.0
89.0,89,276,1100.8569902094869,532.4587407788104,7.755538950942392,1.0,1.0
89.0,89,278,1243.2541095039342,359.82102843762254,13.261785059625714,5.0,1.0
89.0,89,279,127.972056196383,634.2706507168565,13.261785059625714,5.0,1.0
89.0,89,280,351.65543111369925,976.6932321860598,7.755538950942392,1.0,0.9999999999999999
89.0,89,281,1188.6418380893826,553.0815444203199,11.185422719499032,3.0,1.0
89.0,89,283,676.5552968487107,598.9288695870038,9.77136677757192,2.0,0.9999999999999999
89.0,89,284,72.77479720598156,801.6318573429979,7.755538950942392,1.0,0.9999999999999999
89.0,89,285,858.1395363683092,642.3440236120359,7.755538950942392,1.0,1.0
89.0,89,286,1135.6880093919242,258.1075214394135,7.755538950942392,1.0,1.0
89.0,89,287,96.12954906568687,715.8803880088814,7.755538950942392,1.0,1.0
89.0,89,289,1245.6957264307473,817.0727280740424,12.311150689306299,4.0,1.0
89.0,89,291,507.3669088274777,358.68544481716015,7.755538950942392,1.0,1.0
89.0,89,294,623.2978804493425,433.7132245186085,7.755538950942392,1.0,1.0
89.0,89,295,47.458394501004925,745.8925248653404,12.311150689306297,4.0,1.0
89.0,89,300,351.002806850725,664.8044292236713,9.77136677757192,2.0,1.0
89.0,89,301,1112.8784652650443,37.56662363842111,9.77136677757192,2.0,1.0
89.0,89,302,640.1108760032934,989.1361039590915,7.755538950942392,1.0,1.0
89.0,89,304,720.2856226124869,404.3604247173912,7.755538950942392,1.0,1.0
89.0,89,306,153.34700444155047,594.493555075919,7.755538950942392,1.0,1.0
89.0,89,307,985.3875487875404,484.90984473387056,12.311150689306297,4.0,1.0
89.0,89,309,816.1096146839208,195.20773549385726,7.755538950942392,1.0,0.9999999999999999
89.0,89,311,693.7916094853026,576.8308183084308,9.77136677757192,2.0,1.0
89.0,89,314,169.21508033168573,147.9041837316187,7.755538950942392,1.0,0.9999999999999999
89.0,89,318,1212.7052648171077,603.7683263813035,11.185422719499032,3.0,0.9999999999999999
89.0,89,319,114.91740931681937,995.5948633379023,9.77136677757192,2.0,1.0
89.0,89,320,1245.2448307887767,114.79638880319543,9.77136677757192,2.0,1.0
89.0,89,322,865.5902655734703,973.3061962501936,9.77136677757192,2.0,0.9999999999999999
89.0,89,323,73.6194395619785,434.9248192813256,9.77136677757192,2.0,1.0
89.0,89,325,209.3470996160789,930.2981571787057,7.755538950942392,1.0,1.0
89.0,89,326,201.03191811289446,472.3302909427174,9.77136677757192,2.0,1.0
89.0,89,327,913.8612882472536,474.1773419815931,7.755538950942392,1.0,1.0
89.0,89,330,406.9513666608922,860.2534943083483,9.77136677757192,2.0,1.0
89.0,89,331,138.11695818043887,722.419896887832,15.511077901884784,8.0,1.0
89.0,89,333,626.8966417125288,25.91341116150863,7.755538950942392,1.0,1.0
89.0,89,334,1131.069274903002,830.0462214151744,7.755538950942392,1.0,1.0
89.0,89,337,585.9687132641757,936.4376195964016,9.77136677757192,2.0,1.0
89.0,89,339,822.3266938157099,88.21964417834424,7.755538950942392,1.0,1.0
89.0,89,340,896.9239990558766,663.9572418545742,9.771366777571922,2.0,1.0
89.0,89,341,988.8195276550734,610.7570068777896,12.311150689306297,4.0,1.0
89.0,89,342,881.6400672467555,137.41479916990465,9.77136677757192,2.0,0.9999999999999999
89.0,89,343,132.53718135697156,487.981028139019,7.755538950942392,1.0,1.0
89.0,89,344,727.1579632450178,361.09780249886103,7.755538950942392,1.0,1.0
89.0,89,346,1184.272745459308,632.9468930058332,7.755538950942392,1.0,1.0
89.0,89,348,407.6301109332295,659.1421016626374,7.755538950942392,1.0,1.0
89.0,89,350,1259.2792148145109,157.6212296295869,7.755538950942392,1.0,1.0
89.0,89,354,477.3747521619099,242.28805300488835,7.755538950942392,1.0,1.0
89.0,89,355,97.34586391709396,495.06514124118746,7.755538950942392,1.0,0.9999999999999999
89.0,89,356,682.4884576561167,1016.9261367960223,7.755538950942392,1.0,1.0
89.0,89,360,679.5975613626052,332.3339825753277,7.755538950942392,1.0,0.9999999999999999
89.0,89,361,28.229491897691823,633.9671713665865,9.771366777571922,2.0,0.9999999999999999
89.0,89,362,992.8275454670373,702.4001045940039,7.755538950942392,1.0,1.0
89.0,89,363,601.254456034847,509.84314040823807,7.755538950942392,1.0,1.0
89.0,89,364,1330.1208275697102,417.61350883056684,7.755538950942392,1.0,1.0
89.0,89,365,116.98919937579146,71.03867862312532,7.755538950942392,1.0,1.0
89.0,89,366,846.2951183183759,164.85290022796806,7.755538950942392,1.0,1.0
89.0,89,367,1186.3309034344527,994.2179258919324,7.755538950942392,1.0,1.0
89.0,89,368,1329.8815271017238,168.15997931342622,13.261785059625714,5.0,1.0
89.0,89,370,35.12104405753515,996.5831459339098,7.755538950942392,1.0,1.0
89.0,89,371,579.6267957689516,424.27376564344877,9.771366777571922,2.0,1.0
89.0,89,373,873.5666460052335,195.91589897525753,7.755538950942392,1.0,1.0
89.0,89,374,870.4529859852125,74.95935995885041,11.185422719499032,3.0,1.0
89.0,89,380,856.5686378421375,15.705826437645108,9.771366777571922,2.0,0.9999999999999999
89.0,89,381,815.7713761568633,332.70251247084985,9.77136677757192,2.0,1.0
89.0,89,382,1338.4938098371833,277.49763574660545,9.77136677757192,2.0,1.0
89.0,89,383,936.2307349951423,500.4983175325784,9.771366777571922,2.0,0.9999999999999999
89.0,89,385,698.369203675256,545.5752443043334,7.755538950942392,1.0,1.0
89.0,89,387,815.4232593249434,260.4962596256176,9.77136677757192,2.0,0.9999999999999999
89.0,89,388,181.88120135872327,649.8661431813108,7.755538950942392,1.0,1.0
89.0,89,390,366.3358951811931,167.23762925949973,12.311150689306299,4.0,1.0
89.0,89,391,738.4059028650181,504.7019986562498,13.261785059625714,5.0,1.0
89.0,89,393,271.91151622790096,900.501965472884,7.755538950942392,1.0,1.0
89.0,89,396,1044.39225397663,353.99163656052417,9.77136677757192,2.0,1.0
89.0,89,399,526.2837318104724,619.8894014452046,11.185422719499032,3.0,1.0
89.0,89,400,225.78556788097853,379.5269974266563,7.755538950942392,1.0,1.0
89.0,89,403,645.2447661762617,537.1747207479065,7.755538950942392,1.0,1.0
89.0,89,405,762.0759113336084,372.30757506769703,12.311150689306297,4.0,1.0
89.0,89,406,262.3645964790685,789.1900412878977,14.092749536269183,6.0,1.0
89.0,89,409,573.7350616830917,872.2783071236408,12.311150689306299,4.0,1.0
89.0,89,410,570.0451829302467,540.1185303877688,9.771366777571922,2.0,1.0
89.0,89,412,749.2561381280643,649.8372805407599,9.77136677757192,2.0,1.0
89.0,89,414,1208.461437160631,498.0343585734793,7.755538950942392,1.0,0.9999999999999999
89.0,89,415,1137.2173632318577,694.2564268799086,7.755538950942392,1.0,1.0
89.0,89,416,397.6375763051796,730.1345744197266,7.755538950942392,1.0,0.9999999999999999
89.0,89,417,903.2660133462398,520.0786907026287,11.185422719499034,3.0,1.0
89.0,89,418,537.931220335071,686.5813242262375,9.77136677757192,2.0,0.9999999999999999
89.0,89,419,334.36863856189154,894.0177314740204,9.771366777571922,2.0,1.0
89.0,89,420,691.2368976778795,965.0297996275075,7.755538950942392,1.0,1.0
89.0,89,421,983.0403214074513,344.1293127303888,7.755538950942392,1.0,1.0
89.0,89,422,158.5253347846405,661.727586802519,7.755538950942392,1.0,1.0
89.0,89,427,543.8215310775981,14.161006736133222,9.77136677757192,2.0,1.0
89.0,89,428,1061.0335087590704,194.74942483872388,9.77136677757192,2.0,1.0
89.0,89,431,273.15998726683324,580.549845147903,7.755538950942392,1.0,1.0
89.0,89,432,362.56269492561114,773.9055954875886,9.77136677757192,2.0,1.0
89.0,89,433,289.277941944368,597.222797740195,9.77136677757192,2.0,1.0
89.0,89,435,888.2134771314827,236.88820970049707,7.755538950942392,1.0,0.9999999999999999
89.0,89,436,306.535632743404,665.4572968904025,9.77136677757192,2.0,0.9999999999999999
89.0,89,438,865.9810750126949,715.6626371049113,7.755538950942392,1.0,1.0
89.0,89,439,532.9747458604108,864.4725882643953,12.311150689306299,4.0,1.0
89.0,89,440,356.68850616440324,877.699294249838,7.755538950942392,1.0,1.0
89.0,89,441,941.1556537378751,425.6503053300801,9.771366777571922,2.0,1.0
89.0,89,442,500.39525361622253,324.73669683391705,7.755538950942392,1.0,0.9999999999999999
89.0,89,443,214.79531440806082,745.3611087069204,7.755538950942392,1.0,1.0
89.0,89,445,1052.0665131969567,34.58712198201114,7.755538950942392,1.0,0.9999999999999999
89.0,89,446,324.00846102476135,258.89142862828567,7.755538950942392,1.0,1.0
89.0,89,449,1196.3877144362182,129.6489788219676,7.755538950942392,1.0,0.9999999999999999
89.0,89,451,1332.730192085823,510.319179202007,7.755538950942392,1.0,0.9999999999999999
89.0,89,453,186.90464126061423,1015.5185435198275,7.755538950942392,1.0,1.0
89.0,89,455,854.2377682500454,213.4028870582633,12.311150689306299,4.0,1.0
89.0,89,456,313.6487739962055,814.5913147498113,9.77136677757192,2.0,0.9999999999999999
89.0,89,458,1243.8604532886745,170.88687077259877,7.755538950942392,1.0,1.0
89.0,89,459,1313.546024299868,348.9213092214866,9.77136677757192,2.0,1.0
89.0,89,461,148.74081545321104,61.62866871096264,9.77136677757192,2.0,1.0
89.0,89,462,1099.264120958463,297.2995754908354,7.755538950942392,1.0,0.9999999999999999
89.0,89,464,1336.26205761716,63.16518112715807,7.755538950942392,1.0,0.9999999999999999
89.0,89,465,799.0098782529993,182.2716217335276,7.755538950942392,1.0,1.0
89.0,89,466,399.46296046565044,621.6195860963154,9.77136677757192,2.0,1.0
89.0,89,468,1211.0135337626982,913.8377542850386,11.185422719499032,3.0,1.0
89.0,89,469,1129.6199301225847,888.3927417512629,7.755538950942392,1.0,0.9999999999999999
89.0,89,470,83.64099971117342,413.96231369860897,7.755538950942392,1.0,0.9999999999999999
89.0,89,472,307.39382422214044,138.7353196645478,7.755538950942392,1.0,1.0
89.0,89,473,395.09165747289904,911.6225834915045,7.755538950942392,1.0,1.0
89.0,89,474,89.15162197159943,1001.8041509387273,11.185422719499034,3.0,1.0
89.0,89,476,484.2298317310287,139.0163590953223,12.311150689306299,4.0,1.0
89.0,89,477,276.343025785782,936.6866534558097,12.311150689306299,4.0,0.9999999999999999
89.0,89,479,350.5207190375108,937.8110352002957,7.755538950942392,1.0,1.0
89.0,89,481,588.9952123830059,976.1165491656822,11.185422719499034,3.0,0.9999999999999999
89.0,89,485,1048.5534255408197,686.6743428285074,7.755538950942392,1.0,1.0
89.0,89,486,405.5685356857793,129.28804438268108,7.755538950942392,1.0,1.0
89.0,89,487,1070.4000649528984,958.3446715317967,14.09274953626919,6.0,1.0
89.0,89,489,662.7645966062422,149.68660841765777,9.77136677757192,2.0,1.0
89.0,89,490,453.71814936372635,904.7747259274487,9.77136677757192,2.0,1.0
89.0,89,491,656.2752013664178,763.7196671722614,11.185422719499034,3.0,1.0
89.0,89,494,815.2672702416914,756.8553425017183,9.77136677757192,2.0,1.0
89.0,89,496,695.0112944460988,509.45169228147984,9.771366777571922,2.0,1.0
89.0,89,497,1193.7904444103601,775.0655803098296,7.755538950942392,1.0,1.0
89.0,89,498,418.7540640304109,483.64854267412295,7.755538950942392,1.0,1.0
89.0,89,500,535.9547936529689,185.77987420817772,7.755538950942392,1.0,1.0
89.0,89,501,515.0891968324341,990.9268022171152,12.311150689306299,4.0,0.9999999999999999
89.0,89,503,541.8836806147002,39.90632028304756,13.261785059625712,5.0,1.0
89.0,89,504,993.2994957348449,206.82526778971186,7.755538950942392,1.0,1.0
89.0,89,506,109.15806874494213,745.3940044854932,7.755538950942392,1.0,1.0
89.0,89,507,1339.4648035936384,322.0597652482699,7.755538950942392,1.0,1.0
89.0,89,508,1164.0620065179814,519.887012023709,12.311150689306299,4.0,0.9999999999999999
89.0,89,509,1067.386782408356,863.6847638425658,9.77136677757192,2.0,1.0
89.0,89,510,598.6680694969241,216.77206866275188,13.261785059625714,5.0,1.0
89.0,89,511,521.7126787529597,500.7977698967564,9.77136677757192,2.0,1.0
89.0,89,512,189.47576573090905,867.3459211260905,11.185422719499034,3.0,0.9999999999999999
89.0,89,513,1259.39221542541,588.1853863497261,14.835812298463564,7.0,1.0
89.0,89,516,1223.814324408033,384.2646392480976,11.185422719499032,3.0,1.0
89.0,89,517,901.7847042003433,836.1551139723858,9.77136677757192,2.0,1.0
89.0,89,518,131.66842260595655,521.4294102992019,12.311150689306299,4.0,1.0
89.0,89,519,823.9486041931196,385.2210264459556,14.09274953626919,6.0,1.0
89.0,89,520,806.1953776575713,1020.1701108805408,11.185422719499034,3.0,1.0
89.0,89,521,824.80139358531,53.02150883313069,13.261785059625714,5.0,1.0
89.0,89,522,984.2123713944992,983.9499332013636,7.755538950942392,1.0,1.0
89.0,89,523,978.8051182185812,181.7800822284163,7.755538950942392,1.0,1.0
89.0,89,524,859.8241986952056,879.9341393366632,9.77136677757192,2.0,1.0
89.0,89,529,783.9372485493054,568.8360548159918,7.755538950942392,1.0,0.9999999999999999
89.0,89,530,122.88167527789827,685.0173775135316,9.771366777571922,2.0,0.9999999999999999
89.0,89,533,826.0089871905273,873.7929279903058,9.771366777571922,2.0,1.0
89.0,89,535,843.8495096888204,136.0355758342037,7.755538950942392,1.0,1.0
89.0,89,536,341.74707518597137,489.31857972584027,7.755538950942392,1.0,1.0
89.0,89,538,548.8166891680779,452.0445827803834,11.185422719499032,3.0,1.0
89.0,89,539,963.643031352763,222.4816422645318,7.755538950942392,1.0,1.0
89.0,89,540,307.40003937210975,544.7374996504152,7.755538950942392,1.0,1.0
89.0,89,543,907.1278945075646,404.3002171668698,11.185422719499034,3.0,1.0
89.0,89,546,1033.8165379595612,834.0492500795094,9.77136677757192,2.0,1.0
89.0,89,547,500.64048080596547,251.95241738073278,7.755538950942392,1.0,1.0
89.0,89,548,895.0206091858466,446.4985776609048,12.311150689306299,4.0,1.0
89.0,89,551,1252.2253871366795,770.8045524201782,7.755538950942392,1.0,1.0
89.0,89,555,152.57928171021337,189.93848361940778,11.185422719499032,3.0,1.0
89.0,89,556,270.07776332884976,467.9025991074431,7.755538950942392,1.0,1.0
89.0,89,557,599.3820392620876,321.72284544058334,12.311150689306299,4.0,1.0
89.0,89,558,232.87987835885525,73.8472564160697,7.755538950942392,1.0,1.0
89.0,89,559,1071.9352176310185,85.49860010749559,7.755538950942392,1.0,0.9999999999999999
89.0,89,561,1315.1750101657462,887.8527712648912,7.755538950942392,1.0,1.0
89.0,89,562,181.57506443156035,235.0695222459559,11.185422719499032,3.0,1.0
89.0,89,563,443.3581801366211,414.96634945833483,7.755538950942392,1.0,1.0
89.0,89,564,359.3785965410518,454.3559342854765,11.185422719499032,3.0,1.0
89.0,89,565,1216.2825969121968,753.8209484922072,7.755538950942392,1.0,1.0
89.0,89,568,1109.1033764195554,155.8148752656823,7.755538950942392,1.0,1.0
89.0,89,569,332.10997609765275,341.03530389678076,7.755538950942392,1.0,1.0
89.0,89,570,1317.3504019884276,563.1563798113403,11.185422719499034,3.0,1.0
89.0,89,573,483.7387933234455,958.568112880231,7.755538950942392,1.0,1.0
89.0,89,574,185.20356963794052,802.5368933114588,7.755538950942392,1.0,1.0
89.0,89,575,675.4619641919203,690.992159924927,7.755538950942392,1.0,1.0
89.0,89,576,816.0309582114045,163.2389038111527,7.755538950942392,1.0,1.0
89.0,89,579,544.4877433367277,272.22518738957075,7.755538950942392,1.0,1.0
89.0,89,581,602.5623499385247,832.9030710634381,13.261785059625714,5.0,1.0
89.0,89,582,562.3551664032781,289.15384463532837,9.77136677757192,2.0,0.9999999999999999
89.0,89,583,1223.2604105607409,257.3258226090206,11.185422719499034,3.0,1.0
89.0,89,584,1088.2219078639432,782.4334064305353,7.755538950942392,1.0,1.0
89.0,89,586,391.8621767810083,0.6325974196849984,7.755538950942392,1.0,0.9999999999999999
89.0,89,587,1070.0279640451981,823.4536027649337,9.77136677757192,2.0,1.0
89.0,89,592,876.6103049945082,293.22361615995914,7.755538950942392,1.0,1.0
89.0,89,593,686.8553418888607,794.8285919601175,9.77136677757192,2.0,1.0
89.0,89,594,529.3184965999221,901.1654826844787,11.185422719499034,3.0,1.0
89.0,89,598,596.4035991237612,446.5872482993695,11.185422719499032,3.0,1.0
89.0,89,600,539.0447933731059,528.8427951496428,11.185422719499034,3.0,1.0
89.0,89,602,165.88822269164717,312.0236432311475,7.755538950942392,1.0,1.0
89.0,89,605,797.9154616287134,36.85892881312134,14.09274953626919,6.0,1.0
89.0,89,606,1214.1904842939937,635.4026232849551,7.755538950942392,1.0,0.9999999999999999
89.0,89,607,1168.3557552212849,171.8118726203223,12.311150689306297,4.0,1.0
89.0,89,608,939.7594093301304,698.043818230199,9.771366777571922,2.0,0.9999999999999999
89.0,89,609,1001.3784997708271,854.8858328861987,7.755538950942392,1.0,1.0
89.0,89,611,959.3705311868781,443.4787613480711,9.77136677757192,2.0,0.9999999999999999
89.0,89,612,348.6726161741886,306.728022345654,14.09274953626919,6.0,1.0
89.0,89,613,1255.5521131899661,726.6618237536816,7.755538950942392,1.0,1.0
89.0,89,614,397.06594032020894,761.7490940235572,12.311150689306299,4.0,1.0
89.0,89,619,633.6657000766471,238.63970417579213,7.755538950942392,1.0,1.0
89.0,89,621,175.83235281323445,40.57255502475944,7.755538950942392,1.0,0.9999999999999999
89.0,89,622,264.41618835924476,42.90512065992784,7.755538950942392,1.0,0.9999999999999999
89.0,89,625,577.8495429795622,735.1737813922979,7.755538950942392,1.0,0.9999999999999999
89.0,89,626,895.1010760577605,175.5711130408922,7.755538950942392,1.0,1.0
89.0,89,627,1247.3639903966832,20.298452094809928,12.311150689306299,4.0,0.9999999999999999
89.0,89,629,804.3552879506711,882.7197212073415,11.185422719499032,3.0,1.0
89.0,89,632,402.9841486034342,703.8790425610124,9.771366777571922,2.0,1.0
89.0,89,633,1111.3973892529718,90.65568441047841,9.77136677757192,2.0,1.0
89.0,89,634,992.8788365684069,328.24272746867024,7.755538950942392,1.0,1.0
89.0,89,636,678.0019701168894,933.7871016762659,11.185422719499034,3.0,1.0
89.0,89,638,73.9590116649108,229.1720540173897,7.755538950942392,1.0,0.9999999999999999
89.0,89,640,35.661537256449215,452.4993502669112,7.755538950942392,1.0,1.0
89.0,89,641,163.3882628070563,922.9245145535187,7.755538950942392,1.0,1.0
89.0,89,646,373.48466728585026,887.1037736411342,11.185422719499032,3.0,0.9999999999999999
89.0,89,647,172.90561117867156,290.02916836435713,9.771366777571922,2.0,1.0
89.0,89,649,1114.5154953079798,120.95246528216917,9.77136677757192,2.0,0.9999999999999999
89.0,89,654,1291.0116611567453,129.82745113181986,11.185422719499034,3.0,1.0
89.0,89,655,578.243238548412,701.7192496804454,7.755538950942392,1.0,1.0
89.0,89,658,569.8460350880981,342.05807491675955,14.092749536269185,6.0,1.0
89.0,89,659,1298.659226048774,968.2586321064483,9.771366777571922,2.0,0.9999999999999999
89.0,89,662,1135.5766131001626,962.7211079861756,7.755538950942392,1.0,1.0
89.0,89,665,1038.8991843036915,113.12685673345148,11.185422719499032,3.0,1.0
89.0,89,666,1229.5373913079995,1001.6898519788338,12.311150689306299,4.0,1.0
89.0,89,667,196.23481390295055,87.76106707414063,7.755538950942392,1.0,1.0
89.0,89,668,234.868241404165,950.0781129841172,7.755538950942392,1.0,1.0
89.0,89,671,1025.001201457715,86.90703613891928,7.755538950942392,1.0,0.9999999999999999
89.0,89,672,805.3047065931221,975.8927408655585,7.755538950942392,1.0,1.0
89.0,89,674,1061.035800167052,636.0466170717775,7.755538950942392,1.0,0.9999999999999999
89.0,89,675,398.76501443910547,496.6101723623428,7.755538950942392,1.0,1.0
89.0,89,676,1286.1943453033616,867.3740105153744,9.77136677757192,2.0,1.0
89.0,89,678,116.62162442688032,248.0924715213828,9.77136677757192,2.0,1.0
89.0,89,680,872.6941362790712,599.4822061588958,7.755538950942392,1.0,1.0
89.0,89,682,1220.2456684346885,82.48034288982305,7.755538950942392,1.0,1.0
89.0,89,684,1305.6763923294075,940.6617950574664,11.185422719499034,3.0,0.9999999999999999
89.0,89,686,890.3122832379839,306.13673216791597,7.755538950942392,1.0,1.0
89.0,89,687,1205.782225221392,282.88617589497863,12.311150689306297,4.0,1.0
89.0,89,688,237.43434831833093,491.3074963351473,7.755538950942392,1.0,1.0
89.0,89,689,433.79023180696515,617.5964646070806,7.755538950942392,1.0,1.0
89.0,89,694,1106.903368669252,876.1170121903688,7.755538950942392,1.0,1.0
89.0,89,698,666.6459281862434,101.74896497248199,7.755538950942392,1.0,1.0
89.0,89,700,443.95092885494034,503.41629769806394,11.185422719499032,3.0,1.0
89.0,89,702,696.3828183890392,33.60878205190089,7.755538950942392,1.0,1.0
89.0,89,704,141.47549014270317,257.14215982306945,9.771366777571922,2.0,1.0
89.0,89,705,410.1123070977452,410.3760295461559,11.185422719499034,3.0,1.0
89.0,89,706,300.76583486235745,200.8565376657445,11.185422719499032,3.0,1.0
89.0,89,707,248.61405352982814,254.22667251887853,11.185422719499032,3.0,1.0
89.0,89,710,818.1073491978703,671.4910224472056,7.755538950942392,1.0,0.9999999999999999
89.0,89,717,524.5829351075946,653.0240324296049,13.26178505962571,5.0,1.0
89.0,89,718,438.0904084520939,160.44813856505917,7.755538950942392,1.0,1.0
89.0,89,720,632.8438006768549,830.4513328789762,9.77136677757192,2.0,1.0
89.0,89,722,1008.3782596012729,780.5133068570009,11.185422719499032,3.0,1.0
89.0,89,723,430.02449831531123,591.1692069410352,11.185422719499032,3.0,1.0
89.0,89,724,892.6494696345688,624.3787956293138,7.755538950942392,1.0,0.9999999999999999
89.0,89,726,1263.3233998317644,50.009241261268315,9.771366777571922,2.0,1.0
89.0,89,728,1032.9611333171677,387.3504691136258,7.755538950942392,1.0,1.0
89.0,89,729,568.5522894087659,101.00523124426667,9.771366777571922,2.0,1.0
89.0,89,730,684.175221380113,466.8048934444126,9.77136677757192,2.0,0.9999999999999999
89.0,89,732,511.37738542844664,156.62426209839037,11.185422719499032,3.0,0.9999999999999999
89.0,89,733,242.80163335299687,285.6249458974604,12.311150689306297,4.0,1.0
89.0,89,734,1336.5728523784826,20.104826292902903,7.755538950942392,1.0,1.0
89.0,89,735,720.908132265532,4.559296587293045,7.755538950942392,1.0,0.9999999999999999
89.0,89,737,1102.8299402833318,483.6039094265286,11.185422719499032,3.0,1.0
89.0,89,740,1240.4878106539813,963.545751615584,7.755538950942392,1.0,0.9999999999999999
89.0,89,743,744.0276531537667,175.5621091789962,9.77136677757192,2.0,0.9999999999999999
89.0,89,745,1087.6793612771205,500.0817802583684,9.77136677757192,2.0,1.0
89.0,89,746,1273.2269044662658,384.3100612766458,9.77136677757192,2.0,1.0
89.0,89,747,629.9786463698599,739.2323527247912,9.771366777571922,2.0,1.0
89.0,89,748,1227.7292078155506,338.800749839465,7.755538950942392,1.0,1.0
89.0,89,750,791.0188061500733,246.99784688726078,9.77136677757192,2.0,1.0
89.0,89,752,1307.0047080163808,699.5067961538972,9.771366777571922,2.0,1.0
89.0,89,753,647.4636100170535,474.8633721771576,9.771366777571922,2.0,1.0
89.0,89,754,546.3127389866149,727.2831012308807,7.755538950942392,1.0,1.0
89.0,89,755,938.2724489383797,129.0600251562984,7.755538950942392,1.0,1.0
89.0,89,757,774.7194997600492,483.2067083954942,9.77136677757192,2.0,1.0
89.0,89,758,647.0173803917162,413.20564273106817,9.77136677757192,2.0,1.0
89.0,89,759,52.80867894064523,617.2338390818312,11.185422719499032,3.0,1.0
89.0,89,760,155.41844194751334,1016.8079111063471,11.185422719499034,3.0,1.0
89.0,89,762,994.0494209345719,49.7128832509619,11.185422719499032,3.0,1.0
89.0,89,764,219.90939878690514,662.3349573661387,7.755538950942392,1.0,1.0
89.0,89,765,719.7487850184222,471.1855895962229,11.185422719499034,3.0,1.0
89.0,89,766,361.8274671039642,3.070028534604165,9.77136677757192,2.0,1.0
89.0,89,767,350.6903036318629,597.4864521753461,7.755538950942392,1.0,0.9999999999999999
89.0,89,768,717.5423349649278,643.0137057129963,14.835812298463562,7.0,1.0
89.0,89,769,13.741255279815064,679.9588545333207,12.311150689306299,4.0,1.0
89.0,89,772,1026.0684255016645,916.6590555167004,7.755538950942392,1.0,1.0
89.0,89,773,925.6440690139527,658.1300255756829,7.755538950942392,1.0,1.0
89.0,89,774,71.76400921218521,852.2594442619496,11.185422719499034,3.0,1.0
89.0,89,776,1082.902906345071,151.81925168567795,9.77136677757192,2.0,1.0
89.0,89,777,385.8885059366346,326.51768917068966,7.755538950942392,1.0,0.9999999999999999
89.0,89,780,238.259284275389,685.1871555882666,11.185422719499032,3.0,0.9999999999999999
89.0,89,781,426.3133962470623,194.7180133730578,7.755538950942392,1.0,1.0
89.0,89,782,147.9979041198484,564.5768265798366,11.185422719499032,3.0,1.0
89.0,89,783,170.5966614705436,704.8717752025258,13.26178505962571,5.0,1.0
89.0,89,786,485.13564893348007,831.2628049798548,7.755538950942392,1.0,1.0
89.0,89,787,739.224197413187,855.275428436674,11.185422719499032,3.0,1.0
89.0,89,788,1122.553883314504,408.05766877050326,7.755538950942392,1.0,1.0
89.0,89,789,395.7126455278674,969.5005203657138,11.185422719499034,3.0,1.0
89.0,89,790,707.9923598274208,920.4528968306003,9.77136677757192,2.0,1.0
89.0,89,791,926.156426194087,954.002521662759,12.311150689306299,4.0,0.9999999999999999
89.0,89,792,558.9008004940927,767.2416393301253,15.511077901884784,8.0,1.0
89.0,89,795,239.905153029133,837.4906188727489,11.185422719499032,3.0,1.0
89.0,89,796,234.78137810393852,314.78657137158916,7.755538950942392,1.0,0.9999999999999999
89.0,89,798,1021.8823192030653,466.8604866507678,7.755538950942392,1.0,1.0
89.0,89,799,34.794654754590375,203.95597903926432,7.755538950942392,1.0,1.0
89.0,89,800,341.648580970045,725.1221087574529,9.77136677757192,2.0,1.0
89.0,89,801,1234.4794494410546,97.17133734788044,7.755538950942392,1.0,0.9999999999999999
89.0,89,805,718.9752037702916,973.7820381276306,9.77136677757192,2.0,1.0
89.0,89,806,383.5808169673635,674.3336705118298,9.771366777571922,2.0,1.0
89.0,89,809,1197.275357423023,467.1204203988059,9.77136677757192,2.0,1.0
89.0,89,810,1057.0204219119112,147.2088932680916,9.77136677757192,2.0,1.0
89.0,89,811,822.4436233324283,554.8493379531924,15.511077901884784,8.0,1.0
89.0,89,812,43.857352106359926,409.4919070907998,7.755538950942392,1.0,1.0
89.0,89,815,469.4024247152816,574.6496991853638,9.77136677757192,2.0,1.0
89.0,89,817,1193.114533467474,724.0413003228537,9.77136677757192,2.0,1.0
89.0,89,818,273.16114673675054,1010.221515119625,7.755538950942392,1.0,1.0
89.0,89,819,1029.6919609227546,945.3130320574323,7.755538950942392,1.0,1.0
89.0,89,820,1108.0640520826655,584.7227280551285,7.755538950942392,1.0,1.0
89.0,89,821,1305.1604928560437,35.53472823738075,13.261785059625714,5.0,0.9999999999999999
89.0,89,823,473.5232879533638,693.8913028910303,7.755538950942392,1.0,1.0
89.0,89,824,555.4702542835147,165.33193461601277,7.755538950942392,1.0,0.9999999999999999
89.0,89,826,983.5209888230492,835.2037196419737,9.771366777571922,2.0,1.0
89.0,89,828,152.98809976226767,819.1526960910547,9.77136677757192,2.0,1.0
89.0,89,829,774.6223282151176,143.65853277316972,9.77136677757192,2.0,1.0
89.0,89,830,438.7070112801055,753.2728115011478,9.771366777571922,2.0,1.0
89.0,89,831,837.8468930029875,609.230396390786,9.771366777571922,2.0,0.9999999999999999
89.0,89,832,1046.955278356597,465.14174383259484,11.185422719499034,3.0,0.9999999999999999
89.0,89,833,454.26288608603977,324.9515253448113,11.185422719499034,3.0,1.0
89.0,89,837,948.4574748969802,637.5237879903349,11.185422719499034,3.0,1.0
89.0,89,838,306.67883485140356,310.44674257909844,7.755538950942392,1.0,1.0
89.0,89,839,967.0310513592242,98.06877921517494,7.755538950942392,1.0,1.0
89.0,89,840,750.8618838050985,677.7985821408711,7.755538950942392,1.0,1.0
89.0,89,841,896.9604815366746,583.4015968268703,11.185422719499032,3.0,0.9999999999999999
89.0,89,842,41.6112930591963,515.0221875316663,7.755538950942392,1.0,1.0
89.0,89,843,937.0619578355585,902.4161246269775,7.755538950942392,1.0,1.0
89.0,89,845,1340.1380000259999,629.9329435949385,7.755538950942392,1.0,1.0
89.0,89,846,686.2612272903425,439.6490695827856,9.77136677757192,2.0,1.0
89.0,89,848,588.8751701825031,630.4797943005257,13.261785059625714,5.0,1.0
89.0,89,851,1319.543610076608,656.1545501942838,13.261785059625714,5.0,1.0
89.0,89,853,477.7239048499172,802.2482654406725,11.185422719499032,3.0,1.0
89.0,89,855,595.4139621835899,594.1357220274348,7.755538950942392,1.0,1.0
89.0,89,857,745.413309040307,894.5663874001136,9.771366777571922,2.0,1.0
89.0,89,859,894.8949356358637,771.261734085298,9.771366777571922,2.0,1.0
89.0,89,860,9.006986746248788,260.79463207358333,9.771366777571922,2.0,1.0
89.0,89,861,997.6942450249154,71.77145353051677,7.755538950942392,1.0,1.0
89.0,89,862,304.1530421769865,574.3729796479361,7.755538950942392,1.0,0.9999999999999999
89.0,89,865,839.8708063317255,111.76112025946095,7.755538950942392,1.0,1.0
89.0,89,866,930.0725490940837,19.354030340199454,9.77136677757192,2.0,1.0
89.0,89,868,1292.9079026011193,803.9906414871007,14.092749536269187,6.0,1.0
89.0,89,869,1323.1186702978905,122.79442166824997,11.185422719499034,3.0,1.0
89.0,89,870,228.1126475453554,185.46129883250873,7.755538950942392,1.0,1.0
89.0,89,871,709.1264706338497,755.1425636293387,12.311150689306299,4.0,0.9999999999999999
89.0,89,872,1038.9397859785245,438.40958731298315,7.755538950942392,1.0,1.0
89.0,89,873,65.59698414061576,388.75745574679723,7.755538950942392,1.0,1.0
89.0,89,877,167.79554409306724,432.78787672729567,7.755538950942392,1.0,1.0
89.0,89,879,709.6761742638026,334.2186737961369,9.771366777571922,2.0,1.0
89.0,89,882,289.2950935017299,634.7373070459047,7.755538950942392,1.0,0.9999999999999999
89.0,89,883,9.513560382140982,150.85071021972843,9.77136677757192,2.0,1.0
89.0,89,884,651.9823446560747,339.99937380376304,9.77136677757192,2.0,1.0
89.0,89,886,82.42518615514952,647.0753359494835,9.77136677757192,2.0,0.9999999999999999
89.0,89,887,448.8642783269626,241.6258459542699,12.311150689306299,4.0,1.0
89.0,89,890,1271.3712444700839,247.6275250080563,11.185422719499032,3.0,1.0
89.0,89,892,341.89059950190466,48.59262522417043,7.755538950942392,1.0,1.0
89.0,89,894,1189.0116526301429,4.618112704840427,11.185422719499034,3.0,1.0
89.0,89,896,232.32864352106404,928.4678720829775,7.755538950942392,1.0,1.0
89.0,89,897,734.4271592188965,583.0657471730783,9.77136677757192,2.0,1.0
89.0,89,898,1076.3480301511308,295.90832940005043,9.77136677757192,2.0,1.0
89.0,89,899,1193.6375696147454,836.7541667689909,12.311150689306297,4.0,1.0
89.0,89,901,1050.5204061815111,5.239174254068039,11.185422719499032,3.0,1.0
89.0,89,903,284.89730724183465,375.8748017253067,14.835812298463557,7.0,1.0
89.0,89,905,708.6396725203599,871.6319955158955,11.185422719499032,3.0,1.0
89.0,89,907,1157.9077516280258,926.5978090929991,9.771366777571922,2.0,1.0
89.0,89,910,1270.635313867344,791.2264437668373,9.77136677757192,2.0,1.0
89.0,89,911,329.60702715494574,92.0980459431948,7.755538950942392,1.0,1.0
89.0,89,912,434.57305146659854,894.844768250402,7.755538950942392,1.0,1.0
89.0,89,913,309.8158267659421,735.4251710496437,7.755538950942392,1.0,1.0
89.0,89,914,863.714764270546,374.3857238447135,12.311150689306297,4.0,1.0
89.0,89,915,42.23511331148516,60.40369885101007,7.755538950942392,1.0,1.0
89.0,89,916,836.2255279013815,303.63618803773693,7.755538950942392,1.0,1.0
89.0,89,921,1227.9074778412082,475.96801019292207,7.755538950942392,1.0,1.0
89.0,89,924,647.4772876937544,3.197332862660904,9.77136677757192,2.0,1.0
89.0,89,925,898.1472897327793,352.4391076216636,11.185422719499034,3.0,1.0
89.0,89,926,228.84714838084273,92.1301754900308,11.185422719499032,3.0,1.0
89.0,89,927,1265.8678743521987,83.36880421743463,13.261785059625714,5.0,1.0
89.0,89,928,525.8267652033296,951.2431380177908,7.755538950942392,1.0,1.0
89.0,89,932,1281.1303741572085,542.4076614456153,11.185422719499032,3.0,1.0
89.0,89,933,1025.0508726388894,201.97608401405674,7.755538950942392,1.0,1.0
89.0,89,934,318.1205121321776,22.01651546617794,13.261785059625714,5.0,1.0
89.0,89,935,297.1599668477368,798.9085302259607,7.755538950942392,1.0,1.0
89.0,89,936,529.1405436271058,402.11468921255346,9.77136677757192,2.0,0.9999999999999999
89.0,89,937,927.4288337005419,1001.4032950826079,9.77136677757192,2.0,1.0
89.0,89,939,1163.4354224965748,136.75569951467577,9.77136677757192,2.0,1.0
89.0,89,941,49.166015840135785,951.6802231698554,11.185422719499032,3.0,1.0
89.0,89,947,417.8410832876046,73.93868902864182,7.755538950942392,1.0,1.0
89.0,89,949,1208.1683933620104,29.087867400488175,11.185422719499032,3.0,1.0
89.0,89,950,384.01820543515606,636.4768328839712,9.77136677757192,2.0,0.9999999999999999
89.0,89,951,101.28142369202617,321.8667943311731,12.311150689306299,4.0,0.9999999999999999
89.0,89,952,184.32092318167093,178.57014192899146,7.755538950942392,1.0,1.0
89.0,89,953,589.2621827814129,142.3014660463445,9.77136677757192,2.0,0.9999999999999999
89.0,89,954,1316.6081937577273,204.12709949912664,7.755538950942392,1.0,0.9999999999999999
89.0,89,955,474.2072968469333,411.1402702727085,9.77136677757192,2.0,1.0
89.0,89,956,1077.083968671622,612.9612011410153,9.77136677757192,2.0,1.0
89.0,89,957,263.2239253354898,537.7036160098992,12.311150689306297,4.0,1.0
89.0,89,959,187.89055232316983,903.5916061357901,9.77136677757192,2.0,0.9999999999999999
89.0,89,961,278.8926102560952,179.38897406982102,9.77136677757192,2.0,1.0
89.0,89,962,1303.444608179966,849.7896460714368,12.311150689306299,4.0,1.0
89.0,89,963,391.11361816192056,192.1763214774018,9.77136677757192,2.0,0.9999999999999999
89.0,89,965,864.7395821015976,478.940525517654,7.755538950942392,1.0,1.0
89.0,89,969,431.82643159671403,469.22006769524796,9.77136677757192,2.0,1.0
89.0,89,971,1164.8979629964151,818.9989976580961,7.755538950942392,1.0,0.9999999999999999
89.0,89,972,492.77340873061144,598.9258731698967,11.185422719499032,3.0,1.0
89.0,89,975,31.648428949896015,721.014643725609,7.755538950942392,1.0,0.9999999999999999
89.0,89,977,1028.1365703548222,152.5163365739362,7.755538950942392,1.0,1.0
89.0,89,980,338.8272536848973,750.4243018142026,7.755538950942392,1.0,1.0
89.0,89,981,991.6725755401039,406.4765005743722,7.755538950942392,1.0,1.0
89.0,89,983,926.986541831266,529.4635804706188,7.755538950942392,1.0,1.0
89.0,89,985,1250.200881187472,927.3893167431971,12.311150689306299,4.0,1.0
89.0,89,986,1157.683069678061,773.8801593245283,13.261785059625714,5.0,1.0
89.0,89,987,1171.9115056975568,873.5603759969358,7.755538950942392,1.0,1.0
89.0,89,988,1129.0530673513995,609.4851530834082,7.755538950942392,1.0,1.0
89.0,89,989,540.7904185325013,937.198633275577,9.77136677757192,2.0,1.0
89.0,89,995,37.659113317841935,12.496700071624515,14.092749536269185,6.0,1.0
89.0,89,996,262.1354212005064,862.1169428856973,9.77136677757192,2.0,0.9999999999999999
89.0,89,998,4.990185647475162,974.5137454831239,7.755538950942392,1.0,1.0
89.0,89,999,1068.62975367918,424.96673710605256,7.755538950942392,1.0,1.0
89.0,89,1000,167.397105825985,875.0261950120494,9.77136677757192,2.0,0.9999999999999999
90.0,90,1,114.77706952353755,937.26524492055,7.755538950942392,1.0,0.9999999999999999
90.0,90,3,952.2965601081723,304.72339564825126,13.261785059625714,5.0,1.0
90.0,90,6,456.75928494804197,100.57890527491388,7.755538950942392,1.0,1.0
90.0,90,8,354.5894782711497,205.26155558660113,16.708802155803774,10.0,0.9999999999999999
90.0,90,9,1072.536830658884,403.4887059287349,7.755538950942392,1.0,0.9999999999999999
90.0,90,10,1150.7198073852778,301.32885826137255,7.755538950942392,1.0,1.0
90.0,90,11,850.1026903716565,944.5247184341792,9.77136677757192,2.0,1.0
90.0,90,15,1000.4242277353841,304.47678938048637,7.755538950942392,1.0,1.0
90.0,90,17,195.20797479425966,268.044965573442,7.755538950942392,1.0,1.0
90.0,90,18,647.6854104019502,649.2616527180987,7.755538950942392,1.0,0.9999999999999999
90.0,90,20,343.44988951932856,958.6706873925568,7.755538950942392,1.0,0.9999999999999999
90.0,90,21,253.88530504760035,85.36646705740584,7.755538950942392,1.0,0.9999999999999999
90.0,90,22,138.86541149233017,457.1538458895228,9.77136677757192,2.0,1.0
90.0,90,23,7.452931035898871,816.9940816453353,9.77136677757192,2.0,1.0
90.0,90,27,525.6895667287525,548.0770136373293,7.755538950942392,1.0,0.9999999999999999
90.0,90,28,910.7970625714854,897.7150043634912,7.755538950942392,1.0,1.0
90.0,90,29,1103.9755925248596,5.964480536412646,13.261785059625714,5.0,1.0
90.0,90,31,968.0104630916251,149.8946924344529,7.755538950942392,1.0,0.9999999999999999
90.0,90,35,186.975362500442,752.9491269283891,7.755538950942392,1.0,0.9999999999999999
90.0,90,37,864.8883502303851,913.8616527536691,9.771366777571922,2.0,1.0
90.0,90,38,962.8049304443522,726.8917904216136,7.755538950942392,1.0,1.0
90.0,90,39,1332.9648139995477,1006.6176687047991,7.755538950942392,1.0,1.0
90.0,90,40,955.8814705478036,931.1850325760714,9.77136677757192,2.0,1.0
90.0,90,41,433.58784256703416,285.7183730533876,9.77136677757192,2.0,1.0
90.0,90,43,780.4856339560724,828.5127432175262,7.755538950942392,1.0,1.0
90.0,90,44,744.6129601340099,58.871956067032436,11.185422719499032,3.0,1.0
90.0,90,45,884.4409078266202,955.7876802654778,7.755538950942392,1.0,1.0
90.0,90,46,1143.3481811538988,350.6933499167863,7.755538950942392,1.0,1.0
90.0,90,51,1321.6946927768963,225.7538487621271,11.185422719499034,3.0,1.0
90.0,90,53,137.12235232134933,116.80271233488463,7.755538950942392,1.0,1.0
90.0,90,55,1253.8817364413092,612.043716809854,7.755538950942392,1.0,1.0
90.0,90,57,1062.8873624309801,729.116702724031,12.311150689306295,4.0,0.9999999999999999
90.0,90,59,35.28830765820559,145.9588834251353,7.755538950942392,1.0,1.0
90.0,90,60,50.45571157127986,230.22901508498992,9.77136677757192,2.0,1.0
90.0,90,61,882.597750237776,995.1236377827134,9.771366777571922,2.0,1.0
90.0,90,62,577.2261827843779,0.1387643222753404,7.755538950942392,1.0,1.0
90.0,90,63,1136.9333379802401,633.8506437947126,7.755538950942392,1.0,0.9999999999999999
90.0,90,65,701.8727630997699,837.3648387900189,7.755538950942392,1.0,1.0
90.0,90,66,965.4738889691812,1014.9331648950666,9.771366777571922,2.0,1.0
90.0,90,67,1083.6716149757046,252.74974039650553,13.261785059625712,5.0,1.0
90.0,90,68,1241.923282591096,661.2143097736434,7.755538950942392,1.0,1.0
90.0,90,70,1154.6557759756647,470.3098104752271,7.755538950942392,1.0,1.0
90.0,90,71,772.2727454935596,786.3537429668911,9.771366777571922,2.0,1.0
90.0,90,73,536.0762072458831,306.35918776951104,7.755538950942392,1.0,0.9999999999999999
90.0,90,77,424.08956207378725,828.5664199461256,12.311150689306299,4.0,0.9999999999999999
90.0,90,78,1111.1301923111994,182.9891216410449,7.755538950942392,1.0,1.0
90.0,90,79,827.5934814539785,233.09369425368521,9.77136677757192,2.0,1.0
90.0,90,80,1014.1919410710448,356.4014894131022,7.755538950942392,1.0,1.0
90.0,90,81,611.9119934119161,7.218265327902884,9.77136677757192,2.0,0.9999999999999999
90.0,90,83,1190.8593505508745,416.8152870268276,7.755538950942392,1.0,1.0
90.0,90,85,120.56630837169814,789.2307073761127,7.755538950942392,1.0,1.0
90.0,90,86,1027.8399228453798,512.4593921719502,9.77136677757192,2.0,1.0
90.0,90,87,705.7886347664256,125.65620710312855,7.755538950942392,1.0,1.0
90.0,90,88,70.53639573521849,495.85379511719054,9.77136677757192,2.0,1.0
90.0,90,90,811.7353531935432,413.54991423137557,7.755538950942392,1.0,1.0
90.0,90,92,1092.1417396665715,697.3847826199175,7.755538950942392,1.0,1.0
90.0,90,93,287.1561279499919,290.78456072705353,9.77136677757192,2.0,1.0
90.0,90,94,649.7801609006261,891.276789818299,12.311150689306299,4.0,0.9999999999999999
90.0,90,97,939.8451415492186,65.71088760905823,12.311150689306297,4.0,1.0
90.0,90,100,369.94484115730245,811.3321248399793,7.755538950942392,1.0,0.9999999999999999
90.0,90,101,19.105738139340293,617.1752401653072,7.755538950942392,1.0,0.9999999999999999
90.0,90,103,215.7122498470105,22.464974915716333,7.755538950942392,1.0,1.0
90.0,90,104,381.8802348039968,583.3805464339506,7.755538950942392,1.0,0.9999999999999999
90.0,90,107,438.5558301418729,134.9142413648322,7.755538950942392,1.0,1.0
90.0,90,110,646.9455715703281,618.6745563882208,7.755538950942392,1.0,0.9999999999999999
90.0,90,116,1153.8902522103594,57.467646289175676,11.185422719499032,3.0,1.0
90.0,90,118,276.3666145031484,441.19759562208844,9.77136677757192,2.0,1.0
90.0,90,119,1040.1001580382206,561.8735798244396,11.185422719499032,3.0,1.0
90.0,90,121,108.41056177496975,217.56494780263398,11.185422719499034,3.0,1.0
90.0,90,122,849.8037341310647,261.28712427641847,13.261785059625714,5.0,1.0
90.0,90,123,1292.5986924484218,590.6430211538435,11.185422719499034,3.0,0.9999999999999999
90.0,90,125,426.36125899606316,1004.5333310377614,11.185422719499034,3.0,1.0
90.0,90,126,4.028310976945909,469.172128187732,7.755538950942392,1.0,1.0
90.0,90,129,785.2108046329389,672.2403706408386,7.755538950942392,1.0,1.0
90.0,90,130,1202.521724463784,441.07246734795535,7.755538950942392,1.0,1.0
90.0,90,131,1244.23739664469,311.92992331301997,7.755538950942392,1.0,1.0
90.0,90,132,1286.25108346596,177.49333589316083,12.311150689306297,4.0,1.0
90.0,90,134,117.97957447185661,831.0644862875844,9.77136677757192,2.0,1.0
90.0,90,135,1012.9349691206804,596.3007742038574,7.755538950942392,1.0,1.0
90.0,90,138,485.69684628954053,1023.3169591719396,7.755538950942392,1.0,0.9999999999999999
90.0,90,142,1293.0112481936615,295.47247267959017,7.755538950942392,1.0,0.9999999999999999
90.0,90,143,611.9311764134914,112.6368601552819,14.09274953626919,6.0,1.0
90.0,90,144,1274.7114731668187,973.0933881454266,9.77136677757192,2.0,1.0
90.0,90,145,118.65380764542968,869.3152703543075,9.77136677757192,2.0,1.0
90.0,90,146,1060.4159138682292,526.0317889575043,7.755538950942392,1.0,1.0
90.0,90,148,546.9264977269855,146.84665879438907,9.77136677757192,2.0,0.9999999999999999
90.0,90,149,173.62498658362819,982.4999117781416,7.755538950942392,1.0,1.0
90.0,90,150,703.5177108866307,379.44893436757195,12.311150689306299,4.0,0.9999999999999999
90.0,90,151,469.43948332515197,667.941691977761,7.755538950942392,1.0,1.0
90.0,90,152,1164.5414285875963,677.9141258893007,7.755538950942392,1.0,1.0
90.0,90,153,59.601431963560266,547.2077630154888,9.77136677757192,2.0,1.0
90.0,90,156,875.7752279215586,807.8948100525377,7.755538950942392,1.0,1.0
90.0,90,160,1058.5668337372795,759.2928394289205,7.755538950942392,1.0,1.0
90.0,90,163,74.89419307937106,59.56039258534301,7.755538950942392,1.0,0.9999999999999999
90.0,90,164,363.43099165205155,74.62489913770659,9.771366777571922,2.0,0.9999999999999999
90.0,90,165,142.84957210002324,4.868648063285492,7.755538950942392,1.0,1.0
90.0,90,166,493.80914345214364,92.05388905068894,12.311150689306297,4.0,1.0
90.0,90,170,975.3273021791862,688.0136656269801,7.755538950942392,1.0,1.0
90.0,90,172,822.1027165047423,812.1648276130618,7.755538950942392,1.0,1.0
90.0,90,173,2.7402927060041193,60.4146599233057,11.185422719499034,3.0,1.0
90.0,90,174,969.7012362985532,747.8076611581403,9.771366777571922,2.0,1.0
90.0,90,175,1329.4520752726075,859.6623352847324,9.77136677757192,2.0,1.0
90.0,90,181,474.4087955142964,937.76045189646,11.185422719499032,3.0,1.0
90.0,90,186,222.9963669647713,623.2012289509294,12.311150689306297,4.0,1.0
90.0,90,187,612.6483380919553,900.9889939688102,7.755538950942392,1.0,1.0
90.0,90,188,596.2324455758179,283.52985189453227,9.771366777571922,2.0,0.9999999999999999
90.0,90,189,821.8628518907339,920.8480553350647,7.755538950942392,1.0,1.0
90.0,90,191,1078.3629188194009,756.5134891729715,9.77136677757192,2.0,1.0
90.0,90,193,355.66209991692546,106.13229698401506,9.771366777571922,2.0,1.0
90.0,90,199,200.7224576570897,545.7894841189635,16.132171110904203,9.0,1.0
90.0,90,201,144.4035299778555,431.1245892276821,9.77136677757192,2.0,1.0
90.0,90,208,1038.7270404546898,282.1468594576748,9.77136677757192,2.0,0.9999999999999999
90.0,90,210,105.09684156225212,1023.1116751976898,11.185422719499034,3.0,1.0
90.0,90,213,478.98358996352164,747.5731061920104,7.755538950942392,1.0,1.0
90.0,90,214,34.44127457738199,251.29520702035927,7.755538950942392,1.0,1.0
90.0,90,215,354.4450436994936,432.09398637400227,9.77136677757192,2.0,1.0
90.0,90,218,679.1655656320619,305.0247866213696,9.77136677757192,2.0,0.9999999999999999
90.0,90,219,301.91575046639406,105.917242808529,7.755538950942392,1.0,1.0
90.0,90,220,314.4841710427687,920.7895492846964,12.311150689306299,4.0,1.0
90.0,90,221,106.00609883668933,179.55370312628037,12.311150689306299,4.0,0.9999999999999999
90.0,90,224,563.7033717045862,245.88641400725587,9.771366777571922,2.0,1.0
90.0,90,228,895.8295527713658,25.746839098060676,12.311150689306299,4.0,1.0
90.0,90,230,1132.0982428607642,725.6016368096799,7.755538950942392,1.0,1.0
90.0,90,231,736.4085542613915,307.30541895427535,11.185422719499032,3.0,1.0
90.0,90,232,500.8545501231482,233.3763381996437,7.755538950942392,1.0,1.0
90.0,90,238,906.6517079232958,865.6089270944268,7.755538950942392,1.0,1.0
90.0,90,241,1226.8227230383018,525.5226792917597,12.311150689306297,4.0,1.0
90.0,90,242,737.5885887226201,25.512134691983924,7.755538950942392,1.0,0.9999999999999999
90.0,90,243,69.74600366807148,688.3781100841121,7.755538950942392,1.0,1.0
90.0,90,245,731.0326272638475,791.6072246577558,9.77136677757192,2.0,1.0
90.0,90,247,382.6646377933916,214.9084235656809,7.755538950942392,1.0,1.0
90.0,90,248,459.56360784441443,188.71530931008152,9.77136677757192,2.0,1.0
90.0,90,250,517.0070358107424,803.5089638315269,7.755538950942392,1.0,1.0
90.0,90,255,1340.8959336674836,823.4429291861859,9.77136677757192,2.0,1.0
90.0,90,256,922.6909393017942,726.0963561762997,7.755538950942392,1.0,0.9999999999999999
90.0,90,257,610.2587877708138,39.02808760509792,7.755538950942392,1.0,1.0
90.0,90,259,742.360070764978,151.69680565311947,11.185422719499032,3.0,1.0
90.0,90,260,1091.605067787616,807.0065315907849,7.755538950942392,1.0,1.0
90.0,90,261,256.2699972876385,423.2174323416551,7.755538950942392,1.0,1.0
90.0,90,262,844.6729218602488,987.3200982987981,9.77136677757192,2.0,1.0
90.0,90,263,93.20750913211667,145.92143583927242,11.185422719499034,3.0,1.0
90.0,90,264,937.4248257893815,814.6317228013468,7.755538950942392,1.0,1.0
90.0,90,265,0.25074512082263156,439.49653222781797,7.755538950942392,1.0,1.0
90.0,90,268,1017.1766924973497,227.70919321132988,7.755538950942392,1.0,0.9999999999999999
90.0,90,269,107.90724145816195,377.07782395880116,11.185422719499032,3.0,1.0
90.0,90,270,338.46570071285976,411.24083753125996,9.771366777571922,2.0,0.9999999999999999
90.0,90,273,620.9267694097387,582.1067295565539,7.755538950942392,1.0,1.0
90.0,90,274,791.8239472998252,844.6181060171906,7.755538950942392,1.0,1.0
90.0,90,275,1176.0960977121129,391.36109331455873,7.755538950942392,1.0,1.0
90.0,90,276,1099.9760062476976,531.9855946501461,7.755538950942392,1.0,0.9999999999999999
90.0,90,278,1242.5070261900073,359.15629802455874,13.261785059625714,5.0,1.0
90.0,90,279,128.69384251285624,634.9627666849948,13.261785059625714,5.0,1.0
90.0,90,280,351.6288052663368,975.6935867167797,7.755538950942392,1.0,1.0
90.0,90,281,1189.2947117983963,552.3240776421186,11.185422719499032,3.0,0.9999999999999999
90.0,90,283,675.6939882171697,598.4207874664435,9.77136677757192,2.0,1.0
90.0,90,284,72.51714887405186,802.5980961007871,7.755538950942392,1.0,1.0
90.0,90,285,857.3712304131936,642.9841063874127,7.755538950942392,1.0,1.0
90.0,90,286,1136.0417029249825,257.17216007359133,7.755538950942392,1.0,1.0
90.0,90,287,96.7063564893817,715.0635078487779,7.755538950942392,1.0,0.9999999999999999
90.0,90,289,1246.693744331199,817.0097973948966,12.311150689306299,4.0,0.9999999999999999
90.0,90,291,508.1865406878038,359.258335394442,9.771366777571922,2.0,1.0
90.0,90,294,622.3026105059048,433.81037254838446,7.755538950942392,1.0,1.0
90.0,90,295,47.51701938969248,746.8908049474949,12.311150689306297,4.0,0.9999999999999999
90.0,90,300,351.2489818897511,665.7736546103387,9.77136677757192,2.0,1.0
90.0,90,301,1113.2024313829772,38.51269232220227,9.77136677757192,2.0,1.0
90.0,90,302,639.9234268227119,988.1538296569237,7.755538950942392,1.0,1.0
90.0,90,304,719.3645862657571,404.74990135084,7.755538950942392,1.0,0.9999999999999999
90.0,90,306,154.25248460068912,594.069166478751,7.755538950942392,1.0,1.0
90.0,90,307,985.2958959680706,483.91405371127433,12.311150689306297,4.0,1.0
90.0,90,309,816.2020229059173,196.20345670007285,7.755538950942392,1.0,1.0
90.0,90,311,694.3014501158237,575.9705494368158,9.77136677757192,2.0,0.9999999999999999
90.0,90,314,169.31557265037762,148.89912156579928,7.755538950942392,1.0,0.9999999999999999
90.0,90,318,1213.198954200166,604.6379646929339,11.185422719499032,3.0,0.9999999999999999
90.0,90,319,115.7357876589668,996.1695431523243,9.77136677757192,2.0,1.0
90.0,90,320,1245.9327172665028,114.07057051067206,9.77136677757192,2.0,1.0
90.0,90,322,866.4992560862166,973.7230130537622,9.77136677757192,2.0,1.0
90.0,90,323,73.41862231358616,433.9451905594375,9.77136677757192,2.0,0.9999999999999999
90.0,90,325,208.39845869464165,930.6145120461799,7.755538950942392,1.0,1.0
90.0,90,326,200.15305753425375,471.85321224552865,9.77136677757192,2.0,0.9999999999999999
90.0,90,327,914.8315554517798,474.4193782429694,7.755538950942392,1.0,1.0
90.0,90,330,406.03043512617455,859.8637699078257,9.77136677757192,2.0,1.0
90.0,90,331,137.67518065428482,723.3170215265446,15.511077901884784,8.0,0.9999999999999999
90.0,90,333,627.8759038123229,26.11600864398756,7.755538950942392,1.0,1.0
90.0,90,334,1130.7575157055642,829.0960602694664,7.755538950942392,1.0,1.0
90.0,90,337,585.7949952923008,937.4224150402617,9.77136677757192,2.0,1.0
90.0,90,339,821.9488947930139,89.14553180567812,7.755538950942392,1.0,1.0
90.0,90,340,896.4009908362942,664.809569492428,9.771366777571922,2.0,1.0
90.0,90,341,988.4333575947284,611.6794344817203,12.311150689306297,4.0,1.0
90.0,90,342,881.535068159036,136.4203268517489,9.77136677757192,2.0,1.0
90.0,90,343,132.92463388646638,487.059138483264,7.755538950942392,1.0,0.9999999999999999
90.0,90,344,726.6747872548204,360.22227924817213,7.755538950942392,1.0,1.0
90.0,90,346,1185.0303830005487,633.5995685424537,7.755538950942392,1.0,0.9999999999999999
90.0,90,348,407.34576531381924,660.1008235038,7.755538950942392,1.0,1.0
90.0,90,350,1258.3021460106754,157.8341534482909,7.755538950942392,1.0,1.0
90.0,90,354,477.12138376883115,241.32068313902076,7.755538950942392,1.0,1.0
90.0,90,355,97.67376836480489,494.12043034722495,7.755538950942392,1.0,1.0
90.0,90,356,683.2753102547039,1017.5432777751321,7.755538950942392,1.0,1.0
90.0,90,360,679.1613455506587,331.43414049728966,7.755538950942392,1.0,1.0
90.0,90,361,29.21673781464447,633.8079686672993,9.771366777571922,2.0,1.0
90.0,90,362,993.7802033426125,702.7041489527819,7.755538950942392,1.0,1.0
90.0,90,363,601.7666854249396,510.70198908636786,7.755538950942392,1.0,1.0
90.0,90,364,1329.644709120759,418.4928899894327,7.755538950942392,1.0,1.0
90.0,90,365,116.71984637938935,70.07563710619617,7.755538950942392,1.0,1.0
90.0,90,366,846.3232351429497,163.85329558403333,7.755538950942392,1.0,1.0
90.0,90,367,1186.8629081626284,995.0646672746454,7.755538950942392,1.0,1.0
90.0,90,368,1329.1555223880102,168.84766903682322,13.261785059625714,5.0,1.0
90.0,90,370,34.67147424163749,995.6899007376542,7.755538950942392,1.0,1.0
90.0,90,371,579.402198699202,425.2482173642948,9.771366777571922,2.0,1.0
90.0,90,373,874.28544091692,195.2206767985878,7.755538950942392,1.0,1.0
90.0,90,374,871.3329605137716,75.43438083111539,11.185422719499032,3.0,1.0
90.0,90,380,856.3987731581115,16.691293833919968,9.771366777571922,2.0,1.0
90.0,90,381,816.111246009872,333.64298494945615,9.77136677757192,2.0,1.0
90.0,90,382,1339.0458584517,276.663823821043,9.77136677757192,2.0,0.9999999999999999
90.0,90,383,935.2865046825972,500.1690317647855,9.771366777571922,2.0,1.0
90.0,90,385,697.8889992538822,546.4524009116122,7.755538950942392,1.0,1.0
90.0,90,387,814.426347295376,260.5747860880606,9.77136677757192,2.0,1.0
90.0,90,388,182.6420692380093,649.2172363542002,7.755538950942392,1.0,1.0
90.0,90,390,365.69643702546523,168.00645516116612,12.311150689306299,4.0,1.0
90.0,90,391,738.4786623903574,505.6993481694459,13.261785059625714,5.0,1.0
90.0,90,393,270.9315449188337,900.7011042019273,7.755538950942392,1.0,0.9999999999999999
90.0,90,396,1043.9817931609014,353.07975832372307,9.77136677757192,2.0,0.9999999999999999
90.0,90,399,527.0997043566775,619.3113107915527,11.185422719499032,3.0,1.0
90.0,90,400,226.78534229362756,379.54823710208353,7.755538950942392,1.0,1.0
90.0,90,403,644.2452674074284,537.1430630300355,7.755538950942392,1.0,1.0
90.0,90,405,761.0771399102921,372.25802061313686,12.311150689306297,4.0,0.9999999999999999
90.0,90,406,262.1926674398195,790.175150624704,14.092749536269183,6.0,1.0
90.0,90,409,572.7352504365114,872.2977357420053,12.311150689306299,4.0,0.9999999999999999
90.0,90,410,570.8360833509829,539.5065855173114,9.771366777571922,2.0,0.9999999999999999
90.0,90,412,748.4712979017035,649.2175823730316,9.77136677757192,2.0,1.0
90.0,90,414,1209.0372967601156,497.2168099683912,7.755538950942392,1.0,1.0
90.0,90,415,1136.310204069583,694.677214539306,7.755538950942392,1.0,1.0
90.0,90,416,398.53276397561376,730.5802638123564,7.755538950942392,1.0,1.0
90.0,90,417,904.0258014766025,520.728861447095,11.185422719499034,3.0,1.0
90.0,90,418,538.8790239814423,686.2624696388071,9.77136677757192,2.0,0.9999999999999999
90.0,90,419,335.14104968599673,893.3826086076721,9.771366777571922,2.0,1.0
90.0,90,420,692.2070868408899,964.7874507303011,7.755538950942392,1.0,0.9999999999999999
90.0,90,421,983.9163508227449,344.61157040377554,7.755538950942392,1.0,1.0
90.0,90,422,158.67652483834746,662.7160915155376,7.755538950942392,1.0,1.0
90.0,90,427,543.1937297027791,13.382633153735066,9.77136677757192,2.0,0.9999999999999999
90.0,90,428,1061.322713474734,193.79215756547262,9.77136677757192,2.0,1.0
90.0,90,431,272.18676521787455,580.3199781354357,7.755538950942392,1.0,1.0
90.0,90,432,361.5653929824355,773.9790041664909,9.77136677757192,2.0,1.0
90.0,90,433,290.2765363141581,597.2758004252555,9.77136677757192,2.0,1.0
90.0,90,435,887.4528446014916,236.23902701871992,7.755538950942392,1.0,1.0
90.0,90,436,307.2016481817625,664.7113589332853,9.77136677757192,2.0,1.0
90.0,90,438,866.6333345928618,716.4206327777752,7.755538950942392,1.0,1.0
90.0,90,439,531.9916329948592,864.6555885200967,12.311150689306299,4.0,1.0
90.0,90,440,356.1589971725742,876.8509899249804,7.755538950942392,1.0,1.0
90.0,90,441,942.0849575149222,426.01962157663064,9.771366777571922,2.0,1.0
90.0,90,442,501.18753851176336,325.3468481629313,7.755538950942392,1.0,1.0
90.0,90,443,215.7107198572092,745.7636417660217,7.755538950942392,1.0,1.0
90.0,90,445,1051.128369949919,34.240874602183396,7.755538950942392,1.0,1.0
90.0,90,446,324.9594631469557,258.58224427618853,7.755538950942392,1.0,1.0
90.0,90,449,1196.3526978851403,130.6483655544944,7.755538950942392,1.0,1.0
90.0,90,451,1333.4318086665548,511.03173388316645,7.755538950942392,1.0,1.0
90.0,90,453,187.68312277603408,1014.8908759882875,7.755538950942392,1.0,0.9999999999999999
90.0,90,455,853.6752700228119,212.57608856748146,12.311150689306299,4.0,0.9999999999999999
90.0,90,456,313.3540082841418,813.6357451945242,9.77136677757192,2.0,0.9999999999999999
90.0,90,458,1243.2358241876482,171.66779233469768,7.755538950942392,1.0,1.0
90.0,90,459,1312.7571826869946,349.5359057637803,9.77136677757192,2.0,1.0
90.0,90,461,148.62899777427404,60.63493997198145,9.77136677757192,2.0,1.0
90.0,90,462,1098.9664590474551,296.344904140718,7.755538950942392,1.0,1.0
90.0,90,464,1335.915288286329,62.22723068539956,7.755538950942392,1.0,1.0
90.0,90,465,799.8629810290706,181.74987883375854,7.755538950942392,1.0,1.0
90.0,90,466,398.7977698709437,620.8729124911079,9.77136677757192,2.0,1.0
90.0,90,468,1210.7135228876975,914.791690066358,11.185422719499032,3.0,0.9999999999999999
90.0,90,469,1130.5446336989962,888.7734296756466,7.755538950942392,1.0,1.0
90.0,90,470,83.39481592375483,412.9930905340012,7.755538950942392,1.0,1.0
90.0,90,472,306.6046575607672,138.12114055339453,7.755538950942392,1.0,1.0
90.0,90,473,395.0673574576499,910.6228787804729,7.755538950942392,1.0,1.0
90.0,90,474,89.28498478850916,1000.8130836559125,11.185422719499034,3.0,1.0
90.0,90,476,484.9928891608227,138.37002840686924,12.311150689306299,4.0,0.9999999999999999
90.0,90,477,276.18953798699124,937.6748039988053,12.311150689306299,4.0,1.0
90.0,90,479,350.7830883833376,936.8460676742253,7.755538950942392,1.0,1.0
90.0,90,481,588.0014509727401,976.0050222206567,11.185422719499034,3.0,0.9999999999999999
90.0,90,485,1049.553290389698,686.6579025128982,7.755538950942392,1.0,1.0
90.0,90,486,406.4140150901892,129.8220524132562,7.755538950942392,1.0,1.0
90.0,90,487,1070.2887693566397,957.3508841852012,14.09274953626919,6.0,1.0
90.0,90,489,662.4920618524831,150.64875435668856,9.77136677757192,2.0,1.0
90.0,90,490,453.5494995962251,905.7604019674952,9.77136677757192,2.0,1.0
90.0,90,491,656.4626551536086,762.7373937491924,11.185422719499034,3.0,1.0
90.0,90,494,814.5755259379741,757.5774850210831,9.77136677757192,2.0,1.0
90.0,90,496,694.0525303695982,509.1674891048402,9.771366777571922,2.0,1.0
90.0,90,497,1193.0277693214387,774.4187985006091,7.755538950942392,1.0,1.0
90.0,90,498,419.65337992319587,483.21124309147467,7.755538950942392,1.0,1.0
90.0,90,500,536.2056526882665,186.74789783620008,7.755538950942392,1.0,1.0
90.0,90,501,514.6363216205592,990.0352283040439,12.311150689306299,4.0,1.0
90.0,90,503,542.4370596279821,40.739249852494595,13.261785059625712,5.0,1.0
90.0,90,504,992.9464859379214,207.76088741502764,7.755538950942392,1.0,1.0
90.0,90,506,110.00520583139388,745.9253788890525,7.755538950942392,1.0,1.0
90.0,90,507,1338.880652451436,321.2481203486596,7.755538950942392,1.0,1.0
90.0,90,508,1163.7284770811652,518.9442723381239,12.311150689306299,4.0,1.0
90.0,90,509,1067.5253181742053,864.6751212737897,9.77136677757192,2.0,1.0
90.0,90,510,598.1725875911237,215.90345040308634,13.261785059625714,5.0,1.0
90.0,90,511,521.9406891597623,499.82411120173555,9.77136677757192,2.0,1.0
90.0,90,512,190.34069279218707,866.8440235482233,11.185422719499034,3.0,1.0
90.0,90,513,1258.393019705344,588.1452875592034,14.835812298463564,7.0,1.0
90.0,90,516,1223.0388164281676,383.6333014833748,11.185422719499032,3.0,1.0
90.0,90,517,901.1327093715047,835.3968905599488,9.77136677757192,2.0,1.0
90.0,90,518,131.4638306844635,522.4082576548502,12.311150689306299,4.0,1.0
90.0,90,519,823.4484745306097,384.3550759157995,14.09274953626919,6.0,1.0
90.0,90,520,807.161562058354,1020.4279629770695,11.185422719499034,3.0,0.9999999999999999
90.0,90,521,824.1244468432476,53.75754083543156,13.261785059625714,5.0,1.0
90.0,90,522,983.5383593102544,983.2112128819653,7.755538950942392,1.0,1.0
90.0,90,523,977.8259767399497,181.9832618652486,7.755538950942392,1.0,1.0
90.0,90,524,859.6430700995467,880.917598757196,9.77136677757192,2.0,1.0
90.0,90,529,783.8512801648867,567.8397569504514,7.755538950942392,1.0,1.0
90.0,90,530,123.60029997078993,684.321979389601,9.771366777571922,2.0,1.0
90.0,90,533,826.9396920518363,874.1586990404664,9.771366777571922,2.0,0.9999999999999999
90.0,90,535,844.274220912492,136.9409047117324,7.755538950942392,1.0,0.9999999999999999
90.0,90,536,341.3434967289459,488.40363468430775,7.755538950942392,1.0,0.9999999999999999
90.0,90,538,548.0191266977821,451.4413464204252,11.185422719499032,3.0,1.0
90.0,90,539,963.8674335239971,221.50714564291354,7.755538950942392,1.0,0.9999999999999999
90.0,90,540,308.1168223184212,545.4347960062619,7.755538950942392,1.0,1.0
90.0,90,543,906.3633019582234,403.6557032155143,11.185422719499034,3.0,1.0
90.0,90,546,1034.4054796021974,834.85742564309,9.77136677757192,2.0,1.0
90.0,90,547,501.11915691145333,251.07442581697205,7.755538950942392,1.0,1.0
90.0,90,548,894.1544389862813,445.99882853845935,12.311150689306299,4.0,1.0
90.0,90,551,1251.287868016574,770.4566186629243,7.755538950942392,1.0,1.0
90.0,90,555,153.53819830408486,189.65479547020539,11.185422719499032,3.0,0.9999999999999999
90.0,90,556,269.20147536456693,468.38438682382144,7.755538950942392,1.0,1.0
90.0,90,557,598.6756073817693,322.43062647909034,12.311150689306299,4.0,0.9999999999999999
90.0,90,558,232.48935020046284,72.92666543332946,7.755538950942392,1.0,1.0
90.0,90,559,1072.869576762047,85.14226737778415,7.755538950942392,1.0,0.9999999999999999
90.0,90,561,1315.6674004359809,886.9823967352902,7.755538950942392,1.0,0.9999999999999999
90.0,90,562,180.6676977319138,235.48986219453622,11.185422719499032,3.0,1.0
90.0,90,563,442.35858388849044,414.937935716534,7.755538950942392,1.0,0.9999999999999999
90.0,90,564,359.712285122148,453.41325091824973,11.185422719499032,3.0,1.0
90.0,90,565,1215.8031683571567,752.94336757821,7.755538950942392,1.0,0.9999999999999999
90.0,90,568,1109.71337254262,156.60727966360443,7.755538950942392,1.0,0.9999999999999999
90.0,90,569,332.2010106514603,340.03945616242925,7.755538950942392,1.0,1.0
90.0,90,570,1316.918048141518,564.0580838376496,11.185422719499034,3.0,1.0
90.0,90,573,482.7496431744104,958.7150209557875,7.755538950942392,1.0,1.0
90.0,90,574,185.04894680932057,803.5248668844199,7.755538950942392,1.0,0.9999999999999999
90.0,90,575,674.4681228762124,691.1029725559399,7.755538950942392,1.0,1.0
90.0,90,576,816.8178442517845,163.85600214971396,7.755538950942392,1.0,1.0
90.0,90,579,545.4261907968445,271.8797653801382,7.755538950942392,1.0,1.0
90.0,90,581,603.48493521791,833.2888642752259,13.261785059625714,5.0,1.0
90.0,90,582,562.4197500098086,290.1517569349657,9.77136677757192,2.0,1.0
90.0,90,583,1223.5911431455736,256.3820980955475,11.185422719499034,3.0,0.9999999999999999
90.0,90,584,1087.9004336030391,781.4864881132681,7.755538950942392,1.0,0.9999999999999999
90.0,90,586,392.2776143552062,1024.7229757280215,7.755538950942392,1.0,1.0
90.0,90,587,1070.0067063670099,824.4533767949615,9.77136677757192,2.0,1.0
90.0,90,592,877.0669683976419,294.11325571406985,7.755538950942392,1.0,0.9999999999999999
90.0,90,593,685.9293399828191,794.4510731261405,9.77136677757192,2.0,1.0
90.0,90,594,529.9763681692611,901.9186128181577,11.185422719499034,3.0,0.9999999999999999
90.0,90,598,595.4585396455511,446.26034987073257,11.185422719499032,3.0,1.0
90.0,90,600,538.2448003499628,529.4428044520059,11.185422719499034,3.0,0.9999999999999999
90.0,90,602,166.84829049904238,311.7438758184573,7.755538950942392,1.0,1.0
90.0,90,605,798.4312327168097,37.71565524827079,14.09274953626919,6.0,0.9999999999999999
90.0,90,606,1214.5120414080545,634.4557330999828,7.755538950942392,1.0,1.0
90.0,90,607,1168.9225063599467,172.63576165825484,12.311150689306297,4.0,0.9999999999999999
90.0,90,608,939.9219112986975,699.030526449589,9.771366777571922,2.0,1.0
90.0,90,609,1000.5382767398629,855.4280738457704,7.755538950942392,1.0,1.0
90.0,90,611,960.0577702207502,442.75232999527674,9.77136677757192,2.0,1.0
90.0,90,612,349.64974099047936,306.94068897065364,14.09274953626919,6.0,1.0
90.0,90,613,1255.4509246127138,727.656691017106,7.755538950942392,1.0,1.0
90.0,90,614,397.75977428517234,762.4692290310823,12.311150689306299,4.0,1.0
90.0,90,619,634.6633441946358,238.70830602593114,7.755538950942392,1.0,1.0
90.0,90,621,174.8768340416639,40.277624732696545,7.755538950942392,1.0,1.0
90.0,90,622,265.1224882945664,42.19720795248105,7.755538950942392,1.0,1.0
90.0,90,625,578.5652758605206,734.475407249653,7.755538950942392,1.0,1.0
90.0,90,626,895.0828205405757,176.5709463950529,7.755538950942392,1.0,1.0
90.0,90,627,1247.4603954153997,19.3031099062304,12.311150689306299,4.0,1.0
90.0,90,629,805.3532833755856,882.6564350963087,11.185422719499032,3.0,0.9999999999999999
90.0,90,632,403.38433258984173,704.7954773797654,9.771366777571922,2.0,0.9999999999999999
90.0,90,633,1110.6242961207988,90.02139188412565,9.77136677757192,2.0,1.0
90.0,90,634,992.6707650519761,329.2208410837734,7.755538950942392,1.0,1.0
90.0,90,636,678.1264838214523,932.7948837882111,11.185422719499034,3.0,1.0
90.0,90,638,74.51695638765594,230.00193213275418,7.755538950942392,1.0,0.9999999999999999
90.0,90,640,36.00727574460456,453.4376811775222,7.755538950942392,1.0,0.9999999999999999
90.0,90,641,162.79435539982498,923.7290479534691,7.755538950942392,1.0,1.0
90.0,90,646,374.48064286194494,887.0141485786637,11.185422719499032,3.0,1.0
90.0,90,647,172.36966040553847,290.87341759816076,9.771366777571922,2.0,1.0
90.0,90,649,1114.5978500375863,121.94906836189121,9.77136677757192,2.0,1.0
90.0,90,654,1291.008499398189,130.82744613344877,11.185422719499034,3.0,1.0
90.0,90,655,579.2386681038666,701.6237509886881,7.755538950942392,1.0,1.0
90.0,90,658,570.7913694992247,341.73197240045545,14.092749536269185,6.0,1.0
90.0,90,659,1297.7175549662425,968.5951667589349,9.771366777571922,2.0,0.9999999999999999
90.0,90,662,1136.399522826495,963.2892801276147,7.755538950942392,1.0,0.9999999999999999
90.0,90,665,1039.3406778673695,112.22959231688802,11.185422719499032,3.0,1.0
90.0,90,666,1228.5526249072316,1001.5159694440047,12.311150689306299,4.0,1.0
90.0,90,667,195.57097636233794,87.01319026632171,7.755538950942392,1.0,1.0
90.0,90,668,235.47324010681947,949.2818865277706,7.755538950942392,1.0,0.9999999999999999
90.0,90,671,1024.0698379220892,87.27112673823012,7.755538950942392,1.0,1.0
90.0,90,672,804.8692961531384,976.7929729182833,7.755538950942392,1.0,1.0
90.0,90,674,1061.1048236293573,635.0490020349765,7.755538950942392,1.0,1.0
90.0,90,675,398.191018492239,497.4290305020598,7.755538950942392,1.0,1.0
90.0,90,676,1286.3199055286807,866.3819245161698,9.77136677757192,2.0,1.0
90.0,90,678,115.6216273067557,248.09487146773242,9.77136677757192,2.0,1.0
90.0,90,680,873.3152303875684,598.6984701648325,7.755538950942392,1.0,1.0
90.0,90,682,1219.2907051385823,82.18361893883454,7.755538950942392,1.0,0.9999999999999999
90.0,90,684,1306.560841221167,941.1284321304315,11.185422719499034,3.0,1.0
90.0,90,686,890.9837019506168,306.87781037723425,7.755538950942392,1.0,1.0
90.0,90,687,1205.455050376129,283.8311397147237,12.311150689306297,4.0,1.0
90.0,90,688,237.64222741880653,492.2856508626047,7.755538950942392,1.0,1.0
90.0,90,689,434.7562238961288,617.3378929851394,7.755538950942392,1.0,1.0
90.0,90,694,1106.2017895380047,876.8296037442049,7.755538950942392,1.0,0.9999999999999999
90.0,90,698,667.6374384109166,101.87899371687543,7.755538950942392,1.0,1.0
90.0,90,700,443.64042692471696,502.46572494896606,11.185422719499032,3.0,1.0
90.0,90,702,696.3594991149693,32.60905398314576,7.755538950942392,1.0,1.0
90.0,90,704,142.2524562152303,257.7717022935524,9.771366777571922,2.0,1.0
90.0,90,705,411.0146046327398,409.9449156884076,11.185422719499034,3.0,1.0
90.0,90,706,301.51512433760314,201.51878028162332,11.185422719499032,3.0,1.0
90.0,90,707,248.5782368196821,255.2260308946749,11.185422719499032,3.0,1.0
90.0,90,710,818.1597913963341,672.4896464083744,7.755538950942392,1.0,1.0
90.0,90,717,524.1692617385197,653.9344577937717,13.26178505962571,5.0,1.0
90.0,90,718,438.7203808156389,161.22475611647656,7.755538950942392,1.0,1.0
90.0,90,720,632.6907147987753,831.4395457679493,9.77136677757192,2.0,1.0
90.0,90,722,1007.5198963730699,780.0002643943637,11.185422719499032,3.0,0.9999999999999999
90.0,90,723,429.0447851065378,591.3696116030442,11.185422719499032,3.0,1.0
90.0,90,724,892.1898210842637,623.4906947284009,7.755538950942392,1.0,1.0
90.0,90,726,1264.1809389700768,49.49482253468233,9.771366777571922,2.0,1.0
90.0,90,728,1033.7944932897476,387.90319974974204,7.755538950942392,1.0,1.0
90.0,90,729,567.8403044701201,100.30303650835526,9.771366777571922,2.0,1.0
90.0,90,730,684.1291025797669,465.8059574823736,9.77136677757192,2.0,1.0
90.0,90,732,511.56525896145007,157.60645532561037,11.185422719499032,3.0,1.0
90.0,90,733,241.89904090372875,285.1944498225373,12.311150689306297,4.0,1.0
90.0,90,734,1337.5717565000855,20.058022918615443,7.755538950942392,1.0,1.0
90.0,90,735,721.9048981762736,4.478936652104762,7.755538950942392,1.0,1.0
90.0,90,737,1103.8002369463,483.3619912878271,11.185422719499032,3.0,1.0
90.0,90,740,1240.2771350486619,962.5681955868454,7.755538950942392,1.0,1.0
90.0,90,743,743.7858752367792,174.59177756616623,9.77136677757192,2.0,0.9999999999999999
90.0,90,745,1086.6822390997781,500.157591625934,9.77136677757192,2.0,1.0
90.0,90,746,1272.991444821167,385.28194540324216,9.77136677757192,2.0,1.0
90.0,90,747,630.9433896560816,739.4955454140704,9.771366777571922,2.0,1.0
90.0,90,748,1227.324385460475,339.7151451920511,7.755538950942392,1.0,1.0
90.0,90,750,790.0944509623298,247.37937996170095,9.77136677757192,2.0,1.0
90.0,90,752,1307.973394220986,699.7550843674871,9.771366777571922,2.0,0.9999999999999999
90.0,90,753,646.6797969717621,474.2423753091856,9.771366777571922,2.0,1.0
90.0,90,754,546.5409307273264,726.3094850182634,7.755538950942392,1.0,1.0
90.0,90,755,939.0521510280126,129.68617581821775,7.755538950942392,1.0,1.0
90.0,90,757,775.4894014767395,483.84487087217013,9.77136677757192,2.0,1.0
90.0,90,758,647.2852565008736,412.2421893641932,9.77136677757192,2.0,0.9999999999999999
90.0,90,759,53.79577364262308,617.0737014868472,11.185422719499032,3.0,1.0
90.0,90,760,155.25481364830412,1017.7944331687958,11.185422719499034,3.0,1.0
90.0,90,762,994.0752267724444,48.71321627704924,11.185422719499032,3.0,1.0
90.0,90,764,220.82376176484,662.7398528397886,7.755538950942392,1.0,1.0
90.0,90,765,718.8753763624197,471.6725776038987,11.185422719499034,3.0,1.0
90.0,90,766,362.61231581330964,2.450341110624311,9.77136677757192,2.0,1.0
90.0,90,767,350.06327322784483,598.2654469586643,7.755538950942392,1.0,1.0
90.0,90,768,717.1581828959486,642.0904358781706,14.835812298463562,7.0,1.0
90.0,90,769,13.448693196019688,680.9151010638375,12.311150689306299,4.0,1.0
90.0,90,772,1025.5000222488297,915.8363054075136,7.755538950942392,1.0,0.9999999999999999
90.0,90,773,925.1742027198688,659.0127631729812,7.755538950942392,1.0,1.0
90.0,90,774,71.68746900993746,853.2565107579467,11.185422719499034,3.0,1.0
90.0,90,776,1082.0598738289573,151.28138908540245,9.77136677757192,2.0,0.9999999999999999
90.0,90,777,386.01178416517047,327.5100613178044,7.755538950942392,1.0,1.0
90.0,90,780,237.27978172169043,684.9857238447455,11.185422719499032,3.0,0.9999999999999999
90.0,90,781,426.3105468442569,195.7180093135014,7.755538950942392,1.0,0.9999999999999999
90.0,90,782,147.6966111926977,565.5303582112201,11.185422719499032,3.0,1.0
90.0,90,783,170.85967630199778,703.9069834123269,13.26178505962571,5.0,0.9999999999999999
90.0,90,786,484.54584910062414,832.0703544564586,7.755538950942392,1.0,0.9999999999999999
90.0,90,787,738.912395115977,856.2255754397502,11.185422719499032,3.0,1.0
90.0,90,788,1123.207891626894,407.30118140952175,7.755538950942392,1.0,0.9999999999999999
90.0,90,789,394.812971575153,969.0639579087763,11.185422719499034,3.0,0.9999999999999999
90.0,90,790,708.9383636823056,920.7770522046773,9.77136677757192,2.0,0.9999999999999999
90.0,90,791,925.1565515618776,954.0183557987956,12.311150689306299,4.0,1.0
90.0,90,792,559.5543581434077,767.9985160697743,15.511077901884784,8.0,1.0
90.0,90,795,240.28151979038503,838.4170896283719,11.185422719499032,3.0,1.0
90.0,90,796,235.28279619100786,313.92136625026836,7.755538950942392,1.0,1.0
90.0,90,798,1021.8055967170761,465.86343416461494,7.755538950942392,1.0,1.0
90.0,90,799,35.34358454548919,204.79184750060486,7.755538950942392,1.0,1.0
90.0,90,800,341.7861053487594,724.1316103751932,9.77136677757192,2.0,1.0
90.0,90,801,1233.8902285607992,96.36336534696014,7.755538950942392,1.0,1.0
90.0,90,805,718.5828016490569,974.7018318954125,9.77136677757192,2.0,0.9999999999999999
90.0,90,806,382.9358455277769,675.0978771868319,9.771366777571922,2.0,1.0
90.0,90,809,1196.6158895176443,467.8721531184446,9.77136677757192,2.0,1.0
90.0,90,810,1057.4947735389276,148.0892287348012,9.77136677757192,2.0,1.0
90.0,90,811,822.6425883272295,555.8293445505394,15.511077901884784,8.0,1.0
90.0,90,812,44.83011945944565,409.7236907760984,7.755538950942392,1.0,1.0
90.0,90,815,468.45754657165793,574.3222769904803,9.77136677757192,2.0,0.9999999999999999
90.0,90,817,1193.8944229211334,724.66721760179,9.77136677757192,2.0,1.0
90.0,90,818,272.9019089823463,1009.2557015834332,7.755538950942392,1.0,1.0
90.0,90,819,1028.694879814764,945.2366824399597,7.755538950942392,1.0,0.9999999999999999
90.0,90,820,1108.7909892523846,584.0360240786723,7.755538950942392,1.0,1.0
90.0,90,821,1305.266363434032,36.52910815507641,13.261785059625714,5.0,1.0
90.0,90,823,474.5107124567248,693.7332116194103,7.755538950942392,1.0,1.0
90.0,90,824,554.4768750957508,165.44681624778028,7.755538950942392,1.0,1.0
90.0,90,826,983.3044437621303,836.1799922660863,9.771366777571922,2.0,1.0
90.0,90,828,152.02139114713182,818.8968163274506,9.77136677757192,2.0,1.0
90.0,90,829,775.5912658300871,143.90583804666213,9.77136677757192,2.0,1.0
90.0,90,830,439.1123486434562,752.3586443272283,9.771366777571922,2.0,1.0
90.0,90,831,838.7376892666304,609.68479931406,9.771366777571922,2.0,1.0
90.0,90,832,1046.0673111621459,465.6016506292163,11.185422719499034,3.0,1.0
90.0,90,833,453.9247632494917,325.8926273304668,11.185422719499034,3.0,1.0
90.0,90,837,947.4873296683504,637.7663127011722,11.185422719499034,3.0,1.0
90.0,90,838,306.5461085984392,311.4378953129261,7.755538950942392,1.0,1.0
90.0,90,839,966.1868185235054,97.53280261205286,7.755538950942392,1.0,1.0
90.0,90,840,751.8571201469604,677.7010904805235,7.755538950942392,1.0,1.0
90.0,90,841,897.9590236967778,583.4555741785689,11.185422719499032,3.0,1.0
90.0,90,842,41.82200426319997,515.999735887763,7.755538950942392,1.0,1.0
90.0,90,843,937.1390263180621,903.4131504285517,7.755538950942392,1.0,1.0
90.0,90,845,1339.5692489162013,629.1104339140818,7.755538950942392,1.0,0.9999999999999999
90.0,90,846,685.4091649022669,439.1256293408984,9.77136677757192,2.0,1.0
90.0,90,848,588.6573742567558,631.4557886318247,13.261785059625714,5.0,1.0
90.0,90,851,1320.2540542396493,656.8583037670637,13.261785059625714,5.0,1.0
90.0,90,853,478.65248113751727,801.8771238529908,11.185422719499032,3.0,1.0
90.0,90,855,594.7835228115501,594.9119605205425,7.755538950942392,1.0,1.0
90.0,90,857,745.0383855988747,893.6393316234397,9.771366777571922,2.0,1.0
90.0,90,859,895.0063687351487,772.2555060231106,9.771366777571922,2.0,1.0
90.0,90,860,8.810557105706277,259.8141141510973,9.771366777571922,2.0,1.0
90.0,90,861,996.9990142538386,72.49024012954877,7.755538950942392,1.0,1.0
90.0,90,862,305.13544753347816,574.5597407668461,7.755538950942392,1.0,1.0
90.0,90,865,840.6594747796969,112.37593899630482,7.755538950942392,1.0,1.0
90.0,90,866,930.4689649326178,20.27210140659861,9.77136677757192,2.0,1.0
90.0,90,868,1293.8949185752829,804.1512636111868,14.092749536269187,6.0,0.9999999999999999
90.0,90,869,1324.1185546602235,122.77921436861736,11.185422719499034,3.0,1.0
90.0,90,870,227.13257771693736,185.65995212703123,7.755538950942392,1.0,1.0
90.0,90,871,708.7093499553566,756.0514147390224,12.311150689306299,4.0,1.0
90.0,90,872,1039.7244125408918,439.0295559876979,7.755538950942392,1.0,1.0
90.0,90,873,64.68216062128151,388.3536019013619,7.755538950942392,1.0,1.0
90.0,90,877,167.60529448368402,431.8061409756142,7.755538950942392,1.0,1.0
90.0,90,879,710.0156666180811,335.1592826103559,9.771366777571922,2.0,1.0
90.0,90,882,289.40268859620215,635.7315018435402,7.755538950942392,1.0,0.9999999999999999
90.0,90,883,9.160538103401645,149.9150953039037,9.77136677757192,2.0,1.0
90.0,90,884,651.4965253411765,340.87343306563935,9.77136677757192,2.0,1.0
90.0,90,886,83.36551917589955,646.7350804424199,9.77136677757192,2.0,1.0
90.0,90,887,448.4008076966209,242.51195823542318,12.311150689306299,4.0,1.0
90.0,90,890,1271.3063092324714,246.62963552774488,11.185422719499032,3.0,1.0
90.0,90,892,341.1417761163404,47.92985562828355,7.755538950942392,1.0,1.0
90.0,90,894,1188.012015400468,4.645046123634319,11.185422719499034,3.0,1.0
90.0,90,896,232.37954371995008,929.4665758277152,7.755538950942392,1.0,1.0
90.0,90,897,734.4557256104207,582.0661552757146,9.77136677757192,2.0,0.9999999999999999
90.0,90,898,1076.7678348952202,296.815943842884,9.77136677757192,2.0,1.0
90.0,90,899,1194.4783183730685,836.2127413120921,12.311150689306297,4.0,1.0
90.0,90,901,1051.5028438615595,5.425765263554908,11.185422719499032,3.0,1.0
90.0,90,903,285.8972507915278,375.8641764052147,14.835812298463557,7.0,0.9999999999999999
90.0,90,905,708.5155022794689,872.6242564449243,11.185422719499032,3.0,0.9999999999999999
90.0,90,907,1157.037285696344,927.0900377611823,9.771366777571922,2.0,1.0
90.0,90,910,1271.1370195106435,792.0914821749333,9.77136677757192,2.0,1.0
90.0,90,911,330.41755792927387,91.5123498924423,7.755538950942392,1.0,1.0
90.0,90,912,433.7295321742731,895.381867127216,7.755538950942392,1.0,1.0
90.0,90,913,308.9787944257058,734.878017632951,7.755538950942392,1.0,1.0
90.0,90,914,862.8465896828792,374.88198273413474,12.311150689306297,4.0,1.0
90.0,90,915,42.69970734899901,59.518175062336624,7.755538950942392,1.0,1.0
90.0,90,916,835.7101081359516,304.4931258799427,7.755538950942392,1.0,1.0
90.0,90,921,1228.0521779703795,476.95748574725263,7.755538950942392,1.0,0.9999999999999999
90.0,90,924,648.4764177816018,3.155630733719995,9.77136677757192,2.0,1.0
90.0,90,925,897.2740098013578,351.95188881930017,11.185422719499034,3.0,1.0
90.0,90,926,228.0735363632584,92.76383505655615,11.185422719499032,3.0,1.0
90.0,90,927,1265.008164781399,82.85802104046464,14.09274953626919,6.0,1.0
90.0,90,928,524.9130099332165,951.6494030868535,7.755538950942392,1.0,1.0
90.0,90,932,1282.0014404492615,541.9164959797598,11.185422719499032,3.0,0.9999999999999999
90.0,90,933,1024.633054572995,201.0675532970129,7.755538950942392,1.0,1.0
90.0,90,934,317.3025633440246,21.441224426825737,13.261785059625714,5.0,0.9999999999999999
90.0,90,935,298.0264892278384,799.4076684480827,7.755538950942392,1.0,1.0
90.0,90,936,528.6800415003122,401.2270306119538,9.77136677757192,2.0,1.0
90.0,90,937,927.924055783454,1002.2720615003498,9.77136677757192,2.0,1.0
90.0,90,939,1162.5244038443311,137.1680646626505,9.77136677757192,2.0,0.9999999999999999
90.0,90,941,49.606625787724624,952.577921824241,11.185422719499032,3.0,1.0
90.0,90,947,416.9156846272914,73.5596938842263,7.755538950942392,1.0,0.9999999999999999
90.0,90,949,1209.1268905490554,28.80276541447836,11.185422719499032,3.0,1.0
90.0,90,950,384.52378944536525,635.6140555032866,9.77136677757192,2.0,1.0
90.0,90,951,101.73780899778227,320.97701208101864,12.311150689306299,4.0,1.0
90.0,90,952,183.64232260629745,179.30464942323695,7.755538950942392,1.0,1.0
90.0,90,953,589.6455857039738,141.37788486476282,9.77136677757192,2.0,0.9999999999999999
90.0,90,954,1315.7461414384236,203.62028020314133,7.755538950942392,1.0,1.0
90.0,90,955,475.0310259079011,410.57328664497567,9.77136677757192,2.0,1.0
90.0,90,956,1077.6953218469223,612.1698432605021,9.77136677757192,2.0,0.9999999999999999
90.0,90,957,263.12993832157315,536.7080425865822,12.311150689306297,4.0,1.0
90.0,90,959,186.98793508591447,904.0220502355401,9.77136677757192,2.0,1.0
90.0,90,961,279.1563406130038,178.42437762630442,9.77136677757192,2.0,1.0
90.0,90,962,1303.3998903096792,850.7886457271309,12.311150689306299,4.0,1.0
90.0,90,963,390.1879661523552,192.55469742429548,9.77136677757192,2.0,1.0
90.0,90,965,863.7443147267664,479.03769985889977,7.755538950942392,1.0,1.0
90.0,90,969,432.5569968649298,469.9029105680063,9.77136677757192,2.0,1.0
90.0,90,971,1164.0386462897543,819.5104414943614,7.755538950942392,1.0,0.9999999999999999
90.0,90,972,492.219288464031,599.7583097922079,11.185422719499032,3.0,1.0
90.0,90,975,32.33285293870536,720.2855595030788,7.755538950942392,1.0,0.9999999999999999
90.0,90,977,1028.8917621357718,151.86083266549156,7.755538950942392,1.0,1.0
90.0,90,980,339.29470570883336,749.540283372473,7.755538950942392,1.0,1.0
90.0,90,981,990.9067744825962,407.11957812826455,7.755538950942392,1.0,1.0
90.0,90,983,927.9817814997747,529.5610381651667,7.755538950942392,1.0,1.0
90.0,90,985,1249.207991694887,927.2702770207771,12.311150689306299,4.0,0.9999999999999999
90.0,90,986,1157.0662599008137,774.6672715774455,13.261785059625714,5.0,1.0
90.0,90,987,1172.5864921354291,872.8225458615467,7.755538950942392,1.0,1.0
90.0,90,988,1129.9205283152346,608.9876478309515,7.755538950942392,1.0,0.9999999999999999
90.0,90,989,541.2463604446051,936.3086237403544,9.77136677757192,2.0,1.0
90.0,90,995,37.22850665723494,13.399239768170261,14.092749536269185,6.0,0.9999999999999999
90.0,90,996,261.24034758828617,861.6710244753272,9.77136677757192,2.0,0.9999999999999999
90.0,90,998,4.499820339635676,973.6422284925451,7.755538950942392,1.0,0.9999999999999999
90.0,90,999,1069.623342202512,424.85368027829264,7.755538950942392,1.0,1.0
90.0,90,1000,166.4010448977394,875.1148664686887,9.77136677757192,2.0,1.0
95.0,95,1,113.41408462485448,934.7601566177664,7.755538950942392,1.0,1.0
95.0,95,3,954.7508486872335,305.7946733190192,13.261785059625714,5.0,1.0
95.0,95,6,456.7879597549467,99.12908629563994,7.755538950942392,1.0,1.0
95.0,95,8,351.9730802509721,205.00283123893678,16.708802155803774,10.0,1.0
95.0,95,9,1071.4201770401453,405.6352707960925,7.755538950942392,1.0,0.9999999999999999
95.0,95,10,1152.1090835732523,300.17530596340964,7.755538950942392,1.0,1.0
95.0,95,11,850.9722967009545,942.8697889206617,9.77136677757192,2.0,1.0
95.0,95,15,1001.3486820380346,303.25613848127455,7.755538950942392,1.0,1.0
95.0,95,17,194.07039666025238,268.54860680353687,7.755538950942392,1.0,1.0
95.0,95,18,646.6083975009518,651.0814368757115,7.755538950942392,1.0,0.9999999999999999
95.0,95,20,343.5079443865633,959.249917810639,7.755538950942392,1.0,1.0
95.0,95,21,255.43089712259024,85.83179814158485,9.771366777571922,2.0,1.0
95.0,95,22,139.88365890672208,457.84173396083446,9.77136677757192,2.0,0.9999999999999999
95.0,95,23,7.895624990859509,818.6236894999637,11.185422719499034,3.0,1.0
95.0,95,27,527.9628971307903,549.8272700298046,7.755538950942392,1.0,1.0
95.0,95,28,909.1457369143252,898.3145986797927,7.755538950942392,1.0,1.0
95.0,95,29,1102.3784388808328,4.800184187297903,13.261785059625714,5.0,1.0
95.0,95,31,967.425338234295,149.6930060419196,7.755538950942392,1.0,1.0
95.0,95,35,188.75451526960927,753.672407876498,7.755538950942392,1.0,1.0
95.0,95,37,864.8404393623613,912.7370284656762,9.771366777571922,2.0,1.0
95.0,95,38,964.5567155543652,726.791618568426,7.755538950942392,1.0,1.0
95.0,95,39,1333.4347921911258,1006.3178981882886,7.755538950942392,1.0,1.0
95.0,95,40,955.9305990812109,932.4169017561823,9.77136677757192,2.0,1.0
95.0,95,41,433.0160489837547,285.3895764604546,11.185422719499034,3.0,1.0
95.0,95,43,781.1575420236907,826.7065114027416,7.755538950942392,1.0,0.9999999999999999
95.0,95,44,745.2100163956052,57.14862991394236,11.185422719499032,3.0,1.0
95.0,95,45,881.6307976843588,957.4571673805924,7.755538950942392,1.0,1.0
95.0,95,46,1144.8825180885785,349.9214358437275,7.755538950942392,1.0,1.0
95.0,95,51,1322.7822261603221,223.97330708834136,11.185422719499034,3.0,0.9999999999999999
95.0,95,53,136.80765827055296,119.98370252023082,7.755538950942392,1.0,1.0
95.0,95,55,1252.1745697740164,611.9844476691561,7.755538950942392,1.0,1.0
95.0,95,57,1061.517550484612,729.6107677570039,12.311150689306295,4.0,1.0
95.0,95,59,38.2701951948023,144.88467520877248,7.755538950942392,1.0,1.0
95.0,95,60,50.43931141089684,228.52406885944288,9.77136677757192,2.0,1.0
95.0,95,61,885.440064413493,994.745206127347,9.771366777571922,2.0,1.0
95.0,95,62,575.5394432927749,1021.9067478134918,7.755538950942392,1.0,1.0
95.0,95,63,1137.6517566423236,630.9872031505082,7.755538950942392,1.0,1.0
95.0,95,65,701.4285038212346,838.5767283313551,7.755538950942392,1.0,1.0
95.0,95,66,967.5798315910911,1012.6869683768849,9.771366777571922,2.0,1.0
95.0,95,67,1084.9116175080135,251.4117177714736,13.261785059625712,5.0,1.0
95.0,95,68,1241.7818578676763,661.5962372783603,7.755538950942392,1.0,1.0
95.0,95,70,1151.8953816670978,470.78696024152896,7.755538950942392,1.0,1.0
95.0,95,71,772.5048245463677,787.6945291606281,9.771366777571922,2.0,1.0
95.0,95,73,533.5332421569223,305.83153620446507,7.755538950942392,1.0,0.9999999999999999
95.0,95,77,425.71551292672655,829.7733623632176,12.311150689306299,4.0,1.0
95.0,95,78,1109.6532048925494,181.78760174180982,7.755538950942392,1.0,1.0
95.0,95,79,826.7604877546954,232.45765394483283,9.77136677757192,2.0,1.0
95.0,95,80,1014.9567331312088,354.16504814002514,7.755538950942392,1.0,1.0
95.0,95,81,614.9663893415576,9.268743421221945,9.77136677757192,2.0,1.0
95.0,95,83,1190.9710218817168,416.7136238939906,7.755538950942392,1.0,0.9999999999999999
95.0,95,85,122.11494783752845,790.3212778442214,7.755538950942392,1.0,0.9999999999999999
95.0,95,86,1028.0620429927408,514.3742519656195,9.77136677757192,2.0,1.0
95.0,95,87,705.4388129572735,125.51031045749757,7.755538950942392,1.0,1.0
95.0,95,88,71.48770677465771,495.4294788630742,9.77136677757192,2.0,1.0
95.0,95,90,811.3105579217621,413.36631438922547,7.755538950942392,1.0,1.0
95.0,95,92,1094.184538406071,695.5060729218374,7.755538950942392,1.0,1.0
95.0,95,93,286.8987742539055,290.0829959420712,9.77136677757192,2.0,1.0
95.0,95,94,649.7348771326853,890.2629807920241,12.311150689306299,4.0,1.0
95.0,95,97,940.3384044210912,66.30353520739304,12.311150689306297,4.0,0.9999999999999999
95.0,95,100,368.87879929262175,810.8363415295423,7.755538950942392,1.0,1.0
95.0,95,103,215.54482024283652,21.148914501095547,7.755538950942392,1.0,1.0
95.0,95,104,380.88062300406307,584.0985212630864,7.755538950942392,1.0,1.0
95.0,95,107,439.631328360688,136.95910396543763,7.755538950942392,1.0,1.0
95.0,95,110,646.0661606996177,620.2281731051281,7.755538950942392,1.0,1.0
95.0,95,116,1154.143609569604,58.1914806986061,11.185422719499032,3.0,0.9999999999999999
95.0,95,118,278.0424292882667,442.2477885900671,9.77136677757192,2.0,1.0
95.0,95,119,1041.7780721926113,562.9360926518416,11.185422719499032,3.0,1.0
95.0,95,121,105.69743988956658,219.5236627527968,11.185422719499034,3.0,0.9999999999999999
95.0,95,122,850.0538709901224,262.2598599526275,13.261785059625714,5.0,1.0
95.0,95,123,1289.845192712655,589.6425422693223,11.185422719499034,3.0,1.0
95.0,95,125,425.4964195681818,1002.2795995633279,11.185422719499034,3.0,1.0
95.0,95,126,2.0537338727098717,470.0719882076949,7.755538950942392,1.0,1.0
95.0,95,129,786.6962950376691,668.6296151917991,7.755538950942392,1.0,1.0
95.0,95,130,1204.0061358190824,440.78799159547634,7.755538950942392,1.0,1.0
95.0,95,131,1241.933653913547,313.4545386802126,7.755538950942392,1.0,0.9999999999999999
95.0,95,132,1287.3036067932828,176.4810342315246,12.311150689306297,4.0,1.0
95.0,95,134,117.59202848377781,829.9525340225487,9.77136677757192,2.0,1.0
95.0,95,135,1012.1240952021001,596.0904463386786,7.755538950942392,1.0,1.0
95.0,95,138,483.8768482874516,1023.5002938545089,7.755538950942392,1.0,1.0
95.0,95,142,1292.6850151828748,293.93780456440993,7.755538950942392,1.0,0.9999999999999999
95.0,95,143,613.1952647080802,113.75320851508489,14.09274953626919,6.0,1.0
95.0,95,144,1272.8350020364758,971.071530199751,9.77136677757192,2.0,1.0
95.0,95,145,119.81190152930789,869.3346219748912,9.77136677757192,2.0,1.0
95.0,95,146,1058.2625893297836,526.1289752582223,7.755538950942392,1.0,1.0
95.0,95,148,548.5370512915514,152.64927233951173,11.185422719499032,3.0,1.0
95.0,95,149,171.88129847236922,982.1679252221578,7.755538950942392,1.0,1.0
95.0,95,150,702.0855323319172,380.4873809652695,12.311150689306299,4.0,0.9999999999999999
95.0,95,151,467.88436409869223,668.2840080010125,7.755538950942392,1.0,0.9999999999999999
95.0,95,152,1162.355295270508,677.3609653109488,7.755538950942392,1.0,1.0
95.0,95,153,57.09394251266186,546.1406705294313,9.77136677757192,2.0,1.0
95.0,95,156,876.6901043866128,807.4097305005248,7.755538950942392,1.0,1.0
95.0,95,163,76.37468373687649,57.32773682283885,7.755538950942392,1.0,1.0
95.0,95,164,362.39812541980933,72.75686422630775,9.771366777571922,2.0,1.0
95.0,95,165,141.86744190096704,1.9260078344162637,9.771366777571922,2.0,1.0
95.0,95,166,495.2760981922042,89.48417042695412,12.311150689306297,4.0,1.0
95.0,95,170,978.5333100035253,686.8855754017159,7.755538950942392,1.0,1.0
95.0,95,172,823.7730281670242,812.4883267872258,7.755538950942392,1.0,1.0
95.0,95,173,3.424517316159457,61.45124103795262,11.185422719499034,3.0,1.0
95.0,95,174,966.5685456660495,747.4630494691175,9.771366777571922,2.0,0.9999999999999999
95.0,95,175,1329.193994549088,861.7149053763483,9.77136677757192,2.0,1.0
95.0,95,181,473.7469059385334,939.5632746851804,11.185422719499032,3.0,1.0
95.0,95,186,222.2363330157115,620.0015035156086,12.311150689306297,4.0,1.0
95.0,95,187,615.5570340051032,899.5153213965974,7.755538950942392,1.0,1.0
95.0,95,188,596.1284039710367,286.4749201213623,9.771366777571922,2.0,1.0
95.0,95,189,822.009962361301,921.5844482247364,7.755538950942392,1.0,1.0
95.0,95,191,1070.9172881804964,756.5720995283774,11.185422719499032,3.0,1.0
95.0,95,193,353.89911878684194,105.64660989368188,9.771366777571922,2.0,1.0
95.0,95,199,202.57401262216325,544.6005277442666,16.132171110904203,9.0,1.0
95.0,95,201,144.04600923101344,433.590634457067,9.77136677757192,2.0,1.0
95.0,95,208,1037.3532172252962,282.879590271067,9.77136677757192,2.0,0.9999999999999999
95.0,95,210,107.62069316494087,1023.2145340131799,11.185422719499034,3.0,1.0
95.0,95,213,481.2943519954137,749.3789333173554,7.755538950942392,1.0,1.0
95.0,95,214,34.02902234224495,253.00327280287223,7.755538950942392,1.0,0.9999999999999999
95.0,95,215,352.9719343533693,431.4105181835226,9.77136677757192,2.0,1.0
95.0,95,218,679.0186868488724,306.5464409817248,9.77136677757192,2.0,1.0
95.0,95,219,302.13321668289547,104.44040989941377,7.755538950942392,1.0,1.0
95.0,95,220,315.56302565255413,922.9199694581906,12.311150689306299,4.0,1.0
95.0,95,221,105.96978714375066,180.748196259647,12.311150689306299,4.0,1.0
95.0,95,224,562.2650839778701,246.79713638401947,9.771366777571922,2.0,0.9999999999999999
95.0,95,228,893.7905697005415,27.145180404229823,12.311150689306299,4.0,1.0
95.0,95,230,1129.7384192556035,729.0863763172827,7.755538950942392,1.0,1.0
95.0,95,231,736.2946665094603,308.8851876275432,11.185422719499032,3.0,1.0
95.0,95,232,501.4372864167917,232.1593857852201,7.755538950942392,1.0,1.0
95.0,95,238,905.4566226360545,863.5652509344953,7.755538950942392,1.0,1.0
95.0,95,241,1226.038549193187,525.5811018819985,12.311150689306297,4.0,1.0
95.0,95,242,738.7997116377853,26.439919178716053,7.755538950942392,1.0,1.0
95.0,95,243,72.93507491458753,688.8007868903505,7.755538950942392,1.0,1.0
95.0,95,245,729.8258828941842,793.1427188124671,9.77136677757192,2.0,1.0
95.0,95,247,380.7325478284441,217.7811676028558,7.755538950942392,1.0,0.9999999999999999
95.0,95,248,460.61644880524824,191.2406285129052,9.77136677757192,2.0,1.0
95.0,95,250,513.7487890531995,805.0464502122941,7.755538950942392,1.0,0.9999999999999999
95.0,95,255,1337.7072017831417,824.0740138705631,9.77136677757192,2.0,1.0
95.0,95,256,923.5249272843677,727.6192952951847,7.755538950942392,1.0,1.0
95.0,95,257,610.4499667739404,41.70525829003354,7.755538950942392,1.0,1.0
95.0,95,259,744.9316327704837,162.8390164405587,13.26178505962571,5.0,1.0
95.0,95,260,1087.0958487691735,807.7701349785997,7.755538950942392,1.0,1.0
95.0,95,261,254.5642051840991,423.00744722633675,7.755538950942392,1.0,1.0
95.0,95,262,845.7661494340309,986.2227350571952,11.185422719499034,3.0,1.0
95.0,95,263,92.75285808795422,144.66634700740306,11.185422719499034,3.0,1.0
95.0,95,264,937.899491155412,816.6625599789554,7.755538950942392,1.0,1.0
95.0,95,265,1343.6075679774638,438.4056352688278,7.755538950942392,1.0,0.9999999999999999
95.0,95,268,1017.044784833453,227.8236293549762,7.755538950942392,1.0,1.0
95.0,95,269,107.55691361472941,377.4729123329872,11.185422719499032,3.0,0.9999999999999999
95.0,95,270,337.1973994735312,414.00358314537766,9.771366777571922,2.0,1.0
95.0,95,273,621.4431661607747,582.4140537277724,7.755538950942392,1.0,1.0
95.0,95,274,789.1452682540305,846.2507513522235,7.755538950942392,1.0,0.9999999999999999
95.0,95,275,1176.5940700408385,390.4627533148394,7.755538950942392,1.0,1.0
95.0,95,276,1097.0021504235847,532.7025129432169,7.755538950942392,1.0,0.9999999999999999
95.0,95,278,1241.7072465433457,357.40873447520426,13.261785059625714,5.0,1.0
95.0,95,279,128.0145556926763,633.783267420925,13.261785059625714,5.0,0.9999999999999999
95.0,95,280,350.2419113970102,977.3256947972476,7.755538950942392,1.0,1.0
95.0,95,281,1192.4531406379542,550.9592943798698,11.185422719499032,3.0,0.9999999999999999
95.0,95,283,676.9011560288645,597.622724694962,9.77136677757192,2.0,1.0
95.0,95,284,73.87964306163396,803.1727828733359,7.755538950942392,1.0,0.9999999999999999
95.0,95,285,859.7483777314086,643.3385553643573,7.755538950942392,1.0,1.0
95.0,95,286,1134.516463143537,259.68209181727104,7.755538950942392,1.0,0.9999999999999999
95.0,95,287,99.44873052813905,715.386167615168,7.755538950942392,1.0,1.0
95.0,95,289,1244.9209685297712,817.8978155728294,12.311150689306299,4.0,0.9999999999999999
95.0,95,291,506.4408492890852,362.50194579545484,9.771366777571922,2.0,1.0
95.0,95,294,620.8942865157658,430.1987591780835,7.755538950942392,1.0,1.0
95.0,95,295,48.02349777361263,749.3491830022967,12.311150689306297,4.0,1.0
95.0,95,300,351.19463512977,664.4243656033923,9.77136677757192,2.0,1.0
95.0,95,301,1113.43179809631,39.68275322555608,9.77136677757192,2.0,1.0
95.0,95,302,641.3832564453439,988.2621614585307,7.755538950942392,1.0,0.9999999999999999
95.0,95,304,718.8591669553682,407.58410799573414,7.755538950942392,1.0,1.0
95.0,95,306,152.815486147957,595.2469888454606,7.755538950942392,1.0,1.0
95.0,95,307,984.1976362092214,484.3690354148657,12.311150689306297,4.0,1.0
95.0,95,309,817.063459520313,194.7326505279608,7.755538950942392,1.0,1.0
95.0,95,311,694.5211528842228,576.2330775018654,9.77136677757192,2.0,1.0
95.0,95,314,171.33286910621393,146.163619428696,7.755538950942392,1.0,1.0
95.0,95,318,1215.583302059426,602.8822042106372,11.185422719499032,3.0,0.9999999999999999
95.0,95,319,114.71664722525111,996.5062588353616,9.77136677757192,2.0,1.0
95.0,95,320,1245.9664606828942,115.1618573416239,9.77136677757192,2.0,0.9999999999999999
95.0,95,322,866.6072225354786,973.9170428113034,9.77136677757192,2.0,1.0
95.0,95,323,75.00061909544424,433.25503675349194,9.77136677757192,2.0,1.0
95.0,95,325,209.41646873202757,931.1097499830296,7.755538950942392,1.0,1.0
95.0,95,326,199.12990495143328,472.7519791074099,9.77136677757192,2.0,1.0
95.0,95,327,914.885832881576,474.7859654312339,7.755538950942392,1.0,0.9999999999999999
95.0,95,330,409.154233897572,863.2759861928166,9.77136677757192,2.0,1.0
95.0,95,331,133.4891555803803,722.6904939430128,15.511077901884784,8.0,0.9999999999999999
95.0,95,333,628.4820356582695,24.242749222077723,7.755538950942392,1.0,0.9999999999999999
95.0,95,334,1130.419871022395,827.4373342281062,7.755538950942392,1.0,1.0
95.0,95,337,586.664902794868,938.0285967588617,9.77136677757192,2.0,1.0
95.0,95,339,819.3313916920777,89.90013678622707,7.755538950942392,1.0,1.0
95.0,95,340,896.4327667264971,665.597899641098,9.771366777571922,2.0,0.9999999999999999
95.0,95,341,988.823873990762,613.2909404277643,12.311150689306297,4.0,1.0
95.0,95,342,880.6683512872158,137.05377196130448,9.77136677757192,2.0,1.0
95.0,95,343,133.10575754895177,483.7764989321284,7.755538950942392,1.0,0.9999999999999999
95.0,95,344,730.7345197867879,360.6030034948624,7.755538950942392,1.0,1.0
95.0,95,346,1184.0898627135364,633.3368893350386,7.755538950942392,1.0,1.0
95.0,95,348,409.16057148422203,659.5780768762055,7.755538950942392,1.0,1.0
95.0,95,350,1256.2619276596283,157.23973036839087,7.755538950942392,1.0,1.0
95.0,95,354,475.7674903072796,240.75378373064177,7.755538950942392,1.0,1.0
95.0,95,355,98.10675858869324,494.16889564100205,7.755538950942392,1.0,1.0
95.0,95,356,679.9788638672352,1019.4154789614154,7.755538950942392,1.0,1.0
95.0,95,360,679.3088846764007,330.29489339842763,7.755538950942392,1.0,1.0
95.0,95,361,24.279491822410773,628.3122310405975,11.185422719499032,3.0,0.9999999999999999
95.0,95,362,993.5461885619031,700.4894949205859,7.755538950942392,1.0,1.0
95.0,95,363,603.6783279453772,509.53277227234383,7.755538950942392,1.0,1.0
95.0,95,364,1330.0688942016272,418.2694690184444,7.755538950942392,1.0,1.0
95.0,95,365,117.03594608855614,71.53837491915978,7.755538950942392,1.0,1.0
95.0,95,366,843.6531725001157,164.82220035292173,7.755538950942392,1.0,0.9999999999999999
95.0,95,367,1185.9749018715556,995.7098280057284,7.755538950942392,1.0,1.0
95.0,95,368,1330.2290432638943,168.58828729559792,13.261785059625714,5.0,1.0
95.0,95,370,35.34778927625423,996.3237708752816,7.755538950942392,1.0,1.0
95.0,95,371,579.0514054793384,425.5100334454635,9.771366777571922,2.0,1.0
95.0,95,373,874.7393588120236,194.142524817357,7.755538950942392,1.0,1.0
95.0,95,374,872.2246005529206,77.29801654627921,11.185422719499032,3.0,1.0
95.0,95,380,859.7714413459411,18.075406534362777,9.771366777571922,2.0,0.9999999999999999
95.0,95,381,814.384669464821,335.3690251558065,9.77136677757192,2.0,1.0
95.0,95,382,1339.7629017912725,279.01935345194903,9.77136677757192,2.0,0.9999999999999999
95.0,95,383,932.0436647054138,503.4762647599474,9.771366777571922,2.0,1.0
95.0,95,385,698.2707372559437,545.7558384231922,7.755538950942392,1.0,1.0
95.0,95,387,813.5061169214576,259.6594397721846,9.77136677757192,2.0,1.0
95.0,95,388,182.3931547018316,648.8248216264395,7.755538950942392,1.0,1.0
95.0,95,390,366.0244985543026,169.52851243972492,12.311150689306299,4.0,1.0
95.0,95,391,741.8479494295594,502.39473168125414,13.261785059625714,5.0,0.9999999999999999
95.0,95,393,273.0474263486912,899.7505192938492,7.755538950942392,1.0,1.0
95.0,95,396,1043.2869797992184,356.16085876313963,9.77136677757192,2.0,1.0
95.0,95,399,524.5207940028012,618.6990805724618,11.185422719499032,3.0,0.9999999999999999
95.0,95,400,223.77400871484693,379.7425355206045,7.755538950942392,1.0,1.0
95.0,95,403,643.996580758096,538.5084820455209,7.755538950942392,1.0,1.0
95.0,95,405,759.6189370081354,371.37450381017476,12.311150689306297,4.0,1.0
95.0,95,406,258.27106006993756,789.1090125282624,14.092749536269183,6.0,1.0
95.0,95,409,572.3319433890113,873.4727012132709,12.311150689306299,4.0,1.0
95.0,95,410,571.2899805195736,538.7164041420464,9.771366777571922,2.0,1.0
95.0,95,412,750.1402913936745,645.9777848481523,9.77136677757192,2.0,1.0
95.0,95,414,1208.3417584627846,497.42416343218525,7.755538950942392,1.0,1.0
95.0,95,415,1135.645282011465,695.5607717746799,7.755538950942392,1.0,1.0
95.0,95,416,399.1403129243945,731.4096925389306,7.755538950942392,1.0,1.0
95.0,95,417,905.651924873587,520.6527332947285,11.185422719499034,3.0,1.0
95.0,95,418,540.7189256807167,689.2592488493924,9.77136677757192,2.0,0.9999999999999999
95.0,95,419,336.9057269183209,894.8596706370779,9.771366777571922,2.0,0.9999999999999999
95.0,95,420,691.5956139889198,963.4427394487668,7.755538950942392,1.0,0.9999999999999999
95.0,95,421,989.2434439579117,336.7404489160917,9.77136677757192,2.0,1.0
95.0,95,422,154.50323984296347,664.279512851391,7.755538950942392,1.0,1.0
95.0,95,427,545.96763083405,15.290208676273622,9.77136677757192,2.0,0.9999999999999999
95.0,95,428,1060.2683949617078,192.03878814979333,9.77136677757192,2.0,1.0
95.0,95,431,269.9993618556058,584.4578753917082,7.755538950942392,1.0,1.0
95.0,95,432,356.7961655130669,773.7011775648449,9.77136677757192,2.0,1.0
95.0,95,433,291.60664558603736,596.3722429961041,9.77136677757192,2.0,0.9999999999999999
95.0,95,435,888.6924144192523,237.59276163467882,7.755538950942392,1.0,1.0
95.0,95,436,305.200529525777,665.4298217821366,9.77136677757192,2.0,0.9999999999999999
95.0,95,438,863.9669377523098,718.1257145255202,7.755538950942392,1.0,1.0
95.0,95,439,529.6690386511602,863.190366366079,12.311150689306299,4.0,1.0
95.0,95,440,358.21320392243206,875.8298977901815,7.755538950942392,1.0,0.9999999999999999
95.0,95,441,942.4011701135016,426.8441410030922,9.771366777571922,2.0,0.9999999999999999
95.0,95,442,499.9413628834238,328.55605068394044,7.755538950942392,1.0,1.0
95.0,95,443,214.164605380667,747.3502077451643,7.755538950942392,1.0,0.9999999999999999
95.0,95,445,1048.7606893557686,31.44269338669278,7.755538950942392,1.0,1.0
95.0,95,446,324.865206237608,258.99028144992724,7.755538950942392,1.0,0.9999999999999999
95.0,95,449,1197.5183065668227,128.9648438043613,7.755538950942392,1.0,1.0
95.0,95,451,1332.6368163220714,509.5191321090996,7.755538950942392,1.0,1.0
95.0,95,453,188.26716054776696,1013.7382812018698,7.755538950942392,1.0,0.9999999999999999
95.0,95,455,856.6445846109042,211.4839680510256,12.311150689306299,4.0,1.0
95.0,95,456,310.28454876070424,812.7490158402404,9.77136677757192,2.0,0.9999999999999999
95.0,95,458,1241.8751803726864,168.78796797053013,7.755538950942392,1.0,1.0
95.0,95,459,1308.7437602721873,349.7858274975589,9.77136677757192,2.0,1.0
95.0,95,461,149.88346926177937,60.07872582038658,9.77136677757192,2.0,0.9999999999999999
95.0,95,462,1097.8058300153655,296.29817183820126,7.755538950942392,1.0,1.0
95.0,95,464,1337.766184692343,62.40634542303755,7.755538950942392,1.0,1.0
95.0,95,465,801.1059965817201,180.40049408170012,7.755538950942392,1.0,1.0
95.0,95,468,1210.930920268939,913.6463483637748,11.185422719499032,3.0,1.0
95.0,95,469,1132.3241237867078,886.951330596125,7.755538950942392,1.0,1.0
95.0,95,470,85.02111749605238,414.0381449167458,7.755538950942392,1.0,0.9999999999999999
95.0,95,472,307.7207856884276,137.69159264261916,7.755538950942392,1.0,1.0
95.0,95,473,395.6325262855817,910.6463843940385,7.755538950942392,1.0,1.0
95.0,95,474,89.41561998012108,1001.4120536447299,11.185422719499034,3.0,1.0
95.0,95,476,483.50413737899424,138.06766986846708,12.311150689306299,4.0,0.9999999999999999
95.0,95,477,274.98361343663544,939.2886413559827,12.311150689306299,4.0,1.0
95.0,95,479,352.3549750851046,936.565686276109,7.755538950942392,1.0,0.9999999999999999
95.0,95,481,590.2101574958907,977.2144551550622,11.185422719499034,3.0,0.9999999999999999
95.0,95,485,1050.6427855387792,688.732335703447,7.755538950942392,1.0,1.0
95.0,95,486,406.2558576680515,128.39344919520846,7.755538950942392,1.0,1.0
95.0,95,487,1070.6793205000845,957.1002979744292,14.09274953626919,6.0,1.0
95.0,95,489,657.8422196259646,150.5018969091103,9.77136677757192,2.0,1.0
95.0,95,490,451.0451983557969,905.2854490237428,9.77136677757192,2.0,0.9999999999999999
95.0,95,491,654.8042380845076,760.1717089582075,11.185422719499034,3.0,1.0
95.0,95,494,815.6008559693865,757.7837641413729,9.77136677757192,2.0,1.0
95.0,95,496,692.4094209100767,508.54451738788106,9.771366777571922,2.0,0.9999999999999999
95.0,95,497,1190.042974146569,776.3194824087769,7.755538950942392,1.0,1.0
95.0,95,498,416.4327978389043,483.62271217471425,7.755538950942392,1.0,1.0
95.0,95,500,535.8526030964821,188.49857305099124,7.755538950942392,1.0,1.0
95.0,95,501,514.8514522325479,990.5311702095171,12.311150689306299,4.0,1.0
95.0,95,503,541.7387474747139,40.97783965157239,13.261785059625712,5.0,1.0
95.0,95,504,992.8725285562695,208.35633614726,7.755538950942392,1.0,1.0
95.0,95,506,111.1712851894042,745.0727151456583,7.755538950942392,1.0,1.0
95.0,95,507,1339.4191959746863,317.7553318434829,7.755538950942392,1.0,1.0
95.0,95,508,1163.4815851479473,517.2886196351715,12.311150689306299,4.0,1.0
95.0,95,509,1067.5527885598422,866.2485966960052,9.77136677757192,2.0,1.0
95.0,95,510,600.1447854765655,217.07457633632367,13.261785059625714,5.0,1.0
95.0,95,511,520.3774449509989,499.86540023531023,9.77136677757192,2.0,0.9999999999999999
95.0,95,512,192.3623993632204,869.9228994804646,11.185422719499034,3.0,1.0
95.0,95,513,1262.4221280402476,588.5323353846111,14.835812298463564,7.0,0.9999999999999999
95.0,95,516,1224.8424276897738,385.61416996345827,11.185422719499032,3.0,0.9999999999999999
95.0,95,517,901.8821530957089,835.9584757154288,9.77136677757192,2.0,1.0
95.0,95,518,131.56149968219705,522.5607599992745,12.311150689306299,4.0,1.0
95.0,95,519,822.4851565851378,385.57130948937055,14.09274953626919,6.0,1.0
95.0,95,520,808.7511433391559,1019.6949751047302,11.185422719499034,3.0,1.0
95.0,95,521,826.7023906852478,51.8099990887597,13.261785059625714,5.0,1.0
95.0,95,522,983.3714188595466,984.2885944502324,7.755538950942392,1.0,1.0
95.0,95,523,975.9324458212027,184.0159134866538,7.755538950942392,1.0,0.9999999999999999
95.0,95,524,861.519168850574,879.9732436678823,9.77136677757192,2.0,1.0
95.0,95,529,781.3178038880734,567.7320594099621,7.755538950942392,1.0,1.0
95.0,95,530,122.4449777855689,684.5316547257906,9.771366777571922,2.0,1.0
95.0,95,533,827.0686794951954,874.679430958786,9.771366777571922,2.0,1.0
95.0,95,535,844.7784578846939,135.08581372276512,7.755538950942392,1.0,1.0
95.0,95,536,342.2937046335838,490.0756074262222,7.755538950942392,1.0,1.0
95.0,95,538,546.3570203283202,453.1086240489628,11.185422719499032,3.0,1.0
95.0,95,539,964.0138533297469,225.5404628687483,7.755538950942392,1.0,1.0
95.0,95,540,310.22319557828683,544.9700910523381,7.755538950942392,1.0,1.0
95.0,95,543,906.1772192710581,405.25766600954177,11.185422719499034,3.0,0.9999999999999999
95.0,95,546,1035.2368111103483,835.2579956857886,9.77136677757192,2.0,1.0
95.0,95,547,499.6130353694236,251.33374126458216,7.755538950942392,1.0,1.0
95.0,95,548,894.6468475448839,445.09190393074925,12.311150689306299,4.0,0.9999999999999999
95.0,95,551,1251.387931453971,768.8157484789942,7.755538950942392,1.0,1.0
95.0,95,555,153.61541102203927,188.44800049043928,11.185422719499032,3.0,1.0
95.0,95,556,268.6982249004737,469.511973483831,7.755538950942392,1.0,1.0
95.0,95,557,599.7490884662773,321.6187894273316,12.311150689306299,4.0,1.0
95.0,95,559,1072.1228844319419,86.41007335895014,7.755538950942392,1.0,1.0
95.0,95,561,1315.5391862066508,887.0109817144183,7.755538950942392,1.0,1.0
95.0,95,562,183.9712588248735,235.1759650092286,11.185422719499032,3.0,1.0
95.0,95,563,441.48798916162445,413.7600224815395,7.755538950942392,1.0,1.0
95.0,95,564,358.2600801143017,454.47629590846657,11.185422719499032,3.0,1.0
95.0,95,565,1216.6446552911952,753.3652375473553,7.755538950942392,1.0,1.0
95.0,95,568,1109.6308678114656,160.63552254450744,7.755538950942392,1.0,1.0
95.0,95,569,333.01419336656113,341.7256248896403,7.755538950942392,1.0,0.9999999999999999
95.0,95,570,1313.6375095203389,561.9688099439404,11.185422719499034,3.0,0.9999999999999999
95.0,95,573,484.95226332848534,961.968479497051,7.755538950942392,1.0,1.0
95.0,95,574,186.11733923172173,803.9673685543427,7.755538950942392,1.0,1.0
95.0,95,575,674.3414296884597,689.8840511458573,7.755538950942392,1.0,0.9999999999999999
95.0,95,576,817.6548420102764,164.57937454765363,7.755538950942392,1.0,1.0
95.0,95,579,545.2883432803462,271.1540389691996,7.755538950942392,1.0,1.0
95.0,95,581,606.3079803706182,833.9079066814966,13.261785059625714,5.0,1.0
95.0,95,582,562.8075098040331,289.24978866726195,9.77136677757192,2.0,1.0
95.0,95,583,1225.0944668983002,258.02487109026094,11.185422719499034,3.0,0.9999999999999999
95.0,95,584,1086.2366324473626,780.3273053717045,7.755538950942392,1.0,1.0
95.0,95,586,392.801501510038,1023.6274481234149,7.755538950942392,1.0,1.0
95.0,95,587,1071.725280959277,825.8807051689478,9.77136677757192,2.0,1.0
95.0,95,592,877.1899159606589,296.59712126604563,7.755538950942392,1.0,1.0
95.0,95,593,689.3661848951774,795.5774255430392,9.77136677757192,2.0,1.0
95.0,95,594,531.0151203023386,902.4717179186596,11.185422719499034,3.0,1.0
95.0,95,598,597.3553699189623,445.79973419301655,11.185422719499032,3.0,1.0
95.0,95,600,539.0025483369569,529.6990840117932,11.185422719499034,3.0,1.0
95.0,95,602,166.81719011925088,311.5090528951993,7.755538950942392,1.0,1.0
95.0,95,605,797.6514435065868,35.86991960469775,14.09274953626919,6.0,1.0
95.0,95,606,1213.1516946458264,635.1603354178551,7.755538950942392,1.0,1.0
95.0,95,607,1165.981747557421,173.92900641048635,12.311150689306297,4.0,0.9999999999999999
95.0,95,608,939.8184259553174,698.2793183508429,9.771366777571922,2.0,1.0
95.0,95,609,998.5453029475133,858.1325607274416,7.755538950942392,1.0,1.0
95.0,95,611,958.6627985730643,442.43624515562215,9.77136677757192,2.0,1.0
95.0,95,612,349.6590995603361,308.1230793333564,14.09274953626919,6.0,1.0
95.0,95,613,1253.9253952089332,727.8426174486101,7.755538950942392,1.0,1.0
95.0,95,614,399.38629135842626,761.6859610142001,12.311150689306299,4.0,1.0
95.0,95,619,634.2595366610406,241.07991336136826,7.755538950942392,1.0,0.9999999999999999
95.0,95,621,174.68299950927687,39.14948807521352,7.755538950942392,1.0,0.9999999999999999
95.0,95,622,262.3386382422739,40.84278555563328,7.755538950942392,1.0,0.9999999999999999
95.0,95,625,577.1779536993691,737.3023397977043,7.755538950942392,1.0,1.0
95.0,95,626,894.9334521754323,175.86072543645122,7.755538950942392,1.0,1.0
95.0,95,627,1248.4228202205243,21.259282560263443,12.311150689306299,4.0,0.9999999999999999
95.0,95,629,804.925524735671,884.5170686727139,11.185422719499032,3.0,1.0
95.0,95,632,402.2367636852298,703.5134824837605,9.771366777571922,2.0,0.9999999999999999
95.0,95,633,1108.9717068396158,91.53724186459203,9.77136677757192,2.0,1.0
95.0,95,636,679.749585121808,931.022151773746,11.185422719499034,3.0,1.0
95.0,95,638,76.12401302012648,227.66216442554222,7.755538950942392,1.0,1.0
95.0,95,640,36.63161545357695,453.4946146130817,7.755538950942392,1.0,1.0
95.0,95,641,164.11962762767578,922.8273290772709,7.755538950942392,1.0,1.0
95.0,95,646,375.81399238258456,887.2607775729389,11.185422719499032,3.0,0.9999999999999999
95.0,95,647,174.24402930324118,288.7723597870961,9.771366777571922,2.0,1.0
95.0,95,649,1112.221190900408,120.53336610726925,9.77136677757192,2.0,1.0
95.0,95,654,1295.568878345661,130.74551273116407,11.185422719499034,3.0,0.9999999999999999
95.0,95,655,579.6865529069378,700.0810398607042,7.755538950942392,1.0,1.0
95.0,95,658,573.0278154190688,343.6597896516328,14.092749536269185,6.0,1.0
95.0,95,659,1295.3472110350376,966.8730297133635,9.771366777571922,2.0,1.0
95.0,95,662,1133.5687523280212,965.0638922019798,7.755538950942392,1.0,0.9999999999999999
95.0,95,665,1036.7105134306796,110.42433072714587,11.185422719499032,3.0,1.0
95.0,95,666,1226.8474743896943,1002.992396105317,13.261785059625714,5.0,1.0
95.0,95,667,196.32235418441763,85.60737849247829,7.755538950942392,1.0,1.0
95.0,95,668,234.61498918046593,947.8845206271077,7.755538950942392,1.0,1.0
95.0,95,671,1025.1382154127166,87.31431782312221,7.755538950942392,1.0,1.0
95.0,95,672,807.4706836897544,978.4236255447336,7.755538950942392,1.0,0.9999999999999999
95.0,95,674,1058.4543277637415,636.4124592025966,7.755538950942392,1.0,1.0
95.0,95,675,398.2351483458944,499.3611318542891,7.755538950942392,1.0,1.0
95.0,95,676,1285.4068538266015,865.9577489003053,9.77136677757192,2.0,1.0
95.0,95,678,113.30186522860264,248.42226970063166,9.77136677757192,2.0,1.0
95.0,95,680,873.6367018962654,596.0488255255179,7.755538950942392,1.0,1.0
95.0,95,682,1219.0768195536257,81.26054736649992,7.755538950942392,1.0,1.0
95.0,95,684,1308.3245427923207,942.0714052571057,11.185422719499034,3.0,1.0
95.0,95,686,891.8070386640095,304.1619363228596,7.755538950942392,1.0,1.0
95.0,95,687,1204.3209072636935,283.1125425812958,12.311150689306297,4.0,1.0
95.0,95,688,236.25552691789272,491.53391277776336,7.755538950942392,1.0,0.9999999999999999
95.0,95,689,435.28317179231755,618.420943049974,7.755538950942392,1.0,1.0
95.0,95,694,1105.9246572723357,875.5608719476029,7.755538950942392,1.0,1.0
95.0,95,698,668.5256908914538,101.6053002078467,7.755538950942392,1.0,1.0
95.0,95,700,444.3321381434772,505.339854466104,11.185422719499032,3.0,1.0
95.0,95,702,696.2305548649235,33.426636995718056,7.755538950942392,1.0,1.0
95.0,95,704,141.82842409048078,256.7969137221651,9.771366777571922,2.0,1.0
95.0,95,705,409.7999049387875,410.7395967298563,11.185422719499034,3.0,1.0
95.0,95,706,299.73357528046944,203.63930342344932,11.185422719499032,3.0,1.0
95.0,95,707,251.94124830551291,255.25423766175098,11.185422719499032,3.0,1.0
95.0,95,710,819.684623518801,671.2111110329652,7.755538950942392,1.0,1.0
95.0,95,717,522.7423994810978,657.2288020683454,13.26178505962571,5.0,0.9999999999999999
95.0,95,718,435.90448577626324,160.2399159895811,9.771366777571922,2.0,1.0
95.0,95,720,632.568761534396,834.0343747011997,9.77136677757192,2.0,1.0
95.0,95,722,1007.9946546176586,780.699572955931,11.185422719499032,3.0,1.0
95.0,95,723,428.98273900278144,593.890880510205,11.185422719499032,3.0,1.0
95.0,95,724,891.3320614666127,624.521104708513,7.755538950942392,1.0,1.0
95.0,95,726,1264.9873762169163,51.42778068592511,9.771366777571922,2.0,1.0
95.0,95,728,1031.5306948408247,387.398422993542,7.755538950942392,1.0,1.0
95.0,95,729,568.9199336524335,100.62694996951669,9.771366777571922,2.0,1.0
95.0,95,730,683.6982118377223,466.17208937513067,9.77136677757192,2.0,1.0
95.0,95,732,511.52557146153583,155.1825233199066,11.185422719499032,3.0,1.0
95.0,95,733,241.90766141562193,286.63485827551466,12.311150689306297,4.0,1.0
95.0,95,734,1336.9125956265887,20.045730202992303,7.755538950942392,1.0,1.0
95.0,95,735,719.5400970013483,7.270644675388761,7.755538950942392,1.0,0.9999999999999999
95.0,95,737,1104.5157220333615,485.5604636546059,11.185422719499032,3.0,1.0
95.0,95,740,1239.9709508781775,961.7454688937439,7.755538950942392,1.0,1.0
95.0,95,745,1086.2392381400334,498.9134334589531,9.77136677757192,2.0,1.0
95.0,95,746,1274.0230804752734,383.8965632655519,9.77136677757192,2.0,1.0
95.0,95,747,632.4843571216531,741.1603852717236,9.771366777571922,2.0,1.0
95.0,95,748,1227.258562881496,340.10340054540893,7.755538950942392,1.0,1.0
95.0,95,750,790.9073945189562,247.78883299418757,9.77136677757192,2.0,1.0
95.0,95,752,1305.4349784743304,701.6730236281162,9.771366777571922,2.0,0.9999999999999999
95.0,95,753,646.9518215670777,474.15944341463023,9.771366777571922,2.0,1.0
95.0,95,754,546.731523994482,725.7897460457189,7.755538950942392,1.0,1.0
95.0,95,755,938.5704906556791,131.32920704700157,7.755538950942392,1.0,1.0
95.0,95,757,774.8083124043022,484.47114783182644,9.77136677757192,2.0,0.9999999999999999
95.0,95,758,648.8286501161047,411.7802721539704,9.77136677757192,2.0,1.0
95.0,95,759,53.07401740482745,617.3428447955146,11.185422719499032,3.0,1.0
95.0,95,760,155.78261706812916,1016.6187606967229,11.185422719499034,3.0,1.0
95.0,95,762,994.0682940930242,47.32108216382168,11.185422719499032,3.0,1.0
95.0,95,764,221.78946644154263,664.1909357913506,7.755538950942392,1.0,1.0
95.0,95,765,722.727975785438,472.0078876193102,11.185422719499034,3.0,1.0
95.0,95,766,362.7120963710451,1.43679431910921,9.77136677757192,2.0,1.0
95.0,95,767,351.2465166338073,598.5105304379365,7.755538950942392,1.0,1.0
95.0,95,768,717.3183197367672,644.1160211914387,14.835812298463562,7.0,0.9999999999999999
95.0,95,769,12.343159106332704,683.1528312112874,12.311150689306299,4.0,1.0
95.0,95,772,1026.7721103872166,917.2935819198037,7.755538950942392,1.0,0.9999999999999999
95.0,95,773,924.1746649620623,657.928988029777,7.755538950942392,1.0,1.0
95.0,95,774,69.93130467688461,851.7791776036153,11.185422719499034,3.0,1.0
95.0,95,776,1083.048232667184,152.12414041854134,9.77136677757192,2.0,1.0
95.0,95,777,387.83332594245974,326.98382554453894,7.755538950942392,1.0,1.0
95.0,95,780,238.38465450536557,684.9190668581355,11.185422719499032,3.0,1.0
95.0,95,781,427.27435571708844,195.96935918103372,7.755538950942392,1.0,1.0
95.0,95,782,148.26773870945877,567.548380396548,11.185422719499032,3.0,0.9999999999999999
95.0,95,783,170.44650764981168,703.3439380631704,13.26178505962571,5.0,1.0
95.0,95,786,487.0618590482781,829.320420241468,7.755538950942392,1.0,1.0
95.0,95,787,740.1556458097641,856.3123632285607,11.185422719499032,3.0,1.0
95.0,95,788,1121.9276449754504,404.9855654241043,7.755538950942392,1.0,1.0
95.0,95,789,395.5233570299767,969.3338843691569,11.185422719499034,3.0,1.0
95.0,95,790,707.7794592087541,918.153613929541,9.77136677757192,2.0,1.0
95.0,95,791,926.3845341034379,953.6472833607487,12.311150689306299,4.0,1.0
95.0,95,792,558.0102391810202,769.1669194969652,15.511077901884784,8.0,1.0
95.0,95,795,238.03599654381412,838.148923240588,11.185422719499032,3.0,1.0
95.0,95,796,238.86684598799837,314.3111000570849,7.755538950942392,1.0,1.0
95.0,95,798,1019.089121099878,462.66253869899197,7.755538950942392,1.0,0.9999999999999999
95.0,95,799,34.76373293245324,205.2132922536218,7.755538950942392,1.0,1.0
95.0,95,800,344.56811265284955,721.9938927359216,9.77136677757192,2.0,1.0
95.0,95,801,1233.0132039845548,97.57566831159004,7.755538950942392,1.0,1.0
95.0,95,805,718.2421704535116,972.2726545489866,9.77136677757192,2.0,1.0
95.0,95,806,383.32177484758824,677.3814689857081,9.771366777571922,2.0,1.0
95.0,95,809,1193.8694107160113,471.11508255750124,9.77136677757192,2.0,0.9999999999999999
95.0,95,810,1057.0371077499162,147.4321713824558,9.77136677757192,2.0,1.0
95.0,95,811,821.857449190972,554.5268808382864,15.511077901884784,8.0,1.0
95.0,95,812,45.599229591384805,407.1744806061368,7.755538950942392,1.0,1.0
95.0,95,815,469.4014755849554,575.4773940574577,9.77136677757192,2.0,1.0
95.0,95,817,1194.5810821298353,725.7629504175248,9.77136677757192,2.0,1.0
95.0,95,818,270.73605912122133,1007.3061790543261,7.755538950942392,1.0,0.9999999999999999
95.0,95,819,1028.6507700878562,944.930518028116,7.755538950942392,1.0,1.0
95.0,95,820,1107.4079452158862,582.1078156932193,7.755538950942392,1.0,1.0
95.0,95,821,1304.344112469704,37.27397886061633,13.261785059625714,5.0,1.0
95.0,95,823,473.80758130699184,694.330682069314,7.755538950942392,1.0,1.0
95.0,95,826,981.6145933134934,838.3161003295156,9.771366777571922,2.0,1.0
95.0,95,828,149.39777711301403,817.1570321933793,9.77136677757192,2.0,1.0
95.0,95,829,779.3341595497669,143.62030724801087,9.77136677757192,2.0,1.0
95.0,95,830,438.9425552407649,751.2477791511235,9.771366777571922,2.0,1.0
95.0,95,831,836.3424717558262,608.1158190592213,9.771366777571922,2.0,1.0
95.0,95,832,1046.2428974448635,466.47930754493655,11.185422719499034,3.0,1.0
95.0,95,833,457.02199722491616,327.77847751400486,11.185422719499034,3.0,1.0
95.0,95,837,946.7083336302973,640.9534339479194,11.185422719499034,3.0,1.0
95.0,95,838,306.99286525023643,309.33823379470596,7.755538950942392,1.0,1.0
95.0,95,839,965.668859676688,96.97721908233629,7.755538950942392,1.0,1.0
95.0,95,840,749.6829620370129,679.3255794721393,7.755538950942392,1.0,1.0
95.0,95,841,896.6750762009086,584.1896633517985,11.185422719499032,3.0,1.0
95.0,95,842,43.984371269905,515.3030062869123,7.755538950942392,1.0,1.0
95.0,95,843,938.9248339994725,904.1832966887575,7.755538950942392,1.0,0.9999999999999999
95.0,95,845,1338.1176765006664,625.8725707625667,7.755538950942392,1.0,1.0
95.0,95,846,687.7488656493261,439.2772793775199,9.77136677757192,2.0,1.0
95.0,95,848,589.5178851560609,630.0913427431008,13.261785059625714,5.0,1.0
95.0,95,851,1319.724919676806,655.2000450933879,13.261785059625714,5.0,1.0
95.0,95,853,478.7837979232166,798.9935864837685,11.185422719499032,3.0,1.0
95.0,95,855,594.8275970352857,596.530765944904,7.755538950942392,1.0,0.9999999999999999
95.0,95,857,746.0747109686099,893.6544191611891,9.771366777571922,2.0,1.0
95.0,95,859,895.3481123098462,773.0510249517205,9.771366777571922,2.0,1.0
95.0,95,860,8.879735122043366,261.2367313039061,9.771366777571922,2.0,1.0
95.0,95,861,998.0457131418898,72.36827401150256,7.755538950942392,1.0,1.0
95.0,95,862,306.20029675390157,576.5124518756875,7.755538950942392,1.0,1.0
95.0,95,865,838.2914244762114,110.95770896938977,7.755538950942392,1.0,1.0
95.0,95,866,930.7220176220869,19.060291645002465,9.77136677757192,2.0,0.9999999999999999
95.0,95,868,1295.3390151404012,804.3647874920613,14.092749536269187,6.0,1.0
95.0,95,869,1323.7189683617019,122.31161564570156,11.185422719499034,3.0,1.0
95.0,95,870,227.247865163368,187.91972913283126,7.755538950942392,1.0,1.0
95.0,95,871,706.5667033148336,757.4565793308471,12.311150689306299,4.0,1.0
95.0,95,872,1042.1650706559344,439.0395652237602,7.755538950942392,1.0,1.0
95.0,95,873,62.57228663235057,389.38480606197044,7.755538950942392,1.0,1.0
95.0,95,877,169.12520349368225,432.0262208249762,7.755538950942392,1.0,1.0
95.0,95,879,710.9453683543899,336.76859196596195,9.771366777571922,2.0,1.0
95.0,95,882,289.8524841691437,637.4527862337319,7.755538950942392,1.0,0.9999999999999999
95.0,95,883,8.342479056090545,149.1933324650331,9.77136677757192,2.0,0.9999999999999999
95.0,95,884,653.2604391887619,338.33853505940533,9.77136677757192,2.0,1.0
95.0,95,886,83.92617031378622,649.2860801326541,9.77136677757192,2.0,1.0
95.0,95,887,448.3232899413365,240.3676903322808,12.311150689306299,4.0,1.0
95.0,95,890,1270.8491820562522,247.82159997900126,11.185422719499032,3.0,1.0
95.0,95,892,341.8967694635502,45.260693935352336,7.755538950942392,1.0,1.0
95.0,95,894,1186.8138705263198,1.3401592123377286,11.185422719499034,3.0,1.0
95.0,95,896,232.08394122490412,929.3823622952718,7.755538950942392,1.0,0.9999999999999999
95.0,95,897,733.9776900286039,581.5375981351259,9.77136677757192,2.0,1.0
95.0,95,898,1076.5782906947734,298.6682321747772,9.77136677757192,2.0,1.0
95.0,95,899,1194.4902811039485,836.1034816055947,12.311150689306297,4.0,1.0
95.0,95,901,1050.4868013095097,2.0122136006180678,11.185422719499032,3.0,1.0
95.0,95,903,284.2852563622673,374.8209670624605,15.511077901884784,8.0,1.0
95.0,95,905,708.8504665692884,876.71336697781,11.185422719499032,3.0,1.0
95.0,95,907,1156.5432244915992,926.4135298263103,9.771366777571922,2.0,1.0
95.0,95,910,1271.7017019402774,791.693357221912,9.77136677757192,2.0,0.9999999999999999
95.0,95,911,334.7523084059578,91.92990880859094,7.755538950942392,1.0,1.0
95.0,95,912,430.86109232604235,895.0880182727068,7.755538950942392,1.0,1.0
95.0,95,913,308.47163924419044,734.9577506545202,7.755538950942392,1.0,0.9999999999999999
95.0,95,914,864.4723611993195,374.99200254062316,12.311150689306297,4.0,1.0
95.0,95,915,42.46237841218516,60.41148620655534,7.755538950942392,1.0,1.0
95.0,95,916,835.699953374025,301.99391780486917,7.755538950942392,1.0,0.9999999999999999
95.0,95,921,1227.5363234207157,475.35789193746245,7.755538950942392,1.0,1.0
95.0,95,924,648.2284499106759,5.189596556027079,9.77136677757192,2.0,0.9999999999999999
95.0,95,925,896.5157287662635,352.59330391353006,12.311150689306299,4.0,1.0
95.0,95,926,229.4295751774209,85.53079757706006,12.311150689306297,4.0,1.0
95.0,95,927,1263.0459757590727,83.3910971967953,14.09274953626919,6.0,0.9999999999999999
95.0,95,928,523.9586844404528,951.0062629730371,7.755538950942392,1.0,1.0
95.0,95,932,1282.9304846286236,540.3306701731094,11.185422719499032,3.0,0.9999999999999999
95.0,95,933,1027.0858988856226,201.38712263085242,7.755538950942392,1.0,1.0
95.0,95,934,317.9167466821067,19.90627169852755,13.261785059625714,5.0,1.0
95.0,95,935,296.709794769281,797.4544369003935,7.755538950942392,1.0,1.0
95.0,95,936,529.1938214281661,400.8311414670483,9.77136677757192,2.0,1.0
95.0,95,937,927.2884472705813,1003.852366854276,9.77136677757192,2.0,1.0
95.0,95,939,1163.6038484017968,135.91363684991828,9.77136677757192,2.0,1.0
95.0,95,941,51.545643385269,951.1242403709815,11.185422719499032,3.0,1.0
95.0,95,947,418.18655598062645,73.39903987889211,7.755538950942392,1.0,1.0
95.0,95,949,1209.140350216932,28.87596764093989,11.185422719499032,3.0,1.0
95.0,95,950,388.43422897171877,627.8252391484157,13.261785059625712,5.0,0.9999999999999999
95.0,95,951,102.4119414908755,320.2241698694515,12.311150689306299,4.0,1.0
95.0,95,952,184.8888022050872,178.52441627687654,7.755538950942392,1.0,1.0
95.0,95,953,589.9631838477698,139.04225706237213,9.77136677757192,2.0,1.0
95.0,95,954,1314.5474236624723,200.93378363942463,7.755538950942392,1.0,0.9999999999999999
95.0,95,955,472.0712208248003,409.40153035745317,9.77136677757192,2.0,0.9999999999999999
95.0,95,956,1078.20108597834,612.8197416853595,9.77136677757192,2.0,0.9999999999999999
95.0,95,957,263.84157356661115,536.7988971220253,12.311150689306297,4.0,1.0
95.0,95,959,187.8764734909516,906.5249158446742,9.77136677757192,2.0,1.0
95.0,95,961,280.0694575310866,176.86930062506974,9.77136677757192,2.0,1.0
95.0,95,962,1303.2641582306287,850.7180050173743,12.311150689306299,4.0,1.0
95.0,95,963,389.7242224258697,190.8543366396677,9.77136677757192,2.0,0.9999999999999999
95.0,95,965,863.4741374394662,479.95890588696614,7.755538950942392,1.0,0.9999999999999999
95.0,95,969,434.5084058657921,470.15535358834944,9.77136677757192,2.0,1.0
95.0,95,971,1163.4751687955688,819.7252814666053,7.755538950942392,1.0,1.0
95.0,95,972,490.8940459394893,599.3751333556528,11.185422719499032,3.0,1.0
95.0,95,975,33.563280695393416,720.4979569349911,7.755538950942392,1.0,0.9999999999999999
95.0,95,977,1028.229347344293,152.84751710143541,7.755538950942392,1.0,0.9999999999999999
95.0,95,980,340.36699242380683,752.5586568732103,7.755538950942392,1.0,1.0
95.0,95,981,991.0815377677352,406.1604124164853,7.755538950942392,1.0,1.0
95.0,95,983,927.0240529755177,533.5278341993585,7.755538950942392,1.0,1.0
95.0,95,985,1249.6356370144806,931.5296138665066,12.311150689306299,4.0,0.9999999999999999
95.0,95,986,1158.1132660579542,772.9941057536456,13.261785059625714,5.0,1.0
95.0,95,987,1171.3747076509335,871.8774145224285,7.755538950942392,1.0,1.0
95.0,95,988,1128.189409089328,608.8168187727418,7.755538950942392,1.0,1.0
95.0,95,989,541.5895411350488,937.1826486202767,9.77136677757192,2.0,1.0
95.0,95,995,39.44529865435121,13.039848384364987,14.092749536269185,6.0,1.0
95.0,95,996,261.1959209224269,861.6108026751826,9.77136677757192,2.0,0.9999999999999999
95.0,95,998,4.756016807669868,972.1756311825378,7.755538950942392,1.0,1.0
95.0,95,999,1069.8657532418154,425.01296804585513,7.755538950942392,1.0,1.0
95.0,95,1000,168.10241520006056,872.251847722196,9.77136677757192,2.0,1.0
96.0,96,1,112.62279721770796,935.3716010055003,7.755538950942392,1.0,1.0
96.0,96,3,953.9940328588374,306.4483015022312,13.261785059625714,5.0,0.9999999999999999
96.0,96,6,456.6416987032266,98.13984026721741,7.755538950942392,1.0,0.9999999999999999
96.0,96,8,352.8881769124267,204.59959669156427,16.708802155803774,10.0,0.9999999999999999
96.0,96,9,1071.6833107248563,404.6705114147075,7.755538950942392,1.0,0.9999999999999999
96.0,96,10,1151.6873351133777,301.0820188378045,7.755538950942392,1.0,1.0
96.0,96,11,851.0074331131974,943.8691714462917,9.77136677757192,2.0,1.0
96.0,96,15,1002.3323516721789,303.4361219551335,7.755538950942392,1.0,1.0
96.0,96,17,194.93865286415897,269.0447228830764,7.755538950942392,1.0,1.0
96.0,96,18,646.962485239275,650.1462246679376,7.755538950942392,1.0,0.9999999999999999
96.0,96,20,344.0844658408063,960.0669998216988,7.755538950942392,1.0,1.0
96.0,96,21,256.4278970028946,85.75439504944353,9.771366777571922,2.0,1.0
96.0,96,22,139.63157810990913,458.80944015171997,9.77136677757192,2.0,1.0
96.0,96,23,7.0341844608188,818.1158310421201,11.185422719499034,3.0,0.9999999999999999
96.0,96,27,528.3906558326147,548.9233770643416,7.755538950942392,1.0,1.0
96.0,96,28,908.6524901678093,897.4447092344885,7.755538950942392,1.0,0.9999999999999999
96.0,96,29,1101.421788569612,5.091423233514478,13.261785059625714,5.0,0.9999999999999999
96.0,96,31,966.5606641994962,149.19067267298558,7.755538950942392,1.0,1.0
96.0,96,35,189.6494106726283,754.1186838198956,7.755538950942392,1.0,1.0
96.0,96,37,864.8703470730146,911.7374758013091,9.771366777571922,2.0,1.0
96.0,96,38,964.0509372758286,727.654282079281,7.755538950942392,1.0,1.0
96.0,96,39,1332.552023988033,1006.7877069787643,7.755538950942392,1.0,1.0
96.0,96,40,956.6729750533691,933.0868852753542,9.77136677757192,2.0,1.0
96.0,96,41,432.29264723325247,286.08000379723256,11.185422719499034,3.0,0.9999999999999999
96.0,96,43,782.062358264159,827.1323136702142,7.755538950942392,1.0,1.0
96.0,96,44,744.264604139104,56.82275315003113,11.185422719499032,3.0,1.0
96.0,96,45,880.743721848179,956.9955436584268,7.755538950942392,1.0,0.9999999999999999
96.0,96,46,1143.9906797423725,349.46908159732686,7.755538950942392,1.0,1.0
96.0,96,51,1323.2064422686258,224.8788680710784,11.185422719499034,3.0,1.0
96.0,96,53,135.882467368099,120.36320455450259,7.755538950942392,1.0,0.9999999999999999
96.0,96,55,1251.1785969638781,611.8947918747801,7.755538950942392,1.0,1.0
96.0,96,57,1062.3280086891245,730.1965642222872,12.311150689306295,4.0,0.9999999999999999
96.0,96,59,39.154068074555795,144.41694801003771,7.755538950942392,1.0,1.0
96.0,96,60,50.45213967847771,229.52398657383284,9.77136677757192,2.0,0.9999999999999999
96.0,96,61,885.7407057945127,993.7914688679205,9.771366777571922,2.0,1.0
96.0,96,62,575.4773710481294,1020.9086761545191,7.755538950942392,1.0,1.0
96.0,96,63,1136.6593494962735,630.8642069860597,7.755538950942392,1.0,0.9999999999999999
96.0,96,65,700.7184535217416,839.2808792897368,7.755538950942392,1.0,0.9999999999999999
96.0,96,66,968.5560486592864,1012.4701729992493,9.771366777571922,2.0,0.9999999999999999
96.0,96,67,1083.9378017072445,251.1843792877698,13.261785059625712,5.0,1.0
96.0,96,68,1240.7878520157492,661.4869103999877,7.755538950942392,1.0,0.9999999999999999
96.0,96,70,1151.9657543403341,469.7894394713885,7.755538950942392,1.0,1.0
96.0,96,71,771.5053389669495,787.6624577319877,9.771366777571922,2.0,1.0
96.0,96,73,533.9715476650603,304.93271014702356,7.755538950942392,1.0,1.0
96.0,96,77,425.62008368587055,830.7687985791499,12.311150689306299,4.0,1.0
96.0,96,78,1108.9957434696707,182.54108994837063,7.755538950942392,1.0,1.0
96.0,96,79,826.4895712148739,233.42025678528736,9.77136677757192,2.0,1.0
96.0,96,80,1014.2494517303651,353.4581160216287,7.755538950942392,1.0,1.0
96.0,96,81,613.9970167361193,9.514338111363863,9.77136677757192,2.0,0.9999999999999999
96.0,96,83,1190.403733614793,417.53714318472447,7.755538950942392,1.0,1.0
96.0,96,85,123.08877618452898,790.0939931096302,7.755538950942392,1.0,1.0
96.0,96,86,1028.5469454927234,515.2488201822331,9.77136677757192,2.0,1.0
96.0,96,87,704.7223246583649,126.20790956696301,7.755538950942392,1.0,0.9999999999999999
96.0,96,88,70.60091151041236,494.96731638156797,9.77136677757192,2.0,1.0
96.0,96,90,811.4592322959146,414.35520059626367,7.755538950942392,1.0,1.0
96.0,96,92,1095.184425306739,695.4910334447125,7.755538950942392,1.0,0.9999999999999999
96.0,96,93,287.71053969967977,289.499012328391,9.77136677757192,2.0,1.0
96.0,96,94,650.6482375208863,890.6701328536243,12.311150689306299,4.0,1.0
96.0,96,97,941.3346408946238,66.21685828541575,12.311150689306297,4.0,1.0
96.0,96,100,369.69861006228746,810.263707002169,7.755538950942392,1.0,1.0
96.0,96,103,216.01375302527174,20.26568064443155,7.755538950942392,1.0,1.0
96.0,96,104,379.94880408172315,583.7355977229718,7.755538950942392,1.0,1.0
96.0,96,107,438.9195848735147,136.25666449582732,7.755538950942392,1.0,0.9999999999999999
96.0,96,110,645.1951682040415,620.7194694237077,7.755538950942392,1.0,1.0
96.0,96,116,1154.926000125305,58.81426879928711,11.185422719499032,3.0,1.0
96.0,96,118,277.50564706336576,441.40406775766434,9.77136677757192,2.0,1.0
96.0,96,119,1042.5933799734169,563.5151204772161,11.185422719499032,3.0,1.0
96.0,96,121,106.62013207210374,219.90920021697482,11.185422719499034,3.0,0.9999999999999999
96.0,96,122,850.9820561899313,261.8877413762896,13.261785059625714,5.0,1.0
96.0,96,123,1290.350357344541,588.7795192715456,11.185422719499034,3.0,1.0
96.0,96,125,425.4289429534617,1003.2773204193121,11.185422719499034,3.0,1.0
96.0,96,126,1.0608416428446703,469.9529713186694,7.755538950942392,1.0,1.0
96.0,96,129,786.6870640129375,669.6295725849826,7.755538950942392,1.0,1.0
96.0,96,130,1203.9920196424594,441.7878919572912,7.755538950942392,1.0,1.0
96.0,96,131,1242.3258774400176,312.5346687408826,7.755538950942392,1.0,1.0
96.0,96,132,1288.2954354538454,176.3534571642808,12.311150689306297,4.0,1.0
96.0,96,134,117.83216530322667,828.981794970102,9.77136677757192,2.0,1.0
96.0,96,135,1011.3879255376598,595.4136493047328,7.755538950942392,1.0,0.9999999999999999
96.0,96,138,483.05185579075624,1022.9351501733123,7.755538950942392,1.0,1.0
96.0,96,142,1292.5357748264594,294.92660551304266,7.755538950942392,1.0,1.0
96.0,96,143,614.1089216863048,113.34672244380874,14.09274953626919,6.0,1.0
96.0,96,144,1272.0127314464867,970.5024334796419,9.77136677757192,2.0,0.9999999999999999
96.0,96,145,120.74998924592673,868.9882241747699,9.77136677757192,2.0,1.0
96.0,96,146,1059.0229669361493,526.7784565094818,7.755538950942392,1.0,1.0
96.0,96,148,547.6556137633397,152.1769717108227,11.185422719499032,3.0,0.9999999999999999
96.0,96,149,171.35992676752403,983.0212549036918,7.755538950942392,1.0,1.0
96.0,96,150,702.5856481574287,381.3533394868356,12.311150689306299,4.0,1.0
96.0,96,151,468.75516880735796,667.7923789138283,7.755538950942392,1.0,1.0
96.0,96,152,1163.2950042181722,677.0189900286847,7.755538950942392,1.0,1.0
96.0,96,153,57.990094290911465,546.5844181945971,9.77136677757192,2.0,1.0
96.0,96,156,877.5125565201255,807.9785648244545,7.755538950942392,1.0,1.0
96.0,96,163,75.5744559071275,56.72804071605207,7.755538950942392,1.0,1.0
96.0,96,164,361.53282489622114,73.258117659092,9.771366777571922,2.0,0.9999999999999999
96.0,96,165,141.09978168175138,2.5668649072755487,9.771366777571922,2.0,1.0
96.0,96,166,496.14810515198457,88.99467695192652,12.311150689306297,4.0,1.0
96.0,96,170,979.3714177312771,687.4310801557582,7.755538950942392,1.0,1.0
96.0,96,172,823.3059453346391,813.3725403517514,7.755538950942392,1.0,0.9999999999999999
96.0,96,173,2.856492927841725,60.628229316118556,11.185422719499034,3.0,1.0
96.0,96,174,966.1964970859815,748.3912627280561,9.771366777571922,2.0,1.0
96.0,96,175,1328.8187182530703,860.7879923806214,9.77136677757192,2.0,1.0
96.0,96,181,474.7427424091464,939.4721169987401,11.185422719499032,3.0,0.9999999999999999
96.0,96,186,222.37248852994264,619.0108160391841,12.311150689306297,4.0,1.0
96.0,96,187,614.7110687442355,900.0485594085629,7.755538950942392,1.0,1.0
96.0,96,188,595.1311109266215,286.40139064726503,9.771366777571922,2.0,1.0
96.0,96,189,821.6277866035077,922.5085378795617,7.755538950942392,1.0,1.0
96.0,96,191,1070.9133894199142,757.5720919281815,11.185422719499032,3.0,1.0
96.0,96,193,352.8999609307246,105.68764132747388,9.771366777571922,2.0,1.0
96.0,96,199,203.22695672755168,543.8431216476193,16.132171110904203,9.0,1.0
96.0,96,201,143.4384242840076,434.3848891593961,9.77136677757192,2.0,1.0
96.0,96,208,1037.4019367065748,283.87840277206203,9.77136677757192,2.0,1.0
96.0,96,210,106.68704789522755,1023.5727329946719,11.185422719499034,3.0,1.0
96.0,96,213,480.51858459445504,748.7479143480606,7.755538950942392,1.0,1.0
96.0,96,214,34.243244334490036,252.02648780194392,7.755538950942392,1.0,0.9999999999999999
96.0,96,215,353.0391998255019,430.41278307024913,9.77136677757192,2.0,0.9999999999999999
96.0,96,218,678.0530855360701,306.8064681047607,9.77136677757192,2.0,1.0
96.0,96,219,303.03234786261777,104.0027306542454,7.755538950942392,1.0,1.0
96.0,96,220,315.65255112762367,923.9159539908585,12.311150689306299,4.0,1.0
96.0,96,221,106.73909199857033,181.38707812693616,12.311150689306299,4.0,1.0
96.0,96,224,561.3496682094922,247.1996459752159,9.771366777571922,2.0,1.0
96.0,96,228,892.8783989018591,26.735370162738416,12.311150689306299,4.0,1.0
96.0,96,230,1129.4769882968399,730.0515984957473,7.755538950942392,1.0,1.0
96.0,96,231,735.5522747612414,309.5551536656201,11.185422719499032,3.0,1.0
96.0,96,232,502.4232386551139,232.32641327920675,7.755538950942392,1.0,1.0
96.0,96,238,904.9805610949876,864.4446629022993,7.755538950942392,1.0,1.0
96.0,96,241,1225.683523332147,524.6462454021083,12.311150689306297,4.0,1.0
96.0,96,242,739.7161608049236,26.84007030523148,7.755538950942392,1.0,1.0
96.0,96,243,73.06306859849705,689.7925618733377,7.755538950942392,1.0,1.0
96.0,96,245,730.6791931864121,793.6641222504861,9.77136677757192,2.0,1.0
96.0,96,247,380.37155128227755,216.8486004504985,7.755538950942392,1.0,1.0
96.0,96,248,460.26466940629444,192.1767114443123,9.77136677757192,2.0,0.9999999999999999
96.0,96,250,514.0874484154176,805.9873592601739,7.755538950942392,1.0,1.0
96.0,96,255,1337.265400056378,823.176901149536,9.77136677757192,2.0,1.0
96.0,96,256,924.2209607469981,726.9012859506084,7.755538950942392,1.0,1.0
96.0,96,257,610.4377205401538,42.70518330210097,7.755538950942392,1.0,1.0
96.0,96,259,744.3246949340484,163.63376574864472,13.26178505962571,5.0,1.0
96.0,96,260,1086.1597338287077,808.121829189864,7.755538950942392,1.0,1.0
96.0,96,261,253.82924852449543,423.6855613085561,7.755538950942392,1.0,1.0
96.0,96,262,844.8028716334694,985.9542282994676,11.185422719499034,3.0,1.0
96.0,96,263,91.75324181690978,144.63864663442382,11.185422719499034,3.0,1.0
96.0,96,264,936.9651328579247,817.0188948943322,7.755538950942392,1.0,1.0
96.0,96,265,0.5869546098733736,438.2036406544008,7.755538950942392,1.0,1.0
96.0,96,268,1016.0466702208556,227.8850070391913,7.755538950942392,1.0,1.0
96.0,96,269,106.83133615263678,376.78477183388605,11.185422719499032,3.0,0.9999999999999999
96.0,96,270,336.8076870891682,413.08264652569414,9.771366777571922,2.0,1.0
96.0,96,273,621.7537758323604,583.364591276698,7.755538950942392,1.0,1.0
96.0,96,274,789.4113105853584,845.2867900055182,7.755538950942392,1.0,1.0
96.0,96,275,1177.5939122522955,390.4449895261511,7.755538950942392,1.0,1.0
96.0,96,276,1096.2560595165035,532.0366688485741,7.755538950942392,1.0,0.9999999999999999
96.0,96,278,1242.2066713914328,356.5423772618602,13.261785059625714,5.0,1.0
96.0,96,279,128.95309375754127,633.4380916674319,13.261785059625714,5.0,1.0
96.0,96,280,350.95494690001294,978.0268227252733,7.755538950942392,1.0,1.0
96.0,96,281,1193.234004876123,550.3345936182654,11.185422719499032,3.0,1.0
96.0,96,283,676.2894900718775,596.831608548582,9.77136677757192,2.0,0.9999999999999999
96.0,96,284,73.95436830986336,802.1755787130572,7.755538950942392,1.0,1.0
96.0,96,285,860.6163681816864,643.8351362522562,7.755538950942392,1.0,1.0
96.0,96,286,1133.5170623133495,259.64747996062744,7.755538950942392,1.0,0.9999999999999999
96.0,96,287,100.33337691203121,715.8524301758208,7.755538950942392,1.0,0.9999999999999999
96.0,96,289,1244.8046188475828,818.8910238850452,12.311150689306299,4.0,1.0
96.0,96,291,505.7653637891751,363.2393190655232,9.771366777571922,2.0,1.0
96.0,96,294,620.2748589138439,430.9838129634876,7.755538950942392,1.0,1.0
96.0,96,295,48.883342116087185,749.8597392741361,12.311150689306297,4.0,1.0
96.0,96,300,350.36007810603104,663.8734440353556,9.77136677757192,2.0,1.0
96.0,96,301,1113.222485509127,40.660602007754385,9.77136677757192,2.0,1.0
96.0,96,302,640.9214922165182,989.1491641625722,7.755538950942392,1.0,1.0
96.0,96,304,719.5871594002188,406.8985228440276,7.755538950942392,1.0,1.0
96.0,96,306,153.09938336255715,594.2881341267768,7.755538950942392,1.0,1.0
96.0,96,307,983.3312693388411,484.86844351042237,12.311150689306297,4.0,0.9999999999999999
96.0,96,309,818.0634174217844,194.7234747290809,7.755538950942392,1.0,1.0
96.0,96,311,693.5235794028384,576.1634560307613,9.77136677757192,2.0,0.9999999999999999
96.0,96,314,172.2897677663908,145.8731974010333,7.755538950942392,1.0,0.9999999999999999
96.0,96,318,1215.4088076805526,601.8975460406402,11.185422719499032,3.0,1.0
96.0,96,319,114.38285778757208,997.4489064955686,9.77136677757192,2.0,0.9999999999999999
96.0,96,320,1245.038024355138,114.79036577334456,9.77136677757192,2.0,1.0
96.0,96,322,867.44028090545,974.470227908916,9.77136677757192,2.0,1.0
96.0,96,323,75.75545275116711,432.599120484302,9.77136677757192,2.0,1.0
96.0,96,325,210.0863143068576,931.8522504247,7.755538950942392,1.0,1.0
96.0,96,326,200.09623198467918,472.4946620562489,9.77136677757192,2.0,1.0
96.0,96,327,915.0140462779764,473.79421882802137,7.755538950942392,1.0,1.0
96.0,96,330,408.2836400202096,863.7679885309199,9.77136677757192,2.0,1.0
96.0,96,331,132.53486201046914,722.9893647887409,15.511077901884784,8.0,1.0
96.0,96,333,628.832852900211,25.17919316741376,7.755538950942392,1.0,1.0
96.0,96,334,1130.7398642411094,828.3847540611141,7.755538950942392,1.0,1.0
96.0,96,337,587.4139662490178,938.6910950167138,9.77136677757192,2.0,1.0
96.0,96,339,820.3032025205356,90.13589877148331,7.755538950942392,1.0,1.0
96.0,96,340,895.496679862337,665.9496685748414,9.771366777571922,2.0,1.0
96.0,96,341,989.1262668590025,612.3377570491654,12.311150689306297,4.0,1.0
96.0,96,342,879.9072988181832,137.7024622875614,9.77136677757192,2.0,1.0
96.0,96,343,133.28843908668023,484.75967107156947,7.755538950942392,1.0,1.0
96.0,96,344,729.7964784168582,360.25648020805414,7.755538950942392,1.0,0.9999999999999999
96.0,96,346,1183.7461353017536,632.3978198666875,7.755538950942392,1.0,0.9999999999999999
96.0,96,348,409.5933312935208,658.6765676153237,7.755538950942392,1.0,1.0
96.0,96,350,1257.0439803449083,157.86294268971199,7.755538950942392,1.0,1.0
96.0,96,354,476.38538081137324,241.5400478878758,7.755538950942392,1.0,1.0
96.0,96,355,97.92864718677247,493.18488531153093,7.755538950942392,1.0,1.0
96.0,96,356,679.944948014492,1020.4149036533921,7.755538950942392,1.0,1.0
96.0,96,360,679.722651015319,331.20527651381263,7.755538950942392,1.0,1.0
96.0,96,361,25.004666122512035,627.6236656954975,11.185422719499032,3.0,1.0
96.0,96,362,994.5244113500145,700.6970525675656,7.755538950942392,1.0,1.0
96.0,96,363,603.9251804988979,508.56371922074123,7.755538950942392,1.0,1.0
96.0,96,364,1330.7191972420121,417.5097941171437,7.755538950942392,1.0,1.0
96.0,96,365,116.09100790672694,71.86562380383523,7.755538950942392,1.0,0.9999999999999999
96.0,96,366,843.1403698467458,163.96369383652433,7.755538950942392,1.0,1.0
96.0,96,367,1186.0417189416007,994.7120627632236,7.755538950942392,1.0,1.0
96.0,96,368,1330.7252664638618,167.72009230838935,13.261785059625714,5.0,1.0
96.0,96,370,36.333680492785746,996.4911581781633,7.755538950942392,1.0,1.0
96.0,96,371,578.6509777429973,426.4263617861627,9.771366777571922,2.0,1.0
96.0,96,373,875.1733650682105,195.04343467388577,7.755538950942392,1.0,1.0
96.0,96,374,872.2702213446574,78.29697537594203,11.185422719499032,3.0,1.0
96.0,96,380,860.2520917488745,17.198494229648155,9.771366777571922,2.0,1.0
96.0,96,381,813.6784543918612,334.66102778948056,9.77136677757192,2.0,1.0
96.0,96,382,1340.6835751409303,278.6290195138526,9.77136677757192,2.0,0.9999999999999999
96.0,96,383,931.4384086684868,504.2722956197534,9.771366777571922,2.0,0.9999999999999999
96.0,96,385,699.2694672142889,545.7054551888393,7.755538950942392,1.0,1.0
96.0,96,387,813.9250050661634,260.56747761403096,9.77136677757192,2.0,1.0
96.0,96,388,182.3804988983242,649.8247415385513,7.755538950942392,1.0,1.0
96.0,96,390,365.39640165606806,170.30664757350834,12.311150689306299,4.0,0.9999999999999999
96.0,96,391,741.2685667190955,503.2097873080769,13.261785059625714,5.0,1.0
96.0,96,393,272.04744023203926,899.7557886869253,7.755538950942392,1.0,1.0
96.0,96,396,1044.2712501601113,355.9841899864195,9.77136677757192,2.0,1.0
96.0,96,399,524.638306399961,617.7060091568457,11.185422719499032,3.0,1.0
96.0,96,400,222.7801243013468,379.85296093706967,7.755538950942392,1.0,1.0
96.0,96,403,644.2718184104262,537.5471058263747,7.755538950942392,1.0,1.0
96.0,96,405,759.0938456669016,372.22554968635376,12.311150689306297,4.0,1.0
96.0,96,406,257.95317069520684,790.057140338968,14.092749536269183,6.0,1.0
96.0,96,409,573.2452949681478,873.0655293909541,12.311150689306299,4.0,0.9999999999999999
96.0,96,410,572.1975229902863,539.1363644542816,9.771366777571922,2.0,0.9999999999999999
96.0,96,412,750.752667591235,645.1872183470523,9.77136677757192,2.0,1.0
96.0,96,414,1208.1543845393765,496.44187477154287,7.755538950942392,1.0,0.9999999999999999
96.0,96,415,1135.809345275094,696.5472215937418,7.755538950942392,1.0,1.0
96.0,96,416,398.1453763947057,731.5101977720818,7.755538950942392,1.0,1.0
96.0,96,417,906.6442421486056,520.5290141543352,11.185422719499034,3.0,1.0
96.0,96,418,539.7194834250389,689.2926431238387,9.77136677757192,2.0,0.9999999999999999
96.0,96,419,337.57344095433297,894.1152527664484,9.771366777571922,2.0,1.0
96.0,96,420,692.3695059901235,964.0760570392955,7.755538950942392,1.0,0.9999999999999999
96.0,96,421,988.2668866624617,336.52519128276987,9.77136677757192,2.0,1.0
96.0,96,422,155.43890570396906,663.9266256221681,7.755538950942392,1.0,0.9999999999999999
96.0,96,427,546.4562768825846,14.417726562272684,9.77136677757192,2.0,0.9999999999999999
96.0,96,428,1059.3003744205246,191.78791720319515,9.77136677757192,2.0,0.9999999999999999
96.0,96,431,269.1265123727479,583.9698858628506,7.755538950942392,1.0,1.0
96.0,96,432,356.87937187677835,772.7046452266652,9.77136677757192,2.0,1.0
96.0,96,433,291.0507869966018,597.2035198624674,9.77136677757192,2.0,1.0
96.0,96,435,888.0786609468764,238.3822593706772,7.755538950942392,1.0,1.0
96.0,96,436,304.9200814181751,664.469952593683,9.77136677757192,2.0,0.9999999999999999
96.0,96,438,862.9914731090837,717.9055583768082,7.755538950942392,1.0,1.0
96.0,96,439,530.4925214161709,863.7577076528988,12.311150689306299,4.0,1.0
96.0,96,440,357.21828378350097,875.9305651490885,7.755538950942392,1.0,1.0
96.0,96,441,942.8344974244678,425.9429043851217,9.771366777571922,2.0,1.0
96.0,96,442,500.39838837715234,327.66659708870225,7.755538950942392,1.0,1.0
96.0,96,443,214.99116514746635,747.9130567052847,7.755538950942392,1.0,1.0
96.0,96,445,1047.788249751238,31.209538469222643,7.755538950942392,1.0,1.0
96.0,96,446,325.34653575389075,259.86682117906395,7.755538950942392,1.0,1.0
96.0,96,449,1198.1943581475132,128.22798950380667,7.755538950942392,1.0,1.0
96.0,96,451,1333.0384263071762,510.4349429082628,7.755538950942392,1.0,1.0
96.0,96,453,187.48333679238488,1013.1172978522551,7.755538950942392,1.0,0.9999999999999999
96.0,96,455,855.6671680696641,211.2726462468732,12.311150689306299,4.0,1.0
96.0,96,456,310.4984973620765,811.7721709211407,9.77136677757192,2.0,1.0
96.0,96,458,1241.6547780122442,169.76337701268196,7.755538950942392,1.0,1.0
96.0,96,459,1309.4178165563226,350.5245074863347,9.77136677757192,2.0,1.0
96.0,96,461,149.26778368631426,59.29073389646592,9.77136677757192,2.0,1.0
96.0,96,462,1097.01145126387,296.90559458981045,7.755538950942392,1.0,1.0
96.0,96,464,1337.0165739472889,61.744466483276156,7.755538950942392,1.0,1.0
96.0,96,465,801.9886255208855,179.9304237085136,7.755538950942392,1.0,1.0
96.0,96,468,1211.1885076571027,912.6800933573408,11.185422719499032,3.0,1.0
96.0,96,469,1132.9768594839336,886.1937448850882,7.755538950942392,1.0,1.0
96.0,96,470,85.9758773491213,414.3355228294559,7.755538950942392,1.0,1.0
96.0,96,472,308.5248668132544,137.09707305110237,7.755538950942392,1.0,1.0
96.0,96,473,396.6254394684477,910.7652263533413,7.755538950942392,1.0,1.0
96.0,96,474,90.41522118605046,1001.4402924319655,11.185422719499034,3.0,1.0
96.0,96,476,484.40434579280947,137.63221055728374,12.311150689306299,4.0,1.0
96.0,96,477,275.354767601345,940.2172126165862,12.311150689306299,4.0,0.9999999999999999
96.0,96,479,353.21977424702465,937.0678042000496,7.755538950942392,1.0,1.0
96.0,96,481,591.052581004118,976.6756392005972,11.185422719499034,3.0,1.0
96.0,96,485,1051.0206868962418,687.8064898393703,7.755538950942392,1.0,1.0
96.0,96,486,407.1023726888165,128.92581403215698,7.755538950942392,1.0,1.0
96.0,96,487,1070.7376501621711,956.1020005986334,14.09274953626919,6.0,1.0
96.0,96,489,658.2522522940121,149.58982607242388,9.77136677757192,2.0,1.0
96.0,96,490,451.0183497195692,906.2850885341328,9.77136677757192,2.0,0.9999999999999999
96.0,96,491,653.8068523152625,760.243969786513,11.185422719499034,3.0,1.0
96.0,96,494,814.6055128576897,757.880159628807,9.77136677757192,2.0,1.0
96.0,96,496,693.0883938172329,509.2786807153143,9.771366777571922,2.0,1.0
96.0,96,497,1190.851893205104,776.9074024345786,7.755538950942392,1.0,1.0
96.0,96,498,415.66451431142247,482.98260247989623,7.755538950942392,1.0,1.0
96.0,96,500,535.1872179821798,189.24507331868378,7.755538950942392,1.0,0.9999999999999999
96.0,96,501,515.0895230075118,989.5599224007124,12.311150689306299,4.0,0.9999999999999999
96.0,96,503,541.0671653996283,41.718769821307475,13.261785059625712,5.0,1.0
96.0,96,504,993.6039351495091,209.03827778359383,7.755538950942392,1.0,1.0
96.0,96,506,112.15048889177551,745.275594689384,7.755538950942392,1.0,1.0
96.0,96,507,1338.930191004414,316.8830508457254,7.755538950942392,1.0,1.0
96.0,96,508,1164.0168782693506,516.4439532666104,12.311150689306299,4.0,1.0
96.0,96,509,1067.1413026774824,867.1600128296228,9.77136677757192,2.0,1.0
96.0,96,510,601.0991178507456,216.7758294207049,13.261785059625714,5.0,0.9999999999999999
96.0,96,511,521.3774443852602,499.86646394438844,9.77136677757192,2.0,1.0
96.0,96,512,193.03717754170626,869.18487887788,11.185422719499034,3.0,1.0
96.0,96,513,1262.7386765331885,589.4809117134413,14.835812298463564,7.0,1.0
96.0,96,516,1225.4868073421655,386.37887570005466,11.185422719499032,3.0,1.0
96.0,96,517,901.899381491722,836.9583272955999,9.77136677757192,2.0,1.0
96.0,96,518,132.2332946768194,523.3014971221463,12.311150689306299,4.0,1.0
96.0,96,519,823.0417497663032,384.7405243001187,14.09274953626919,6.0,1.0
96.0,96,520,808.7229338550067,1020.6945771380435,11.185422719499034,3.0,0.9999999999999999
96.0,96,521,827.5041133222551,52.40769534381744,13.261785059625714,5.0,1.0
96.0,96,522,982.7716664316603,983.4884088309886,7.755538950942392,1.0,0.9999999999999999
96.0,96,523,975.7686408689344,185.00240623250264,7.755538950942392,1.0,0.9999999999999999
96.0,96,524,861.634007367435,878.9798594949436,9.77136677757192,2.0,1.0
96.0,96,529,780.3538716306396,567.4659117008259,7.755538950942392,1.0,1.0
96.0,96,530,121.46174612294669,684.3492938264258,9.771366777571922,2.0,1.0
96.0,96,533,828.0679677044483,874.6417072944872,9.771366777571922,2.0,1.0
96.0,96,535,845.766209403857,135.24184877136287,7.755538950942392,1.0,0.9999999999999999
96.0,96,536,341.5360335366762,490.72824400879387,7.755538950942392,1.0,1.0
96.0,96,538,546.4080411738815,452.1099264604415,11.185422719499032,3.0,1.0
96.0,96,539,964.9712755725194,225.25177159931928,7.755538950942392,1.0,1.0
96.0,96,540,310.8284529949471,545.7661208630725,7.755538950942392,1.0,1.0
96.0,96,543,907.1278355002422,404.9472972211437,11.185422719499034,3.0,1.0
96.0,96,546,1036.1630104712224,834.8809615442091,9.77136677757192,2.0,1.0
96.0,96,547,499.3075594281003,252.2859410594113,7.755538950942392,1.0,1.0
96.0,96,548,895.3004388608675,445.84875159816386,12.311150689306299,4.0,0.9999999999999999
96.0,96,551,1251.6936459619467,767.8636252518785,7.755538950942392,1.0,1.0
96.0,96,555,153.5571810915731,187.44969729240879,11.185422719499032,3.0,1.0
96.0,96,556,268.15356527799185,470.35063068175987,7.755538950942392,1.0,1.0
96.0,96,557,598.7566302176724,321.4962062931889,12.311150689306299,4.0,0.9999999999999999
96.0,96,559,1071.1351818922442,86.2537285698628,7.755538950942392,1.0,1.0
96.0,96,561,1315.9277547825081,887.9324015220284,7.755538950942392,1.0,0.9999999999999999
96.0,96,562,183.71652234197813,234.20895450034976,11.185422719499032,3.0,1.0
96.0,96,563,441.5404131257864,414.7586474001058,7.755538950942392,1.0,1.0
96.0,96,564,357.83126268730365,453.57290473389,11.185422719499032,3.0,1.0
96.0,96,565,1216.1869199454766,752.4761490516026,7.755538950942392,1.0,1.0
96.0,96,568,1109.5859609716074,159.63653136550036,7.755538950942392,1.0,1.0
96.0,96,569,332.05459790805025,341.44424159943753,7.755538950942392,1.0,1.0
96.0,96,570,1312.6378755520968,561.9417557476562,11.185422719499034,3.0,1.0
96.0,96,573,485.02028515749487,962.9661633301255,7.755538950942392,1.0,1.0
96.0,96,574,185.34925448879335,803.3270203461929,7.755538950942392,1.0,1.0
96.0,96,575,674.5220910387703,688.900505785183,7.755538950942392,1.0,0.9999999999999999
96.0,96,576,818.2009948138493,165.41706011822856,7.755538950942392,1.0,1.0
96.0,96,579,545.8724893166639,270.3423903948434,7.755538950942392,1.0,0.9999999999999999
96.0,96,581,606.9046711474889,833.1054354254397,13.261785059625714,5.0,1.0
96.0,96,582,562.1766201836258,288.47391607020603,9.77136677757192,2.0,1.0
96.0,96,583,1224.0986438929667,258.1161757563431,11.185422719499034,3.0,0.9999999999999999
96.0,96,584,1087.0003810252035,780.9728192056739,7.755538950942392,1.0,1.0
96.0,96,586,391.8159164440553,1023.7966287301989,7.755538950942392,1.0,1.0
96.0,96,587,1071.4397727943006,824.9223288922527,9.77136677757192,2.0,1.0
96.0,96,592,877.3037367425427,297.59062256428905,7.755538950942392,1.0,1.0
96.0,96,593,688.4224909608929,795.2466057153466,9.77136677757192,2.0,0.9999999999999999
96.0,96,594,531.9532703059562,902.1254888460611,11.185422719499034,3.0,1.0
96.0,96,598,598.102694318546,446.4641935535397,11.185422719499032,3.0,0.9999999999999999
96.0,96,600,539.9286418523703,530.0763780625139,11.185422719499034,3.0,0.9999999999999999
96.0,96,602,166.1701796376593,312.27153400100497,7.755538950942392,1.0,1.0
96.0,96,605,796.7542923136384,36.31164320265377,14.09274953626919,6.0,1.0
96.0,96,606,1212.1559029987504,635.2519814522137,7.755538950942392,1.0,1.0
96.0,96,607,1164.982917334278,173.88065162441447,12.311150689306297,4.0,1.0
96.0,96,608,938.8560120956248,698.0077312328281,9.771366777571922,2.0,1.0
96.0,96,609,997.971888927019,857.3132949823378,7.755538950942392,1.0,1.0
96.0,96,611,958.5012009207385,441.44938842905907,9.77136677757192,2.0,0.9999999999999999
96.0,96,612,349.2131946648637,309.01815967846164,14.09274953626919,6.0,1.0
96.0,96,613,1252.9254174187668,727.8492822197118,7.755538950942392,1.0,1.0
96.0,96,614,398.9442073541849,760.7889873617476,12.311150689306299,4.0,1.0
96.0,96,619,634.7262158471981,241.96434003283818,7.755538950942392,1.0,1.0
96.0,96,621,174.82035734542174,40.140009566575316,7.755538950942392,1.0,1.0
96.0,96,622,261.3650888286335,41.07126211723294,7.755538950942392,1.0,1.0
96.0,96,625,577.6039256091531,738.2070761858722,7.755538950942392,1.0,0.9999999999999999
96.0,96,626,895.7208584443745,175.24429103797024,7.755538950942392,1.0,1.0
96.0,96,627,1248.23379379739,22.241254561573605,12.311150689306299,4.0,0.9999999999999999
96.0,96,629,804.0423813822146,884.0479654673896,11.185422719499032,3.0,1.0
96.0,96,632,401.3947504555253,702.9740256078171,9.771366777571922,2.0,1.0
96.0,96,633,1109.0903292989701,90.5443024343463,9.77136677757192,2.0,1.0
96.0,96,636,679.953806479852,930.0432270386827,11.185422719499034,3.0,1.0
96.0,96,638,77.06811741031184,227.33251779590265,7.755538950942392,1.0,1.0
96.0,96,640,35.853948671843185,454.12329129993105,7.755538950942392,1.0,1.0
96.0,96,641,165.05238978184784,923.1878214679593,7.755538950942392,1.0,1.0
96.0,96,646,376.4135639092784,888.061098748704,11.185422719499032,3.0,1.0
96.0,96,647,173.6129606141147,287.996632831522,9.771366777571922,2.0,1.0
96.0,96,649,1111.686607197967,121.37848164084124,9.77136677757192,2.0,1.0
96.0,96,654,1294.8086370867065,130.09587188563228,11.185422719499034,3.0,1.0
96.0,96,655,580.3889134966117,699.3692185333524,7.755538950942392,1.0,1.0
96.0,96,658,573.7713997770667,342.9911475182454,14.092749536269185,6.0,1.0
96.0,96,659,1294.3542444444956,966.7546348229854,9.771366777571922,2.0,0.9999999999999999
96.0,96,662,1133.6583739333885,964.0679163147961,7.755538950942392,1.0,1.0
96.0,96,665,1035.9612180789234,109.76209476026061,11.185422719499032,3.0,1.0
96.0,96,666,1227.8401061400464,1002.8712259431763,13.261785059625714,5.0,1.0
96.0,96,667,195.84887481954337,86.4881834033628,7.755538950942392,1.0,1.0
96.0,96,668,235.52256083079428,948.3044178758726,7.755538950942392,1.0,1.0
96.0,96,671,1024.902840793267,88.28622254505686,7.755538950942392,1.0,1.0
96.0,96,672,808.1429178455778,977.6832869466958,7.755538950942392,1.0,0.9999999999999999
96.0,96,674,1059.4253570302694,636.1734986126527,7.755538950942392,1.0,1.0
96.0,96,675,397.92002623235203,498.4120807210215,7.755538950942392,1.0,1.0
96.0,96,676,1286.0555573990564,866.7187900786157,9.77136677757192,2.0,1.0
96.0,96,678,112.41564218831755,248.8855285082844,9.77136677757192,2.0,1.0
96.0,96,680,874.6172220020385,596.245244267431,7.755538950942392,1.0,1.0
96.0,96,682,1219.2029876446006,82.2525562438895,7.755538950942392,1.0,1.0
96.0,96,684,1307.337216185661,942.230106774999,11.185422719499034,3.0,1.0
96.0,96,686,891.8801904540048,305.1592571416639,7.755538950942392,1.0,1.0
96.0,96,687,1204.734517193255,284.02299676804444,12.311150689306297,4.0,1.0
96.0,96,688,237.24963200404736,491.4254919417516,7.755538950942392,1.0,1.0
96.0,96,689,434.4276032841896,617.9032534442257,7.755538950942392,1.0,0.9999999999999999
96.0,96,694,1106.5772715016656,876.3185622983901,7.755538950942392,1.0,1.0
96.0,96,698,669.1166345969227,102.412013004923,7.755538950942392,1.0,1.0
96.0,96,700,444.6855494635699,504.40438643413796,11.185422719499032,3.0,1.0
96.0,96,702,696.2493373698014,34.426460588913635,7.755538950942392,1.0,1.0
96.0,96,704,142.74832016538008,257.18907594801664,9.771366777571922,2.0,1.0
96.0,96,705,408.9246465514855,411.22325234644467,11.185422719499034,3.0,1.0
96.0,96,706,300.6985625854453,203.37700683324007,11.185422719499032,3.0,1.0
96.0,96,707,250.97194269842163,255.0083786776536,11.185422719499032,3.0,1.0
96.0,96,710,818.6897405561717,671.110076926496,7.755538950942392,1.0,1.0
96.0,96,717,521.9219996694044,656.6570117667719,13.26178505962571,5.0,1.0
96.0,96,718,435.2224380331978,159.5086083414744,9.771366777571922,2.0,1.0
96.0,96,720,631.8552744435739,833.3337063265529,9.77136677757192,2.0,0.9999999999999999
96.0,96,722,1007.2513954257843,781.3685765237049,11.185422719499032,3.0,1.0
96.0,96,723,429.61228819107936,593.113919880885,11.185422719499032,3.0,1.0
96.0,96,724,890.8842447781625,625.4152300987943,7.755538950942392,1.0,1.0
96.0,96,726,1264.3470856753436,52.19591350150605,9.771366777571922,2.0,1.0
96.0,96,728,1030.660065637466,386.906483169723,7.755538950942392,1.0,0.9999999999999999
96.0,96,729,569.8831662803027,100.35828120577926,9.771366777571922,2.0,1.0
96.0,96,730,683.8271020263572,467.1637482475629,9.77136677757192,2.0,0.9999999999999999
96.0,96,732,510.52624618489546,155.14579470071584,11.185422719499032,3.0,1.0
96.0,96,733,241.10749602396558,286.0350788610668,12.311150689306297,4.0,1.0
96.0,96,734,1336.0663214097167,19.512982655032012,7.755538950942392,1.0,0.9999999999999999
96.0,96,735,719.5110846374674,6.271065622616023,7.755538950942392,1.0,1.0
96.0,96,737,1103.519399959257,485.6461510203745,11.185422719499032,3.0,1.0
96.0,96,740,1240.4245437595457,960.8542598846041,7.755538950942392,1.0,1.0
96.0,96,745,1085.8381932200634,499.82949184801254,9.77136677757192,2.0,1.0
96.0,96,746,1273.0699322856663,384.19906703188934,9.77136677757192,2.0,1.0
96.0,96,747,631.6443890834381,740.6177493949359,9.771366777571922,2.0,0.9999999999999999
96.0,96,748,1227.8904376997477,339.3283300879284,7.755538950942392,1.0,1.0
96.0,96,750,790.3965804806177,248.6485242284318,9.77136677757192,2.0,1.0
96.0,96,752,1305.009946905693,702.5782021550718,9.771366777571922,2.0,1.0
96.0,96,753,646.3478317958428,473.3624513467627,9.771366777571922,2.0,1.0
96.0,96,754,547.7287347990108,725.7151095175903,7.755538950942392,1.0,1.0
96.0,96,755,939.1402609024739,132.15101107830557,7.755538950942392,1.0,1.0
96.0,96,757,773.9190786460504,484.01369474878373,9.77136677757192,2.0,1.0
96.0,96,758,647.8295373537436,411.7381569775228,9.77136677757192,2.0,1.0
96.0,96,759,53.266717069829056,618.3241025797427,11.185422719499032,3.0,0.9999999999999999
96.0,96,760,154.9978430233077,1015.9989787200774,11.185422719499034,3.0,0.9999999999999999
96.0,96,762,994.7933667977799,46.632409837661896,11.185422719499032,3.0,1.0
96.0,96,764,220.78958125878634,664.2060890518712,7.755538950942392,1.0,0.9999999999999999
96.0,96,765,721.7853742964747,471.6739678190524,11.185422719499034,3.0,1.0
96.0,96,766,362.1513451873755,0.6088099533068421,9.77136677757192,2.0,1.0
96.0,96,767,351.5006031935659,599.4777119204671,7.755538950942392,1.0,1.0
96.0,96,768,717.0116339713733,645.0678320136637,14.835812298463562,7.0,1.0
96.0,96,769,11.345756626417842,683.2248610180321,12.311150689306299,4.0,0.9999999999999999
96.0,96,772,1025.7887463525074,917.1119361787564,7.755538950942392,1.0,1.0
96.0,96,773,923.9043298352295,656.9662217449496,7.755538950942392,1.0,1.0
96.0,96,774,70.12294326372867,850.7977120402701,11.185422719499034,3.0,1.0
96.0,96,776,1082.545638392531,151.25961800987523,9.77136677757192,2.0,1.0
96.0,96,777,387.25332574297533,326.1692092123935,7.755538950942392,1.0,1.0
96.0,96,780,239.37940991452209,685.0213491926506,11.185422719499032,3.0,1.0
96.0,96,781,427.27182285662985,194.96936238872993,7.755538950942392,1.0,1.0
96.0,96,782,148.32656029287156,566.5501118849116,11.185422719499032,3.0,1.0
96.0,96,783,170.10097802335414,704.2823459048044,13.26178505962571,5.0,1.0
96.0,96,786,486.69736976755325,830.2516278253271,7.755538950942392,1.0,1.0
96.0,96,787,740.3825886197948,855.3384551420477,11.185422719499032,3.0,1.0
96.0,96,788,1121.506332071147,404.0786500825937,7.755538950942392,1.0,1.0
96.0,96,789,396.475628084796,969.0286306416558,11.185422719499034,3.0,0.9999999999999999
96.0,96,790,706.8397683264527,918.4956388492759,9.77136677757192,2.0,1.0
96.0,96,791,927.0686526215434,952.9179124995367,12.311150689306299,4.0,1.0
96.0,96,792,557.6594548092078,770.1033757556831,15.511077901884784,8.0,1.0
96.0,96,795,239.01496239903636,838.3529473918765,11.185422719499032,3.0,1.0
96.0,96,796,238.15254528733794,315.0109389735764,7.755538950942392,1.0,1.0
96.0,96,798,1020.0232797962178,462.3056808420621,7.755538950942392,1.0,0.9999999999999999
96.0,96,799,33.794610118229265,204.96671372464854,7.755538950942392,1.0,0.9999999999999999
96.0,96,800,343.7908970174754,722.6231270771093,9.77136677757192,2.0,1.0
96.0,96,801,1233.1471946669733,98.56665090327621,7.755538950942392,1.0,1.0
96.0,96,805,718.1732983599752,973.2702800472232,9.77136677757192,2.0,0.9999999999999999
96.0,96,806,383.19912040150626,676.3890195477737,9.771366777571922,2.0,1.0
96.0,96,809,1194.7794795093114,471.52953978263014,9.77136677757192,2.0,1.0
96.0,96,810,1056.687744857352,146.4951838855813,9.77136677757192,2.0,1.0
96.0,96,811,820.9593526841662,554.9666792744628,15.511077901884784,8.0,1.0
96.0,96,812,45.87148979346092,406.2122569406798,7.755538950942392,1.0,1.0
96.0,96,815,470.39522083645454,575.365723223652,9.77136677757192,2.0,1.0
96.0,96,817,1194.9625574402105,726.6873294456157,9.77136677757192,2.0,1.0
96.0,96,818,271.59147364235304,1007.8241230638841,7.755538950942392,1.0,1.0
96.0,96,819,1027.6761652467392,945.1544497223247,7.755538950942392,1.0,1.0
96.0,96,820,1107.3898527667739,583.107652011466,7.755538950942392,1.0,1.0
96.0,96,821,1303.9306637843772,36.363451439501745,13.261785059625714,5.0,1.0
96.0,96,823,472.96503948768304,693.7920511356351,7.755538950942392,1.0,1.0
96.0,96,826,982.5618584281202,837.9956493931604,9.771366777571922,2.0,1.0
96.0,96,828,149.81289441860415,816.2472642984745,9.77136677757192,2.0,1.0
96.0,96,829,779.651180840559,142.67188882706762,9.77136677757192,2.0,1.0
96.0,96,830,438.44362787846774,750.3811353447352,9.771366777571922,2.0,0.9999999999999999
96.0,96,831,835.7815583839376,607.2879445583236,9.771366777571922,2.0,0.9999999999999999
96.0,96,832,1045.68778800089,465.64753022785504,11.185422719499034,3.0,1.0
96.0,96,833,457.52829094179646,326.9161164108424,11.185422719499034,3.0,1.0
96.0,96,837,947.6342444647667,640.5756918049009,11.185422719499034,3.0,1.0
96.0,96,838,306.0343256984603,309.05327427533376,7.755538950942392,1.0,1.0
96.0,96,839,964.7172346758608,96.66995721063621,7.755538950942392,1.0,1.0
96.0,96,840,748.8029649815744,679.8005586110704,7.755538950942392,1.0,1.0
96.0,96,841,896.2888928017464,583.2672413322155,11.185422719499032,3.0,1.0
96.0,96,842,44.15325688185086,516.2886419447888,7.755538950942392,1.0,0.9999999999999999
96.0,96,843,938.7143755298481,905.1608994877323,7.755538950942392,1.0,0.9999999999999999
96.0,96,845,1338.4046698927013,624.9146382007815,7.755538950942392,1.0,1.0
96.0,96,846,686.9765829481182,438.64200036053995,9.77136677757192,2.0,0.9999999999999999
96.0,96,848,590.0420215683517,629.2397084193967,13.261785059625714,5.0,1.0
96.0,96,851,1318.9762280237946,654.5371266906328,13.261785059625714,5.0,1.0
96.0,96,853,479.25114864861047,799.8776584828013,11.185422719499032,3.0,1.0
96.0,96,855,595.3032058265782,597.4104228539575,7.755538950942392,1.0,0.9999999999999999
96.0,96,857,746.3201953836008,894.623819698633,9.771366777571922,2.0,1.0
96.0,96,859,894.4477405079897,773.4861463352695,9.771366777571922,2.0,1.0
96.0,96,860,7.895126749294942,261.41150645177817,9.771366777571922,2.0,1.0
96.0,96,861,997.6483080657222,71.45063072272623,7.755538950942392,1.0,0.9999999999999999
96.0,96,862,305.4090153294678,577.1239040057403,7.755538950942392,1.0,1.0
96.0,96,865,838.5426079799241,111.92564845482397,7.755538950942392,1.0,1.0
96.0,96,866,930.5378566908388,20.04318774907544,9.77136677757192,2.0,1.0
96.0,96,868,1295.8930905707289,805.1972539583571,14.092749536269187,6.0,0.9999999999999999
96.0,96,869,1324.4023954177424,123.04163445304283,11.185422719499034,3.0,1.0
96.0,96,870,227.97282337498916,188.6085219836965,7.755538950942392,1.0,1.0
96.0,96,871,707.4706305908844,757.8842655237637,12.311150689306299,4.0,0.9999999999999999
96.0,96,872,1041.7467549610803,438.13126352309087,7.755538950942392,1.0,1.0
96.0,96,873,63.53007545793655,389.09733334051214,7.755538950942392,1.0,1.0
96.0,96,877,169.4074740842198,432.98555565375995,7.755538950942392,1.0,1.0
96.0,96,879,710.3157543547102,337.54550007597715,9.771366777571922,2.0,0.9999999999999999
96.0,96,882,289.49919845174696,636.5172707598441,7.755538950942392,1.0,0.9999999999999999
96.0,96,883,8.789084980563475,148.2986016964632,9.77136677757192,2.0,1.0
96.0,96,884,653.1032244608976,337.35097061627135,9.77136677757192,2.0,1.0
96.0,96,886,84.33411414754592,650.1990871580912,9.77136677757192,2.0,1.0
96.0,96,887,447.3264888821948,240.44761309808635,12.311150689306299,4.0,1.0
96.0,96,890,1269.8530335602209,247.90928221126487,11.185422719499032,3.0,1.0
96.0,96,892,340.8982072417446,45.20708899917385,7.755538950942392,1.0,1.0
96.0,96,894,1187.1955384240232,0.4158596852023637,11.185422719499034,3.0,1.0
96.0,96,896,233.03691394981735,929.0793062186598,7.755538950942392,1.0,1.0
96.0,96,897,733.025553026276,581.2319265322608,9.77136677757192,2.0,1.0
96.0,96,898,1075.9366834122736,297.90119886712796,9.77136677757192,2.0,1.0
96.0,96,899,1193.5082770446515,836.2923414147762,12.311150689306297,4.0,1.0
96.0,96,901,1051.4114415462602,2.3930553427916714,11.185422719499032,3.0,1.0
96.0,96,903,284.91316718217746,375.599252358634,15.511077901884784,8.0,1.0
96.0,96,905,708.5858829992017,875.7490042169984,11.185422719499032,3.0,1.0
96.0,96,907,1157.538498193701,926.3164203113042,9.771366777571922,2.0,1.0
96.0,96,910,1271.2013566930182,790.8275312385036,9.77136677757192,2.0,1.0
96.0,96,911,334.72289170232347,92.92947604372186,7.755538950942392,1.0,1.0
96.0,96,912,430.82752119096864,894.0885819421235,7.755538950942392,1.0,1.0
96.0,96,913,309.47154095542106,734.9437303878315,7.755538950942392,1.0,1.0
96.0,96,914,864.9614146464376,375.8642563602548,12.311150689306297,4.0,1.0
96.0,96,915,43.394735062005154,60.773026076467964,7.755538950942392,1.0,1.0
96.0,96,916,835.4846912229373,301.0173615052586,7.755538950942392,1.0,1.0
96.0,96,921,1227.1232444402565,476.268587142184,7.755538950942392,1.0,0.9999999999999999
96.0,96,924,647.2305034449989,5.125543049934061,9.77136677757192,2.0,1.0
96.0,96,925,896.8796137229743,351.6618600138348,12.311150689306299,4.0,1.0
96.0,96,926,230.3415008925684,85.94115289876638,12.311150689306297,4.0,1.0
96.0,96,927,1262.0681539047046,83.60053554361903,14.09274953626919,6.0,0.9999999999999999
96.0,96,928,523.1441168460004,951.5863316190336,7.755538950942392,1.0,1.0
96.0,96,932,1282.602791526846,541.2754543977064,11.185422719499032,3.0,1.0
96.0,96,933,1026.6637011569983,202.2936263969475,7.755538950942392,1.0,1.0
96.0,96,934,317.1990094221998,19.20995767041854,13.261785059625714,5.0,1.0
96.0,96,935,296.76386289027863,798.4529741497196,7.755538950942392,1.0,1.0
96.0,96,936,530.1858635443297,400.7052349947859,9.77136677757192,2.0,1.0
96.0,96,937,926.4622215550194,1003.2890276430151,9.77136677757192,2.0,1.0
96.0,96,939,1164.2933960377916,136.63787718136493,9.77136677757192,2.0,1.0
96.0,96,941,52.13874109993535,950.3191098841302,11.185422719499032,3.0,1.0
96.0,96,947,417.1995342840585,73.23845292268433,7.755538950942392,1.0,1.0
96.0,96,949,1208.7786367384235,29.808256951972325,11.185422719499032,3.0,0.9999999999999999
96.0,96,950,387.43971719336827,627.929863823909,13.261785059625712,5.0,1.0
96.0,96,951,101.7760153533486,319.4524199438861,12.311150689306299,4.0,1.0
96.0,96,952,184.51221964693366,177.59803321523597,7.755538950942392,1.0,1.0
96.0,96,953,588.9663833298724,138.9623275464251,9.77136677757192,2.0,1.0
96.0,96,954,1315.379676453432,201.48817997052697,7.755538950942392,1.0,1.0
96.0,96,955,473.0437672344481,409.1688213522963,9.77136677757192,2.0,1.0
96.0,96,956,1077.3261488082353,612.3355052262102,9.77136677757192,2.0,1.0
96.0,96,957,262.87515114094424,537.055855669593,12.311150689306297,4.0,1.0
96.0,96,959,188.67754658393136,905.9263493072668,9.77136677757192,2.0,1.0
96.0,96,961,281.05835494028616,177.01790047055545,9.77136677757192,2.0,1.0
96.0,96,962,1302.5815630960742,851.4488017622236,12.311150689306299,4.0,1.0
96.0,96,963,389.1723243813987,190.0204250445276,9.77136677757192,2.0,1.0
96.0,96,965,862.7865316267,479.23282170021486,7.755538950942392,1.0,1.0
96.0,96,969,435.2168961788911,469.4496330514193,9.77136677757192,2.0,1.0
96.0,96,971,1164.3888139151595,820.1317941914347,7.755538950942392,1.0,1.0
96.0,96,972,490.2739213717582,600.1596367147893,11.185422719499032,3.0,1.0
96.0,96,975,34.14947732789429,721.3081257495259,7.755538950942392,1.0,1.0
96.0,96,977,1027.2436298521795,152.67910978050924,7.755538950942392,1.0,1.0
96.0,96,980,339.40100044256934,752.3000848480706,7.755538950942392,1.0,0.9999999999999999
96.0,96,981,991.5022114373327,405.25320038850765,7.755538950942392,1.0,1.0
96.0,96,983,926.0241060139089,533.5175349775851,7.755538950942392,1.0,1.0
96.0,96,985,1250.6214078091696,931.3615188328553,12.311150689306299,4.0,1.0
96.0,96,986,1157.936680398302,772.0098204775162,13.261785059625714,5.0,0.9999999999999999
96.0,96,987,1171.6134440204705,872.8484989399021,7.755538950942392,1.0,1.0
96.0,96,988,1128.7499835712574,609.6449227820362,7.755538950942392,1.0,0.9999999999999999
96.0,96,989,540.7066061050318,937.6521438095696,9.77136677757192,2.0,1.0
96.0,96,995,40.42364057022679,13.246843784412702,14.092749536269185,6.0,1.0
96.0,96,996,260.4824740750987,862.3115120272234,9.77136677757192,2.0,0.9999999999999999
96.0,96,998,5.649779036270684,971.7270901267508,7.755538950942392,1.0,1.0
96.0,96,999,1069.5045099600652,425.94543964938543,7.755538950942392,1.0,1.0
96.0,96,1000,167.4405890276413,873.0015050555829,9.77136677757192,2.0,0.9999999999999999
98.0,98,1,110.657586381526,935.2437452389034,7.755538950942392,1.0,0.9999999999999999
98.0,98,3,953.6234173967615,305.4030131228947,13.261785059625714,5.0,1.0
98.0,98,6,455.36742763097794,99.01070126143318,7.755538950942392,1.0,1.0
98.0,98,8,352.62981375644995,206.37044469302703,16.708802155803774,10.0,1.0
98.0,98,9,1072.927271299138,406.1928604690656,7.755538950942392,1.0,1.0
98.0,98,10,1153.2771314382105,301.77826985515503,7.755538950942392,1.0,1.0
98.0,98,11,850.0076886557257,942.4994584092726,9.77136677757192,2.0,1.0
98.0,98,15,1002.6124707183998,303.0997560841845,7.755538950942392,1.0,1.0
98.0,98,17,194.92246975337727,270.0951946855543,7.755538950942392,1.0,0.9999999999999999
98.0,98,18,646.3370950336558,652.0183420638073,7.755538950942392,1.0,0.9999999999999999
98.0,98,20,345.5901336881235,959.0474125867604,7.755538950942392,1.0,1.0
98.0,98,21,256.1644332971777,87.61895690760443,9.771366777571922,2.0,1.0
98.0,98,22,140.5748336500551,458.79794770942635,9.77136677757192,2.0,1.0
98.0,98,23,7.163581681106618,817.7648981113141,11.185422719499034,3.0,1.0
98.0,98,27,527.5016395632706,550.3090019588104,7.755538950942392,1.0,0.9999999999999999
98.0,98,28,907.6416885460577,898.1955149756093,7.755538950942392,1.0,1.0
98.0,98,29,1101.544857935565,5.263044483775833,13.261785059625714,5.0,1.0
98.0,98,31,966.4766450184615,149.2834494242776,7.755538950942392,1.0,0.9999999999999999
98.0,98,35,190.06195226779735,752.7101728211952,9.771366777571922,2.0,1.0
98.0,98,37,864.4723141315236,911.5079587075212,9.771366777571922,2.0,1.0
98.0,98,38,964.025229780898,727.6775526496111,7.755538950942392,1.0,1.0
98.0,98,39,1331.8144238060058,1007.2065303380366,9.771366777571922,2.0,0.9999999999999999
98.0,98,40,956.4736525070692,934.551428168577,9.77136677757192,2.0,1.0
98.0,98,41,433.3165932809538,285.8488866826292,11.185422719499034,3.0,1.0
98.0,98,43,781.7695282238022,826.9778663496221,7.755538950942392,1.0,1.0
98.0,98,44,742.6530855716358,56.97811912769201,11.185422719499032,3.0,0.9999999999999999
98.0,98,45,882.0564363018617,958.1198355573462,7.755538950942392,1.0,1.0
98.0,98,46,1142.95791156823,348.8442547003709,7.755538950942392,1.0,1.0
98.0,98,51,1324.210936422734,226.30560045707634,11.185422719499034,3.0,1.0
98.0,98,53,137.84267562154676,119.97044721478667,7.755538950942392,1.0,1.0
98.0,98,55,1249.4161056411294,611.308164711557,7.755538950942392,1.0,1.0
98.0,98,57,1060.340498967369,730.1852732577042,12.311150689306295,4.0,1.0
98.0,98,59,39.360541252536855,144.62165465451662,7.755538950942392,1.0,1.0
98.0,98,60,52.346091438487136,228.91035273928424,9.77136677757192,2.0,0.9999999999999999
98.0,98,61,886.0826790419684,995.7424390399528,9.771366777571922,2.0,1.0
98.0,98,62,574.4132232517132,1022.3570309943694,7.755538950942392,1.0,1.0
98.0,98,63,1137.8967609685305,631.4781782309832,7.755538950942392,1.0,1.0
98.0,98,65,699.687347801758,837.912771075533,7.755538950942392,1.0,1.0
98.0,98,66,970.4504464468879,1012.4678076574254,9.771366777571922,2.0,1.0
98.0,98,67,1083.9013664721824,252.2932092195933,13.261785059625712,5.0,1.0
98.0,98,68,1240.6104094319337,661.0509415589224,7.755538950942392,1.0,1.0
98.0,98,70,1152.043834712959,471.73291648637223,7.755538950942392,1.0,1.0
98.0,98,71,771.2336912660319,787.2746848253202,9.771366777571922,2.0,0.9999999999999999
98.0,98,73,535.0685456189684,306.2905363970907,7.755538950942392,1.0,1.0
98.0,98,77,423.954468445643,830.096957302887,13.261785059625714,5.0,1.0
98.0,98,78,1107.8116065516494,182.1228008478284,7.755538950942392,1.0,1.0
98.0,98,79,826.2317818870857,235.10769513494668,9.77136677757192,2.0,1.0
98.0,98,80,1015.0588487272543,354.8692143547451,7.755538950942392,1.0,1.0
98.0,98,81,614.9297442716557,11.11653196608557,9.77136677757192,2.0,1.0
98.0,98,83,1192.0039115886655,418.73674113459987,7.755538950942392,1.0,1.0
98.0,98,85,124.44329216775803,791.2192361804196,7.755538950942392,1.0,1.0
98.0,98,86,1026.5887893550778,515.1900859968101,9.77136677757192,2.0,1.0
98.0,98,87,703.688667075304,126.97973277865671,7.755538950942392,1.0,0.9999999999999999
98.0,98,88,70.59612450753032,495.70443946595555,9.77136677757192,2.0,0.9999999999999999
98.0,98,90,811.036597468279,416.24446573619144,7.755538950942392,1.0,1.0
98.0,98,92,1095.139130782406,696.8983199553264,7.755538950942392,1.0,1.0
98.0,98,93,288.7591836526096,288.446794516421,9.77136677757192,2.0,1.0
98.0,98,94,652.2276627909047,889.4704072333893,12.311150689306299,4.0,1.0
98.0,98,97,939.9480047074856,65.21335040299181,12.311150689306297,4.0,1.0
98.0,98,100,369.6606531507663,810.3407999086503,7.755538950942392,1.0,1.0
98.0,98,103,215.4132952266714,18.37664645651377,7.755538950942392,1.0,1.0
98.0,98,104,381.25582958780757,582.5754104962446,7.755538950942392,1.0,1.0
98.0,98,107,440.30161335748085,136.45973866268378,7.755538950942392,1.0,1.0
98.0,98,110,645.8701627795195,619.331255327083,7.755538950942392,1.0,1.0
98.0,98,116,1153.3653775631612,58.670621017625635,11.185422719499032,3.0,1.0
98.0,98,118,276.6916007993467,440.3148226849513,9.77136677757192,2.0,1.0
98.0,98,119,1040.9870013647594,563.5099572158827,11.185422719499032,3.0,0.9999999999999999
98.0,98,121,106.52029651767343,219.8149459522204,11.185422719499034,3.0,1.0
98.0,98,122,851.0897306550546,260.73002754775064,13.261785059625714,5.0,1.0
98.0,98,123,1289.5812215267892,589.2758659860518,11.185422719499034,3.0,1.0
98.0,98,125,425.5010765371533,1002.0410194567995,11.185422719499034,3.0,1.0
98.0,98,126,0.4714974577719133,468.69426191501606,7.755538950942392,1.0,1.0
98.0,98,129,786.7129734890354,669.624478823385,7.755538950942392,1.0,0.9999999999999999
98.0,98,130,1202.842332516906,440.50859489250024,7.755538950942392,1.0,1.0
98.0,98,131,1244.0285429657706,311.5047911474248,9.771366777571922,2.0,1.0
98.0,98,132,1288.910800672831,176.4860917144184,12.311150689306297,4.0,1.0
98.0,98,134,119.26381419795217,830.2711983570206,9.77136677757192,2.0,1.0
98.0,98,135,1009.5248224437421,595.0516862353821,7.755538950942392,1.0,1.0
98.0,98,138,482.9007890449218,1023.3975837957325,7.755538950942392,1.0,1.0
98.0,98,142,1293.4790470788218,294.4593825194211,7.755538950942392,1.0,1.0
98.0,98,143,614.5381765419758,114.47918911326884,14.09274953626919,6.0,1.0
98.0,98,144,1272.0611065120568,970.7643714388299,9.77136677757192,2.0,1.0
98.0,98,145,122.02128189951056,867.5434976938295,9.77136677757192,2.0,1.0
98.0,98,146,1059.032793403567,526.7674124713295,7.755538950942392,1.0,1.0
98.0,98,148,549.5708153813288,151.62729905484252,11.185422719499032,3.0,1.0
98.0,98,149,169.9433263118746,982.5304008360273,7.755538950942392,1.0,1.0
98.0,98,150,702.3229134279272,383.2744288717458,12.311150689306299,4.0,1.0
98.0,98,151,468.79853144296686,665.9716287761786,7.755538950942392,1.0,1.0
98.0,98,152,1163.289940228471,677.0366290356443,7.755538950942392,1.0,1.0
98.0,98,153,58.290723596632866,548.0404420807697,9.77136677757192,2.0,1.0
98.0,98,156,878.6904119161323,806.6496915551951,7.755538950942392,1.0,0.9999999999999999
98.0,98,163,76.29689212045467,54.890135875675334,7.755538950942392,1.0,0.9999999999999999
98.0,98,164,361.22747432369886,73.6139283351967,9.771366777571922,2.0,0.9999999999999999
98.0,98,165,141.5487802587924,4.299115995725461,9.771366777571922,2.0,1.0
98.0,98,166,496.1067894377456,88.99230343204631,12.311150689306297,4.0,1.0
98.0,98,170,981.0201484830851,687.1418957152175,7.755538950942392,1.0,1.0
98.0,98,172,824.671492953392,813.809100681867,7.755538950942392,1.0,1.0
98.0,98,173,2.921789828341624,60.68513178379108,12.311150689306299,4.0,1.0
98.0,98,174,967.5157528744319,748.6692226700482,9.771366777571922,2.0,1.0
98.0,98,175,1328.2136577842236,860.01147612771,9.77136677757192,2.0,1.0
98.0,98,181,475.14863861775643,939.5090930757542,11.185422719499032,3.0,1.0
98.0,98,186,222.60485490176669,618.914624065777,12.311150689306297,4.0,1.0
98.0,98,187,613.1311642582959,898.8537832445717,7.755538950942392,1.0,0.9999999999999999
98.0,98,188,595.9768560466032,287.4323460663259,9.771366777571922,2.0,0.9999999999999999
98.0,98,189,821.9232448267611,923.191984975114,7.755538950942392,1.0,1.0
98.0,98,191,1071.4795652761306,758.9314229233701,11.185422719499032,3.0,0.9999999999999999
98.0,98,193,351.98777684638577,105.36547790217494,9.771366777571922,2.0,1.0
98.0,98,199,203.35176858340114,542.0655809529027,16.132171110904203,9.0,1.0
98.0,98,201,144.52459765989104,434.27960833999003,9.77136677757192,2.0,1.0
98.0,98,208,1037.2861415737627,282.5865100507944,9.77136677757192,2.0,0.9999999999999999
98.0,98,210,107.31326176132961,1023.968042840002,11.185422719499034,3.0,1.0
98.0,98,213,479.88409742555103,749.4693718765467,7.755538950942392,1.0,0.9999999999999999
98.0,98,214,35.31964183009261,251.40449642851218,7.755538950942392,1.0,0.9999999999999999
98.0,98,215,351.4316769833768,429.40333877831966,9.77136677757192,2.0,1.0
98.0,98,218,676.5960239439169,306.6619256770413,9.77136677757192,2.0,1.0
98.0,98,219,304.4503598577793,102.9967032650243,7.755538950942392,1.0,1.0
98.0,98,220,316.33586129304416,923.4210797554668,12.311150689306299,4.0,1.0
98.0,98,221,106.3932868748294,180.82308019624833,12.311150689306299,4.0,0.9999999999999999
98.0,98,224,563.0133673005522,246.98270685402179,9.771366777571922,2.0,1.0
98.0,98,228,893.7928691570138,25.12947016020096,12.311150689306299,4.0,1.0
98.0,98,230,1129.535293331034,730.0116424989733,7.755538950942392,1.0,1.0
98.0,98,231,737.2926414368618,310.5402350468368,11.185422719499032,3.0,1.0
98.0,98,232,503.3227008943353,232.92133327583662,7.755538950942392,1.0,1.0
98.0,98,238,904.8696017086492,863.8531749829477,7.755538950942392,1.0,1.0
98.0,98,241,1224.847333081936,526.4516459652167,12.311150689306297,4.0,1.0
98.0,98,242,740.629607670943,27.301808390118918,7.755538950942392,1.0,1.0
98.0,98,243,73.79659586115751,691.2174813764758,7.755538950942392,1.0,1.0
98.0,98,245,729.5697792949036,795.3241021232212,9.77136677757192,2.0,0.9999999999999999
98.0,98,247,380.0028338197181,216.16468292891741,7.755538950942392,1.0,1.0
98.0,98,248,460.7643551878395,192.1466411777618,9.77136677757192,2.0,1.0
98.0,98,250,512.8794873069179,805.4247114794009,7.755538950942392,1.0,0.9999999999999999
98.0,98,255,1336.188027811626,823.8740942054026,9.77136677757192,2.0,0.9999999999999999
98.0,98,256,923.803023163022,726.3678118468931,7.755538950942392,1.0,0.9999999999999999
98.0,98,257,610.6466484376639,43.1059781006712,7.755538950942392,1.0,0.9999999999999999
98.0,98,259,744.9381751386513,164.28252448867767,13.26178505962571,5.0,1.0
98.0,98,260,1087.7304986584545,807.8496270238804,7.755538950942392,1.0,1.0
98.0,98,261,253.7003450259956,421.69107102188656,7.755538950942392,1.0,1.0
98.0,98,262,843.3853544807188,987.0613969540093,11.185422719499034,3.0,1.0
98.0,98,263,92.03754796032291,144.46827911337996,11.185422719499034,3.0,1.0
98.0,98,264,938.2796167640458,815.9669049296685,7.755538950942392,1.0,1.0
98.0,98,265,0.16910169701990535,438.1070873298632,7.755538950942392,1.0,1.0
98.0,98,268,1017.8252614590567,227.78785303411271,7.755538950942392,1.0,1.0
98.0,98,269,107.66566878969915,375.87104049321107,11.185422719499032,3.0,0.9999999999999999
98.0,98,270,336.7917302030554,413.09553089962264,9.771366777571922,2.0,1.0
98.0,98,273,622.3205179909462,581.9934906258576,7.755538950942392,1.0,1.0
98.0,98,274,789.6822777156798,845.0046920229161,7.755538950942392,1.0,0.9999999999999999
98.0,98,275,1178.2048495696463,391.33132246201137,7.755538950942392,1.0,1.0
98.0,98,276,1094.8017097936481,532.4006563231075,7.755538950942392,1.0,1.0
98.0,98,278,1241.7674405144146,358.44058409415914,13.261785059625714,5.0,1.0
98.0,98,279,127.73601940981995,633.0546551208806,13.261785059625714,5.0,1.0
98.0,98,280,351.1687267921644,976.648889636956,7.755538950942392,1.0,1.0
98.0,98,281,1193.858653990653,548.7669400441436,11.185422719499032,3.0,1.0
98.0,98,283,677.9817609214707,597.5333367812611,9.77136677757192,2.0,1.0
98.0,98,284,74.69654509290446,800.3294598015851,7.755538950942392,1.0,1.0
98.0,98,285,859.7977049499858,643.204298643334,7.755538950942392,1.0,1.0
98.0,98,286,1132.9748765036325,260.85753730566586,7.755538950942392,1.0,1.0
98.0,98,287,100.96100933561272,717.0948623171295,7.755538950942392,1.0,1.0
98.0,98,289,1244.9751502613526,818.7793937411936,12.311150689306299,4.0,1.0
98.0,98,291,506.4686086394059,364.91254911478796,9.771366777571922,2.0,1.0
98.0,98,294,619.6347567797702,430.88018716251224,7.755538950942392,1.0,1.0
98.0,98,295,48.24794669854143,748.0330312157153,12.311150689306297,4.0,1.0
98.0,98,300,350.131195412676,663.0279447972011,11.185422719499034,3.0,0.9999999999999999
98.0,98,301,1113.6313557038013,40.6894889016624,9.77136677757192,2.0,0.9999999999999999
98.0,98,302,641.7370724370664,987.3272427101502,7.755538950942392,1.0,1.0
98.0,98,304,719.3407345905084,408.3543982719135,7.755538950942392,1.0,1.0
98.0,98,306,154.55794599406616,592.9742415725801,7.755538950942392,1.0,1.0
98.0,98,307,983.486448139087,483.21424267309135,12.311150689306297,4.0,0.9999999999999999
98.0,98,309,816.760981115002,194.909983929864,7.755538950942392,1.0,0.9999999999999999
98.0,98,311,693.8312523036036,578.1381008607866,9.77136677757192,2.0,1.0
98.0,98,314,172.26431741996316,146.09973278381912,7.755538950942392,1.0,1.0
98.0,98,318,1215.3325257059983,601.8457235498652,11.185422719499032,3.0,1.0
98.0,98,319,114.84197605237651,995.5147215461249,9.77136677757192,2.0,1.0
98.0,98,320,1246.637182689345,115.98241148857386,9.77136677757192,2.0,1.0
98.0,98,322,867.127210120829,972.6065138154028,9.77136677757192,2.0,1.0
98.0,98,323,75.06049250947751,431.704559261405,9.77136677757192,2.0,0.9999999999999999
98.0,98,325,211.46173137620792,932.392038559628,7.755538950942392,1.0,1.0
98.0,98,326,200.04404825503204,472.27356928021885,9.77136677757192,2.0,0.9999999999999999
98.0,98,327,915.164079915554,473.4111932239549,7.755538950942392,1.0,0.9999999999999999
98.0,98,330,407.89791991665527,861.9568330096888,11.185422719499034,3.0,1.0
98.0,98,331,133.40534902932586,722.5929629247935,15.511077901884784,8.0,1.0
98.0,98,333,628.1393499054863,26.9812350571751,7.755538950942392,1.0,0.9999999999999999
98.0,98,334,1129.8820447210558,829.9927738233076,7.755538950942392,1.0,1.0
98.0,98,337,586.4751976635285,938.4819647035418,9.77136677757192,2.0,1.0
98.0,98,339,821.5318971006826,90.45139945513662,7.755538950942392,1.0,1.0
98.0,98,340,895.9930406705322,665.9858362235658,9.771366777571922,2.0,0.9999999999999999
98.0,98,341,987.6665313123189,611.1174298770079,12.311150689306297,4.0,1.0
98.0,98,342,878.270468603908,136.6574307280232,9.77136677757192,2.0,1.0
98.0,98,343,133.60132593494754,483.1468325253796,7.755538950942392,1.0,1.0
98.0,98,344,729.6043981425006,359.6603714210232,7.755538950942392,1.0,1.0
98.0,98,346,1184.4538297639951,632.8411216931509,7.755538950942392,1.0,0.9999999999999999
98.0,98,348,409.1208799381207,660.600621050428,7.755538950942392,1.0,1.0
98.0,98,350,1257.4765831351176,159.2610675766901,7.755538950942392,1.0,1.0
98.0,98,354,475.00972694577086,242.25044595260252,7.755538950942392,1.0,1.0
98.0,98,355,97.27268436863962,494.79591864204184,7.755538950942392,1.0,1.0
98.0,98,356,679.2321613090622,1018.6474018924303,7.755538950942392,1.0,1.0
98.0,98,360,680.5121298623257,333.0126449664965,7.755538950942392,1.0,0.9999999999999999
98.0,98,361,25.887875866251832,626.3058476350749,11.185422719499032,3.0,1.0
98.0,98,362,993.9142942233962,701.7731894152037,7.755538950942392,1.0,0.9999999999999999
98.0,98,363,602.9698780144892,507.88609723069163,7.755538950942392,1.0,1.0
98.0,98,364,1332.3851545956695,418.5499497704566,7.755538950942392,1.0,1.0
98.0,98,365,115.52250556139059,71.40101521435092,7.755538950942392,1.0,1.0
98.0,98,366,845.0695858356959,163.4471674325121,7.755538950942392,1.0,0.9999999999999999
98.0,98,367,1187.3627342398006,995.9344730798273,7.755538950942392,1.0,0.9999999999999999
98.0,98,368,1329.9138035925123,169.05695872662537,13.261785059625714,5.0,1.0
98.0,98,370,35.33421954006181,995.2915403248131,7.755538950942392,1.0,1.0
98.0,98,371,579.2607656994448,428.1183525425288,9.771366777571922,2.0,1.0
98.0,98,373,874.1210331828985,195.44410813944083,7.755538950942392,1.0,1.0
98.0,98,374,872.3762156195168,78.26728599583129,11.185422719499032,3.0,0.9999999999999999
98.0,98,380,861.009234493222,19.004038891990845,9.771366777571922,2.0,1.0
98.0,98,381,814.651572578027,336.2727830971857,9.77136677757192,2.0,1.0
98.0,98,382,1341.0475927289683,279.1660889089841,9.77136677757192,2.0,0.9999999999999999
98.0,98,383,933.3843790878021,504.71694071843103,9.771366777571922,2.0,1.0
98.0,98,385,699.7019364252895,546.7818496422918,9.771366777571922,2.0,1.0
98.0,98,387,815.6724502838179,261.33572488502256,9.77136677757192,2.0,0.9999999999999999
98.0,98,388,181.14718318488684,649.0336170169377,7.755538950942392,1.0,1.0
98.0,98,390,363.870680637669,169.37492896411499,12.311150689306299,4.0,1.0
98.0,98,391,742.6592967150136,502.4552320574256,13.261785059625714,5.0,0.9999999999999999
98.0,98,393,270.68357116811217,899.2848787325671,7.755538950942392,1.0,0.9999999999999999
98.0,98,396,1043.0553513258815,356.0892376331636,9.77136677757192,2.0,1.0
98.0,98,399,523.5917463016536,616.0154516592404,11.185422719499032,3.0,1.0
98.0,98,400,223.29106336522256,380.5464122101432,7.755538950942392,1.0,1.0
98.0,98,403,646.1782716443565,538.1461040778102,7.755538950942392,1.0,1.0
98.0,98,405,759.2090962296661,372.38738049368396,12.311150689306297,4.0,1.0
98.0,98,406,259.8132629478569,790.7010005755388,14.092749536269183,6.0,1.0
98.0,98,409,574.4557225580025,871.9309637712352,12.311150689306299,4.0,1.0
98.0,98,410,571.3848620559861,539.1949364072794,9.771366777571922,2.0,1.0
98.0,98,412,751.7970922997639,644.3789853022461,9.77136677757192,2.0,1.0
98.0,98,414,1208.5963178060495,494.51105026707717,7.755538950942392,1.0,1.0
98.0,98,415,1133.846520018506,696.2755104603744,7.755538950942392,1.0,1.0
98.0,98,416,399.0201278766642,730.1352585210677,7.755538950942392,1.0,1.0
98.0,98,417,908.3240168361273,520.6315389961688,11.185422719499034,3.0,1.0
98.0,98,418,541.113461774751,689.338356477601,9.77136677757192,2.0,1.0
98.0,98,419,337.3411275298238,895.8605012772935,9.771366777571922,2.0,1.0
98.0,98,420,691.7458617121558,962.7671522974655,7.755538950942392,1.0,1.0
98.0,98,421,988.0199386663927,335.31672198256996,9.77136677757192,2.0,1.0
98.0,98,422,155.71513286975107,665.7351252454612,7.755538950942392,1.0,1.0
98.0,98,427,545.6404529023166,15.338143165169276,9.77136677757192,2.0,0.9999999999999999
98.0,98,428,1060.8772261701968,191.23893247259795,9.77136677757192,2.0,1.0
98.0,98,431,268.3841385547167,583.0684001678566,7.755538950942392,1.0,1.0
98.0,98,432,357.2124608230199,772.5065083335543,9.77136677757192,2.0,1.0
98.0,98,433,290.3884373271407,595.7956634008816,9.77136677757192,2.0,1.0
98.0,98,435,888.5960235901458,236.56051049626532,7.755538950942392,1.0,0.9999999999999999
98.0,98,436,306.1551778610457,663.1965644827108,9.77136677757192,2.0,1.0
98.0,98,438,861.0885663780695,717.990207072078,7.755538950942392,1.0,1.0
98.0,98,439,529.7629880133987,863.113633307657,12.311150689306299,4.0,1.0
98.0,98,440,357.88298988376346,876.584192026805,7.755538950942392,1.0,1.0
98.0,98,441,942.5694818619241,427.3890269237628,9.771366777571922,2.0,0.9999999999999999
98.0,98,442,499.30905703425094,326.71049076029203,7.755538950942392,1.0,1.0
98.0,98,443,215.27860899516514,746.8214381683375,7.755538950942392,1.0,0.9999999999999999
98.0,98,445,1046.6467699117588,32.78868026689106,7.755538950942392,1.0,1.0
98.0,98,446,325.88631377761067,260.61223317635444,7.755538950942392,1.0,1.0
98.0,98,449,1197.9842887085392,128.38360771372388,7.755538950942392,1.0,1.0
98.0,98,451,1332.942180273382,509.6463500229912,7.755538950942392,1.0,1.0
98.0,98,453,187.62254161423033,1013.0493372871168,7.755538950942392,1.0,1.0
98.0,98,455,857.6040762227631,210.80452676190745,12.311150689306299,4.0,1.0
98.0,98,456,310.1856727445282,813.3059330021816,9.77136677757192,2.0,1.0
98.0,98,458,1242.4846547748066,168.74274995868487,7.755538950942392,1.0,1.0
98.0,98,459,1309.5087718614648,350.1328811829062,9.77136677757192,2.0,1.0
98.0,98,461,149.93329541985207,58.89188034003163,9.77136677757192,2.0,0.9999999999999999
98.0,98,462,1097.0934358026916,296.72345004355066,7.755538950942392,1.0,0.9999999999999999
98.0,98,464,1335.9699849647404,63.25480032420542,7.755538950942392,1.0,0.9999999999999999
98.0,98,465,801.4893050476733,178.9598907395887,7.755538950942392,1.0,1.0
98.0,98,468,1210.814270838703,913.1700429510535,11.185422719499032,3.0,0.9999999999999999
98.0,98,469,1132.5033339071051,888.0779584741845,7.755538950942392,1.0,1.0
98.0,98,470,85.49420738152386,414.0244952953208,7.755538950942392,1.0,1.0
98.0,98,472,308.5962385526529,137.13854822255695,7.755538950942392,1.0,1.0
98.0,98,473,396.7048642812919,909.4827912940767,7.755538950942392,1.0,1.0
98.0,98,474,89.83740265180074,1002.3942894945787,11.185422719499034,3.0,1.0
98.0,98,476,484.5361327829687,136.60037213937426,13.261785059625714,5.0,1.0
98.0,98,477,274.4253866696331,939.232545871637,12.311150689306299,4.0,1.0
98.0,98,479,353.28763264567056,936.1276650568697,7.755538950942392,1.0,1.0
98.0,98,481,591.3623265518879,978.6475753397622,11.185422719499034,3.0,1.0
98.0,98,485,1050.2516759576013,685.9886132696778,7.755538950942392,1.0,1.0
98.0,98,486,406.7977443772662,130.08465722288136,7.755538950942392,1.0,1.0
98.0,98,487,1070.6964071818513,956.1113662039913,14.09274953626919,6.0,1.0
98.0,98,489,658.960568548801,149.081609580751,9.77136677757192,2.0,1.0
98.0,98,490,450.73672757349124,906.0704074011976,9.77136677757192,2.0,1.0
98.0,98,491,653.7005477911185,759.8406422865339,12.311150689306299,4.0,1.0
98.0,98,494,813.2565432226361,758.5418816052069,9.77136677757192,2.0,1.0
98.0,98,496,692.2939509391962,510.00292236090354,9.771366777571922,2.0,1.0
98.0,98,497,1192.2535079916058,777.8875050715922,9.771366777571922,2.0,1.0
98.0,98,498,414.95257336589043,481.3908937951705,7.755538950942392,1.0,1.0
98.0,98,500,536.3248089308892,188.2233865694793,7.755538950942392,1.0,1.0
98.0,98,501,516.7937324116031,989.9933304022304,12.311150689306299,4.0,1.0
98.0,98,503,540.3497943639745,42.51055437878971,13.261785059625712,5.0,1.0
98.0,98,504,995.4694075955993,208.3219324174043,7.755538950942392,1.0,1.0
98.0,98,506,110.77196029724918,745.4774596881922,7.755538950942392,1.0,1.0
98.0,98,507,1338.4051561770223,316.73776642860133,7.755538950942392,1.0,1.0
98.0,98,508,1163.7182209309533,516.2261121978382,12.311150689306299,4.0,0.9999999999999999
98.0,98,509,1065.8645615080181,866.7477263346616,9.77136677757192,2.0,0.9999999999999999
98.0,98,510,600.7683867670089,218.2463632609418,13.261785059625714,5.0,1.0
98.0,98,511,521.2788198998144,500.08058010966715,9.77136677757192,2.0,1.0
98.0,98,512,192.11486658693994,870.5190200498105,11.185422719499034,3.0,1.0
98.0,98,513,1264.3279136469232,589.7775955121815,14.835812298463564,7.0,1.0
98.0,98,516,1224.0463104243572,385.9203509420025,11.185422719499032,3.0,1.0
98.0,98,517,903.6254175957498,835.948264629039,9.77136677757192,2.0,1.0
98.0,98,518,130.41905414443542,523.5482006329017,12.311150689306299,4.0,1.0
98.0,98,519,823.5496403910817,386.12660612489645,14.09274953626919,6.0,1.0
98.0,98,520,806.7277685117595,1020.814852619281,11.185422719499034,3.0,1.0
98.0,98,521,827.6631675840026,52.0075826672077,13.261785059625714,5.0,0.9999999999999999
98.0,98,522,982.6231283533435,983.733481545657,7.755538950942392,1.0,1.0
98.0,98,523,976.0947609712138,183.0370988934631,7.755538950942392,1.0,1.0
98.0,98,524,861.2589319133326,879.8918348441083,9.77136677757192,2.0,1.0
98.0,98,529,781.3399053694167,565.7962914386753,7.755538950942392,1.0,1.0
98.0,98,530,121.47453307018962,684.3391185966085,9.771366777571922,2.0,1.0
98.0,98,533,829.4839344255342,874.9501317116483,9.771366777571922,2.0,1.0
98.0,98,535,846.1146116322687,135.21206958659522,7.755538950942392,1.0,1.0
98.0,98,536,339.87491524290783,490.1877149614226,7.755538950942392,1.0,1.0
98.0,98,538,546.4074662550554,453.0222442695245,11.185422719499032,3.0,1.0
98.0,98,539,966.7502929990688,224.75686168772197,7.755538950942392,1.0,1.0
98.0,98,540,310.35943734564154,545.224221913349,7.755538950942392,1.0,0.9999999999999999
98.0,98,543,906.6866820147031,405.41104630328914,11.185422719499034,3.0,1.0
98.0,98,546,1037.5559537533636,833.8572553590116,9.77136677757192,2.0,1.0
98.0,98,547,499.56576334620127,253.37420874115048,7.755538950942392,1.0,1.0
98.0,98,548,896.9496815692077,446.70123386151096,12.311150689306299,4.0,1.0
98.0,98,551,1251.6381891969781,768.2370902587771,7.755538950942392,1.0,1.0
98.0,98,555,153.95001194053387,188.21727715686455,11.185422719499032,3.0,1.0
98.0,98,556,269.7536631238583,469.2585147157165,7.755538950942392,1.0,1.0
98.0,98,557,600.176889881968,320.1754966429993,12.311150689306299,4.0,1.0
98.0,98,559,1069.3552294612061,86.22057795979073,7.755538950942392,1.0,0.9999999999999999
98.0,98,561,1315.4388982190312,888.5335081827964,7.755538950942392,1.0,1.0
98.0,98,562,184.06681563774836,233.09988047394654,11.185422719499032,3.0,1.0
98.0,98,563,442.05530062278586,415.11720129880075,7.755538950942392,1.0,1.0
98.0,98,564,359.45522657542153,453.8165915857391,11.185422719499032,3.0,0.9999999999999999
98.0,98,565,1215.2081570591733,752.849719210686,7.755538950942392,1.0,1.0
98.0,98,568,1109.501176640975,159.58048162470635,7.755538950942392,1.0,1.0
98.0,98,569,332.6517652263554,341.65760873275946,7.755538950942392,1.0,1.0
98.0,98,570,1313.2147633158215,560.590134836301,11.185422719499034,3.0,0.9999999999999999
98.0,98,573,485.50397037443406,962.1400661273395,7.755538950942392,1.0,1.0
98.0,98,574,185.073975094346,803.8612778645793,7.755538950942392,1.0,0.9999999999999999
98.0,98,575,676.4498492944956,688.3935650051901,7.755538950942392,1.0,1.0
98.0,98,576,819.6982536756436,164.24267610321104,7.755538950942392,1.0,1.0
98.0,98,579,546.398660018799,269.6539804619389,7.755538950942392,1.0,1.0
98.0,98,581,607.2185122377447,833.067688503754,13.261785059625714,5.0,1.0
98.0,98,582,561.4289592387325,287.7783474721214,9.77136677757192,2.0,0.9999999999999999
98.0,98,583,1223.7579682865364,256.5190420578842,11.185422719499034,3.0,1.0
98.0,98,584,1087.6847924960912,779.8592402499258,7.755538950942392,1.0,1.0
98.0,98,586,392.87403796195406,1024.1495395712955,7.755538950942392,1.0,1.0
98.0,98,587,1069.7071110151662,825.2439944662834,9.77136677757192,2.0,0.9999999999999999
98.0,98,592,884.834845310768,301.52338881777,9.77136677757192,2.0,1.0
98.0,98,593,687.09979922223,796.7434471818699,9.77136677757192,2.0,1.0
98.0,98,594,531.0146784160519,901.069120911492,11.185422719499034,3.0,1.0
98.0,98,598,598.1603702905168,448.45240289498315,11.185422719499032,3.0,1.0
98.0,98,600,539.9076714562863,530.0016542438982,11.185422719499034,3.0,1.0
98.0,98,602,166.208744061875,312.1985273760354,7.755538950942392,1.0,1.0
98.0,98,605,796.0686250490908,35.92322914354274,14.09274953626919,6.0,1.0
98.0,98,606,1212.4399781960383,633.2752278907736,7.755538950942392,1.0,1.0
98.0,98,607,1163.8655304738766,174.67539537597978,12.311150689306297,4.0,1.0
98.0,98,608,938.6127224700801,696.4980309150972,9.771366777571922,2.0,0.9999999999999999
98.0,98,609,998.4876201835681,855.4031196961157,7.755538950942392,1.0,0.9999999999999999
98.0,98,611,958.7550303809167,441.70782809372764,9.77136677757192,2.0,0.9999999999999999
98.0,98,612,350.8011586289193,309.980881798292,14.09274953626919,6.0,1.0
98.0,98,613,1252.886356493845,727.9112766789812,7.755538950942392,1.0,1.0
98.0,98,614,398.97140563147275,760.816202199812,12.311150689306299,4.0,0.9999999999999999
98.0,98,619,635.0900190033525,243.26129745988297,7.755538950942392,1.0,1.0
98.0,98,621,175.3394908188053,42.06852812337539,7.755538950942392,1.0,1.0
98.0,98,622,260.6984274263689,42.92553909357807,7.755538950942392,1.0,1.0
98.0,98,625,577.3441082492615,737.2884206282081,7.755538950942392,1.0,1.0
98.0,98,626,896.4016035397134,173.37272599824223,7.755538950942392,1.0,0.9999999999999999
98.0,98,627,1247.8373540993416,20.43659551097054,12.311150689306299,4.0,0.9999999999999999
98.0,98,629,804.241497129702,884.2851246221132,11.185422719499032,3.0,1.0
98.0,98,632,401.2117883347447,704.5671406146447,9.771366777571922,2.0,0.9999999999999999
98.0,98,633,1109.156289451013,88.74566696395704,9.77136677757192,2.0,1.0
98.0,98,636,680.2089265581326,930.3336175884917,11.185422719499034,3.0,1.0
98.0,98,638,76.98656842337661,227.12209803940175,7.755538950942392,1.0,1.0
98.0,98,640,35.69847075060942,453.9848355895541,7.755538950942392,1.0,1.0
98.0,98,641,164.49245325108168,922.3273067621622,7.755538950942392,1.0,1.0
98.0,98,646,375.43740194212415,886.4542083739196,11.185422719499032,3.0,1.0
98.0,98,647,173.81248842514512,286.8567393097744,9.771366777571922,2.0,1.0
98.0,98,649,1111.8387653105538,122.99661058436824,9.77136677757192,2.0,1.0
98.0,98,654,1294.9715075112958,130.12379207675423,11.185422719499034,3.0,0.9999999999999999
98.0,98,655,580.6568327692187,700.5991251576627,7.755538950942392,1.0,1.0
98.0,98,658,572.4934705181126,342.32191779596326,14.092749536269185,6.0,1.0
98.0,98,659,1294.736707078058,967.4648571890172,9.771366777571922,2.0,1.0
98.0,98,662,1135.5715357046954,963.6403786659815,7.755538950942392,1.0,0.9999999999999999
98.0,98,665,1034.1363997423134,108.96918593771356,11.185422719499032,3.0,1.0
98.0,98,666,1229.253269277523,1004.27383048467,13.261785059625714,5.0,1.0
98.0,98,667,195.80863968135657,86.55296004605553,7.755538950942392,1.0,1.0
98.0,98,668,235.28236713353925,950.0847752179146,7.755538950942392,1.0,1.0
98.0,98,671,1026.2732615876446,88.93856722979449,7.755538950942392,1.0,1.0
98.0,98,672,807.3833303214676,977.1746018924448,7.755538950942392,1.0,1.0
98.0,98,674,1059.8114343558893,637.7550910543941,7.755538950942392,1.0,0.9999999999999999
98.0,98,675,396.60722723343156,499.9105111010509,7.755538950942392,1.0,1.0
98.0,98,676,1286.1513559161178,868.1446815763593,9.77136677757192,2.0,0.9999999999999999
98.0,98,678,112.5544308390817,248.83517209861088,9.77136677757192,2.0,1.0
98.0,98,680,875.1329481715354,595.7879508382086,7.755538950942392,1.0,1.0
98.0,98,682,1218.1592365848921,82.06135892793225,7.755538950942392,1.0,1.0
98.0,98,684,1307.6025805435004,942.4543544377243,11.185422719499034,3.0,0.9999999999999999
98.0,98,687,1204.7105396347138,284.0685547911252,12.311150689306297,4.0,1.0
98.0,98,688,237.85442527057108,490.87868783494315,7.755538950942392,1.0,1.0
98.0,98,689,436.1157297960882,617.3443505046334,7.755538950942392,1.0,1.0
98.0,98,694,1106.2583996248788,878.0667085110628,7.755538950942392,1.0,1.0
98.0,98,698,668.8371780848859,102.4950501383726,9.771366777571922,2.0,1.0
98.0,98,700,446.3794599776797,505.45082602365477,11.185422719499032,3.0,1.0
98.0,98,702,697.6008505013747,35.65892625466252,7.755538950942392,1.0,1.0
98.0,98,704,141.8462719409735,255.44720650592546,9.771366777571922,2.0,1.0
98.0,98,705,408.93223330561784,411.3521289960981,11.185422719499034,3.0,1.0
98.0,98,706,299.5400950052396,202.47409302043033,11.185422719499032,3.0,1.0
98.0,98,707,251.16352532258819,256.9968405751341,11.185422719499032,3.0,0.9999999999999999
98.0,98,710,816.929863003156,670.8562412878789,7.755538950942392,1.0,0.9999999999999999
98.0,98,717,521.1750301125473,655.7053276075999,13.26178505962571,5.0,1.0
98.0,98,718,435.0546110548824,159.48471179988147,9.771366777571922,2.0,1.0
98.0,98,720,630.9402309560318,831.8404642313899,9.77136677757192,2.0,1.0
98.0,98,722,1008.4790151361705,780.6748929506942,11.185422719499032,3.0,1.0
98.0,98,723,430.10598643048354,591.254296626223,11.185422719499032,3.0,1.0
98.0,98,724,890.5088944278823,624.2793905728806,7.755538950942392,1.0,1.0
98.0,98,726,1264.1232423162462,53.62725008516396,9.771366777571922,2.0,1.0
98.0,98,728,1029.9946385335875,386.04247561912183,7.755538950942392,1.0,1.0
98.0,98,729,567.9789877809933,99.74697610455709,9.771366777571922,2.0,1.0
98.0,98,730,685.0025717482858,467.98164264102587,9.77136677757192,2.0,1.0
98.0,98,732,510.65919962283346,155.11185562796365,11.185422719499032,3.0,1.0
98.0,98,733,239.5808476047317,286.854373513881,12.311150689306297,4.0,1.0
98.0,98,734,1336.6036081607285,19.044086405528315,7.755538950942392,1.0,0.9999999999999999
98.0,98,735,721.39591324468,6.251692424902887,7.755538950942392,1.0,0.9999999999999999
98.0,98,737,1103.9499346427876,485.0501698137702,11.185422719499032,3.0,1.0
98.0,98,740,1239.2893443148362,960.8391371720701,7.755538950942392,1.0,1.0
98.0,98,745,1085.08944161647,498.2941708700523,9.77136677757192,2.0,1.0
98.0,98,746,1272.6818061829667,386.0232992720971,9.77136677757192,2.0,1.0
98.0,98,747,630.6637475846146,739.3933317548933,11.185422719499034,3.0,1.0
98.0,98,748,1227.7512406892122,341.27757057592675,7.755538950942392,1.0,1.0
98.0,98,750,790.5564982450617,248.01267486674556,9.77136677757192,2.0,0.9999999999999999
98.0,98,752,1304.0093622127697,700.8525261280138,9.771366777571922,2.0,1.0
98.0,98,753,646.316815292622,473.60987189604435,9.771366777571922,2.0,1.0
98.0,98,754,547.5713191059976,725.6152694294991,7.755538950942392,1.0,0.9999999999999999
98.0,98,755,937.8032476804241,131.63489245799562,7.755538950942392,1.0,1.0
98.0,98,757,773.6779363601579,483.7244909062557,9.77136677757192,2.0,1.0
98.0,98,758,649.0981900116468,410.3000947901148,9.77136677757192,2.0,1.0
98.0,98,759,54.9947640359109,617.6443603002598,11.185422719499032,3.0,1.0
98.0,98,760,154.99437296374572,1016.0640529317802,11.185422719499034,3.0,1.0
98.0,98,762,994.1955792248101,47.02546714462354,11.185422719499032,3.0,1.0
98.0,98,764,219.83062780814936,663.5538158937803,7.755538950942392,1.0,0.9999999999999999
98.0,98,765,723.0582921054261,472.58065570181645,11.185422719499034,3.0,1.0
98.0,98,766,361.32891536305823,1.1430501705271503,9.77136677757192,2.0,1.0
98.0,98,767,351.8448213152992,598.981519025916,7.755538950942392,1.0,1.0
98.0,98,768,718.6116829912266,645.5293699198877,14.835812298463562,7.0,1.0
98.0,98,769,12.004867791128145,682.8989074229144,12.311150689306299,4.0,0.9999999999999999
98.0,98,772,1026.8295514093904,916.9333657517234,7.755538950942392,1.0,1.0
98.0,98,773,923.9118631085536,656.9739858806101,7.755538950942392,1.0,1.0
98.0,98,774,70.83700949548815,850.2109337690381,11.185422719499034,3.0,1.0
98.0,98,776,1081.6895214798308,151.67197247705562,9.77136677757192,2.0,1.0
98.0,98,777,387.6307904818869,326.4703547066634,7.755538950942392,1.0,1.0
98.0,98,780,239.8136001258121,685.1089500640202,11.185422719499032,3.0,1.0
98.0,98,781,427.80823572604686,196.8789263649918,7.755538950942392,1.0,1.0
98.0,98,782,147.96814236106042,567.4493787996096,11.185422719499032,3.0,1.0
98.0,98,783,171.65942847226194,705.3147889543342,13.26178505962571,5.0,1.0
98.0,98,786,486.39512499679194,829.3295188054446,7.755538950942392,1.0,1.0
98.0,98,787,740.8358340361276,857.2637151286725,11.185422719499032,3.0,1.0
98.0,98,788,1123.3223053686927,403.66444344651933,7.755538950942392,1.0,1.0
98.0,98,789,395.7174427025087,967.666573995917,11.185422719499034,3.0,0.9999999999999999
98.0,98,790,707.1257587877371,918.6873679530574,9.77136677757192,2.0,0.9999999999999999
98.0,98,791,925.3151021981927,952.3530866904422,12.311150689306299,4.0,1.0
98.0,98,792,557.6160865313933,768.1676727340966,15.511077901884784,8.0,0.9999999999999999
98.0,98,795,238.56793265990805,838.6759682614395,11.185422719499032,3.0,1.0
98.0,98,796,240.13199836909826,314.74647579158454,7.755538950942392,1.0,1.0
98.0,98,798,1018.6076219038722,461.20447785571315,7.755538950942392,1.0,0.9999999999999999
98.0,98,799,33.61258292112944,204.50695851664702,7.755538950942392,1.0,1.0
98.0,98,800,343.4152249640777,724.0486233624513,9.77136677757192,2.0,1.0
98.0,98,801,1234.0093500669245,97.4016439560223,7.755538950942392,1.0,1.0
98.0,98,805,717.8691849802251,973.2912869177376,9.77136677757192,2.0,1.0
98.0,98,806,384.2393942914149,677.4615630055323,9.771366777571922,2.0,1.0
98.0,98,809,1195.154084708966,471.8823894513538,9.77136677757192,2.0,1.0
98.0,98,810,1057.9332909243367,147.44104790617232,9.77136677757192,2.0,1.0
98.0,98,811,821.9505552832846,555.0694902312044,15.511077901884784,8.0,0.9999999999999999
98.0,98,812,46.406788131381255,406.3992071511207,7.755538950942392,1.0,1.0
98.0,98,815,471.52835495311996,574.5647012451233,9.77136677757192,2.0,1.0
98.0,98,817,1193.8120431014113,728.1707882898729,9.77136677757192,2.0,1.0
98.0,98,818,269.9709118355241,1008.9888500240802,7.755538950942392,1.0,1.0
98.0,98,819,1027.3395187857489,944.0557791816343,7.755538950942392,1.0,1.0
98.0,98,820,1105.9788566319633,583.4778472914116,7.755538950942392,1.0,1.0
98.0,98,821,1304.6560212839263,36.5994012818104,13.261785059625714,5.0,1.0
98.0,98,823,473.4734562340868,694.1830061165608,7.755538950942392,1.0,1.0
98.0,98,826,982.836969581985,839.2669808317822,9.771366777571922,2.0,1.0
98.0,98,828,150.76414505487668,816.1544021194294,9.77136677757192,2.0,1.0
98.0,98,829,779.8785652772838,142.61937213093773,9.77136677757192,2.0,1.0
98.0,98,830,438.80966266250334,752.3074459866435,9.771366777571922,2.0,1.0
98.0,98,831,834.2655330917113,605.9866586319049,9.771366777571922,2.0,1.0
98.0,98,832,1046.0500890270823,466.0753310393672,11.185422719499034,3.0,0.9999999999999999
98.0,98,833,456.97304681508643,328.5511909596016,11.185422719499034,3.0,1.0
98.0,98,837,947.7259156225832,640.3049036746678,11.185422719499034,3.0,1.0
98.0,98,838,305.17245141031634,310.36832648244183,7.755538950942392,1.0,1.0
98.0,98,839,963.6108752916728,97.81497110230308,7.755538950942392,1.0,1.0
98.0,98,840,748.0977069600751,680.4171403460963,7.755538950942392,1.0,1.0
98.0,98,841,898.0818033714237,584.1497007771267,11.185422719499032,3.0,1.0
98.0,98,842,43.531973513095686,515.7543301553711,7.755538950942392,1.0,1.0
98.0,98,843,937.6669231836914,904.9202202670305,7.755538950942392,1.0,1.0
98.0,98,845,1337.2694441410158,625.668851680243,7.755538950942392,1.0,1.0
98.0,98,846,686.9349705499258,436.7536843440828,9.77136677757192,2.0,1.0
98.0,98,848,589.1746145477202,630.0327028506323,13.261785059625714,5.0,1.0
98.0,98,851,1320.2328515984166,653.2485449688221,13.261785059625714,5.0,1.0
98.0,98,853,478.10526495568155,800.5063208785357,12.311150689306299,4.0,1.0
98.0,98,855,593.6921152235217,597.8360221601616,7.755538950942392,1.0,1.0
98.0,98,857,746.5024015512299,895.9593092579325,9.771366777571922,2.0,1.0
98.0,98,859,892.6084930305324,773.6422622019296,9.771366777571922,2.0,1.0
98.0,98,860,6.327795832554219,260.76836749250293,9.771366777571922,2.0,1.0
98.0,98,861,998.6574753754711,69.7554361635266,7.755538950942392,1.0,1.0
98.0,98,862,305.4386141709451,577.186147811335,7.755538950942392,1.0,0.9999999999999999
98.0,98,865,838.8732761711809,111.3575384379122,7.755538950942392,1.0,0.9999999999999999
98.0,98,866,930.8049576836481,18.149923681586383,9.77136677757192,2.0,1.0
98.0,98,868,1295.4759930670973,805.6088689457165,14.092749536269187,6.0,1.0
98.0,98,869,1325.9361830007656,123.11254537240887,11.185422719499034,3.0,1.0
98.0,98,870,227.31486316806775,190.06807844492513,7.755538950942392,1.0,1.0
98.0,98,871,706.7748459320413,757.5462995981138,13.261785059625714,5.0,1.0
98.0,98,872,1041.596588766988,438.0390350627044,7.755538950942392,1.0,0.9999999999999999
98.0,98,873,61.87600196200767,390.0510620204847,7.755538950942392,1.0,1.0
98.0,98,877,169.70783556142706,432.5411373243663,7.755538950942392,1.0,1.0
98.0,98,879,709.2321590693687,336.2301003828325,9.771366777571922,2.0,1.0
98.0,98,882,289.92980392527454,637.3977279130598,7.755538950942392,1.0,1.0
98.0,98,883,9.371241942769812,146.46942502010003,9.77136677757192,2.0,1.0
98.0,98,884,652.5651401866041,339.1957713073557,9.77136677757192,2.0,1.0
98.0,98,886,84.46500320495215,652.0368360058594,9.77136677757192,2.0,1.0
98.0,98,887,448.5234646916912,241.10143085847503,12.311150689306299,4.0,1.0
98.0,98,890,1270.6057110684408,249.4817962370772,11.185422719499032,3.0,1.0
98.0,98,892,342.74000716284195,44.72544409806096,7.755538950942392,1.0,1.0
98.0,98,894,1187.692630906284,0.44033452048643085,11.185422719499034,3.0,1.0
98.0,98,896,232.53414521636722,927.246591440293,7.755538950942392,1.0,1.0
98.0,98,897,732.2425356685271,579.3922938009529,9.77136677757192,2.0,1.0
98.0,98,898,1075.0906396048363,298.9986782113993,9.77136677757192,2.0,1.0
98.0,98,899,1192.2980736546492,837.7797922243979,12.311150689306297,4.0,1.0
98.0,98,901,1053.0209604469317,1.7286120452904432,11.185422719499032,3.0,1.0
98.0,98,903,286.39743105647244,375.3018164736009,16.132171110904203,9.0,1.0
98.0,98,905,709.9083245864559,874.2491621738207,11.185422719499032,3.0,1.0
98.0,98,907,1158.6473313771821,925.9620383508568,9.771366777571922,2.0,1.0
98.0,98,910,1271.7626734944042,788.9294430211645,9.77136677757192,2.0,1.0
98.0,98,911,336.1542846887062,92.10281997609637,7.755538950942392,1.0,1.0
98.0,98,912,432.3663426682522,895.2583065979302,7.755538950942392,1.0,0.9999999999999999
98.0,98,913,308.40577506280243,733.2727585974739,7.755538950942392,1.0,1.0
98.0,98,914,863.313337487927,374.81920895691536,12.311150689306297,4.0,1.0
98.0,98,915,43.36944692408994,61.85354566442722,7.755538950942392,1.0,0.9999999999999999
98.0,98,916,835.5432340499365,299.92844409161813,7.755538950942392,1.0,1.0
98.0,98,921,1228.8117953622882,477.19420655839235,7.755538950942392,1.0,1.0
98.0,98,924,647.2129181217031,5.102850655070411,9.77136677757192,2.0,1.0
98.0,98,925,895.1723008696978,352.689435869766,12.311150689306299,4.0,0.9999999999999999
98.0,98,926,229.70129237121154,84.18654801617444,12.311150689306297,4.0,1.0
98.0,98,927,1260.85560229002,82.42677075296369,14.09274953626919,6.0,1.0
98.0,98,928,523.5443688812757,951.6270012187437,7.755538950942392,1.0,1.0
98.0,98,932,1282.8982193606118,539.3154767576004,11.185422719499032,3.0,1.0
98.0,98,933,1026.3267083312744,203.28820211374884,7.755538950942392,1.0,1.0
98.0,98,934,317.8296639672163,19.783872006718056,13.261785059625714,5.0,1.0
98.0,98,935,296.733898076513,798.8866463566583,7.755538950942392,1.0,1.0
98.0,98,936,528.9385735174491,402.2655453280086,9.77136677757192,2.0,1.0
98.0,98,937,927.4966154469424,1004.9412784531224,9.77136677757192,2.0,1.0
98.0,98,939,1164.2884185911043,136.56039713371527,9.77136677757192,2.0,1.0
98.0,98,941,50.43638363387057,949.6708323050079,11.185422719499032,3.0,0.9999999999999999
98.0,98,947,417.34479857755355,73.26943073325121,7.755538950942392,1.0,1.0
98.0,98,949,1209.5272884420947,29.491609225742984,11.185422719499032,3.0,1.0
98.0,98,950,387.32641122628115,628.8048653412285,13.261785059625712,5.0,0.9999999999999999
98.0,98,951,100.40397656130865,318.2639231177862,12.311150689306299,4.0,0.9999999999999999
98.0,98,952,185.3003281536262,179.37224806630906,7.755538950942392,1.0,1.0
98.0,98,953,590.1743129729144,140.0847497925937,9.77136677757192,2.0,1.0
98.0,98,954,1315.9157766962958,201.25189909977436,7.755538950942392,1.0,1.0
98.0,98,955,473.0207275872549,408.60506049612076,9.77136677757192,2.0,1.0
98.0,98,956,1077.3289454500114,612.2538943115254,9.77136677757192,2.0,1.0
98.0,98,957,263.97256460045935,535.3840975253397,12.311150689306297,4.0,0.9999999999999999
98.0,98,959,190.6165632928344,905.5796030231246,9.77136677757192,2.0,1.0
98.0,98,961,281.34867263495255,178.0481362205974,9.77136677757192,2.0,1.0
98.0,98,962,1304.161021196057,850.3246910972488,12.311150689306299,4.0,1.0
98.0,98,963,390.6448417823511,190.94808730543912,9.77136677757192,2.0,1.0
98.0,98,965,862.6915459053369,478.7561517266315,7.755538950942392,1.0,1.0
98.0,98,969,435.2750093873676,468.3599287822369,9.77136677757192,2.0,1.0
98.0,98,971,1165.3282044889454,820.7152366423198,7.755538950942392,1.0,1.0
98.0,98,972,490.5036323250197,600.0963297550422,11.185422719499032,3.0,1.0
98.0,98,975,36.02303601916859,721.578285215709,7.755538950942392,1.0,1.0
98.0,98,977,1028.918654550554,153.17170246416748,7.755538950942392,1.0,1.0
98.0,98,980,338.79966962402915,753.0014696042443,7.755538950942392,1.0,0.9999999999999999
98.0,98,981,991.0576083184089,407.1249418987707,7.755538950942392,1.0,1.0
98.0,98,983,927.3156085714398,532.1460937201122,7.755538950942392,1.0,0.9999999999999999
98.0,98,985,1249.751539734355,933.1033379205103,12.311150689306299,4.0,1.0
98.0,98,986,1158.416479804307,772.1985383976194,13.261785059625714,5.0,1.0
98.0,98,987,1171.9877701416137,874.7580505704768,7.755538950942392,1.0,0.9999999999999999
98.0,98,988,1129.7286998082607,607.9836792016004,7.755538950942392,1.0,1.0
98.0,98,989,542.1565785279952,938.008824435769,9.77136677757192,2.0,0.9999999999999999
98.0,98,995,41.87529423961743,11.981959919461021,14.092749536269185,6.0,1.0
98.0,98,996,260.64592394367554,860.3976215007883,9.77136677757192,2.0,1.0
98.0,98,998,6.366511303821555,972.2016614940733,7.755538950942392,1.0,1.0
98.0,98,999,1068.0993079386617,427.159762632202,7.755538950942392,1.0,1.0
98.0,98,1000,168.57285516723337,871.3580475629732,9.77136677757192,2.0,1.0
100.0,100,1,110.24020153262646,937.1834477359328,7.755538950942392,1.0,1.0
100.0,100,3,953.0815347383349,305.4367646682174,13.261785059625714,5.0,1.0
100.0,100,6,455.1674387214312,98.79294548582928,7.755538950942392,1.0,1.0
100.0,100,8,352.44875895455164,205.8882319664978,16.708802155803774,10.0,1.0
100.0,100,9,1072.6389694391019,406.0262273529794,7.755538950942392,1.0,1.0
100.0,100,10,1153.2586492528503,303.20955629820025,7.755538950942392,1.0,1.0
100.0,100,11,850.1315750429038,943.139633427405,9.77136677757192,2.0,1.0
100.0,100,15,1004.6109821895284,303.0826443422352,7.755538950942392,1.0,1.0
100.0,100,17,195.32423532003807,271.2648245395709,7.755538950942392,1.0,1.0
100.0,100,18,647.9178032682454,651.1653417334733,7.755538950942392,1.0,1.0
100.0,100,20,344.2014267701933,958.9810900602095,7.755538950942392,1.0,1.0
100.0,100,21,255.34982534433587,88.37853138299593,9.771366777571922,2.0,0.9999999999999999
100.0,100,22,140.54478028827367,458.6827222226929,9.77136677757192,2.0,1.0
100.0,100,23,7.13225894769373,817.7906109485132,11.185422719499034,3.0,1.0
100.0,100,27,527.0716033131071,549.1325357264141,7.755538950942392,1.0,1.0
100.0,100,28,906.7898788428274,898.8700226975352,7.755538950942392,1.0,1.0
100.0,100,29,1100.0288108573554,6.254634038757429,13.261785059625714,5.0,1.0
100.0,100,31,967.1730813776741,149.09894986592337,7.755538950942392,1.0,1.0
100.0,100,35,189.42530838594615,752.7924629896291,9.771366777571922,2.0,1.0
100.0,100,37,865.3646481518118,913.1212608172219,9.771366777571922,2.0,0.9999999999999999
100.0,100,38,963.6772851638248,725.728365498385,7.755538950942392,1.0,1.0
100.0,100,39,1331.6712981351116,1008.3073627213972,9.771366777571922,2.0,1.0
100.0,100,40,956.5862866867329,934.47106292869,9.77136677757192,2.0,1.0
100.0,100,41,434.8062569966179,285.66791774442305,11.185422719499034,3.0,0.9999999999999999
100.0,100,43,782.9632466901007,825.691452485447,7.755538950942392,1.0,1.0
100.0,100,44,743.9771408272758,55.609358997835216,11.185422719499032,3.0,1.0
100.0,100,45,882.2361949363711,957.9441938547653,7.755538950942392,1.0,1.0
100.0,100,46,1143.178869770251,349.00298807510654,7.755538950942392,1.0,1.0
100.0,100,51,1325.645322502345,225.91708913154687,11.185422719499034,3.0,1.0
100.0,100,53,135.94222987870936,119.38897216453351,7.755538950942392,1.0,1.0
100.0,100,55,1248.9125298809292,610.5959541834468,7.755538950942392,1.0,0.9999999999999999
100.0,100,57,1060.348247583057,728.2019323953391,12.311150689306295,4.0,1.0
100.0,100,59,40.02431508947005,144.974401058654,7.755538950942392,1.0,1.0
100.0,100,60,52.70005411418197,229.93285984526167,9.77136677757192,2.0,1.0
100.0,100,61,887.9571199153946,995.4113646901495,9.771366777571922,2.0,1.0
100.0,100,62,575.5286372934845,1021.9926494884528,7.755538950942392,1.0,1.0
100.0,100,63,1136.4335335063363,630.3320481265632,7.755538950942392,1.0,1.0
100.0,100,65,698.5985058603231,839.1895465711741,7.755538950942392,1.0,0.9999999999999999
100.0,100,66,969.7904697458863,1014.064643996663,9.771366777571922,2.0,1.0
100.0,100,67,1085.40421411768,253.55916645930543,13.261785059625712,5.0,1.0
100.0,100,68,1240.5858996781742,661.6580213622175,7.755538950942392,1.0,0.9999999999999999
100.0,100,70,1153.0925064165078,471.1178016857076,7.755538950942392,1.0,0.9999999999999999
100.0,100,71,771.5342066816589,788.6088469154989,9.771366777571922,2.0,1.0
100.0,100,73,535.4333926885606,304.57716172384056,7.755538950942392,1.0,1.0
100.0,100,77,425.1857360804764,830.374092748146,13.261785059625714,5.0,1.0
100.0,100,78,1108.829924147212,182.1836488998476,7.755538950942392,1.0,0.9999999999999999
100.0,100,79,826.696600837831,234.43648727000308,9.77136677757192,2.0,1.0
100.0,100,80,1015.4860390880757,354.3573230683558,7.755538950942392,1.0,1.0
100.0,100,81,614.1773467306226,9.917003348559437,9.77136677757192,2.0,0.9999999999999999
100.0,100,83,1191.2916817269283,417.91639432658565,7.755538950942392,1.0,1.0
100.0,100,85,123.50553473011803,792.3615678771341,7.755538950942392,1.0,1.0
100.0,100,86,1028.3847935134743,515.5297961725082,9.77136677757192,2.0,1.0
100.0,100,87,704.0955144068295,127.91085004073715,7.755538950942392,1.0,1.0
100.0,100,88,72.13953368978245,496.9742588764154,9.77136677757192,2.0,1.0
100.0,100,90,812.5426477409051,416.10308533291135,7.755538950942392,1.0,1.0
100.0,100,92,1096.2225108194964,698.3190349964098,7.755538950942392,1.0,1.0
100.0,100,93,289.05865866720706,289.2302166598702,9.77136677757192,2.0,1.0
100.0,100,94,652.9404027066313,889.7287900519926,12.311150689306299,4.0,1.0
100.0,100,97,938.363786698863,65.05958374254658,12.311150689306297,4.0,1.0
100.0,100,100,368.65881738712307,810.1902322853392,7.755538950942392,1.0,1.0
100.0,100,103,215.7921819679249,19.22484867798845,7.755538950942392,1.0,1.0
100.0,100,104,382.0671535026137,582.0601053393154,7.755538950942392,1.0,1.0
100.0,100,107,440.878037717147,135.6259157572155,7.755538950942392,1.0,1.0
100.0,100,110,645.847459653911,619.3837381274215,7.755538950942392,1.0,1.0
100.0,100,116,1155.3634222733945,58.70735403307254,11.185422719499032,3.0,1.0
100.0,100,118,276.2340158911985,440.57848331903205,9.77136677757192,2.0,1.0
100.0,100,119,1040.6319650130781,563.3838671245883,11.185422719499032,3.0,1.0
100.0,100,121,107.83170506570079,221.1855583492319,11.185422719499034,3.0,1.0
100.0,100,122,852.6149065443694,259.91340972429487,13.261785059625714,5.0,1.0
100.0,100,123,1289.4910275320378,588.4869220811358,11.185422719499034,3.0,1.0
100.0,100,125,425.13535694571095,1001.1837554099958,11.185422719499034,3.0,0.9999999999999999
100.0,100,126,0.698792824652628,468.4557230986536,7.755538950942392,1.0,1.0
100.0,100,129,785.5914765315882,671.0769807164446,7.755538950942392,1.0,1.0
100.0,100,130,1202.8593673589735,438.7276994986172,7.755538950942392,1.0,1.0
100.0,100,131,1242.041975284687,311.28732640928104,9.771366777571922,2.0,1.0
100.0,100,132,1290.1077522169985,176.83776150135162,12.311150689306297,4.0,1.0
100.0,100,134,118.3117351515105,828.65613927021,9.77136677757192,2.0,0.9999999999999999
100.0,100,135,1009.3118519419875,596.2004705615143,7.755538950942392,1.0,1.0
100.0,100,138,484.6671829067857,1024.3141769692822,7.755538950942392,1.0,1.0
100.0,100,142,1292.4706908220808,294.84216095636805,7.755538950942392,1.0,1.0
100.0,100,143,614.4450630472871,114.59950403769966,14.09274953626919,6.0,1.0
100.0,100,144,1273.8184471218249,969.9566023304828,9.77136677757192,2.0,1.0
100.0,100,145,123.67994697037001,867.3695322573636,9.77136677757192,2.0,1.0
100.0,100,146,1058.937679369418,524.8239056237086,7.755538950942392,1.0,1.0
100.0,100,148,547.704059916519,151.5076302313839,12.311150689306299,4.0,1.0
100.0,100,149,170.09449247394934,982.7406473323497,7.755538950942392,1.0,1.0
100.0,100,150,703.414522558846,384.1577836070616,12.311150689306299,4.0,1.0
100.0,100,151,467.62278414109295,665.0156156378795,7.755538950942392,1.0,1.0
100.0,100,152,1163.1354681106657,678.2886221848523,7.755538950942392,1.0,1.0
100.0,100,153,56.629063735688746,548.9872485930755,9.77136677757192,2.0,1.0
100.0,100,156,880.0198001896562,805.9454814866699,7.755538950942392,1.0,1.0
100.0,100,163,75.73214931124035,55.354067206204114,7.755538950942392,1.0,1.0
100.0,100,164,360.2837838512271,72.18207295645657,9.771366777571922,2.0,1.0
100.0,100,165,141.55227419583278,4.308284694475829,9.771366777571922,2.0,0.9999999999999999
100.0,100,166,496.22462159832844,88.86989939807748,12.311150689306297,4.0,0.9999999999999999
100.0,100,170,982.8916151211553,686.4435612037012,7.755538950942392,1.0,1.0
100.0,100,172,824.1696116686575,815.7406989512177,7.755538950942392,1.0,0.9999999999999999
100.0,100,173,3.0040290081895495,59.83407857342902,12.311150689306299,4.0,0.9999999999999999
100.0,100,174,967.5152560411864,748.6882466131563,9.771366777571922,2.0,0.9999999999999999
100.0,100,175,1327.1060264017656,858.5800233757935,9.77136677757192,2.0,1.0
100.0,100,181,475.8965355504182,938.2299191738579,11.185422719499032,3.0,1.0
100.0,100,186,222.71332784359032,616.9695343249266,12.311150689306297,4.0,1.0
100.0,100,187,613.9461857547144,897.9617401365359,7.755538950942392,1.0,1.0
100.0,100,188,596.9466653496396,286.13649592101217,9.771366777571922,2.0,1.0
100.0,100,189,821.6536923717623,923.1026946595689,7.755538950942392,1.0,1.0
100.0,100,191,1072.7914328430109,758.377628606152,11.185422719499032,3.0,0.9999999999999999
100.0,100,193,351.20110605229445,105.19382104472176,9.771366777571922,2.0,1.0
100.0,100,199,204.48155677590262,542.255820345371,16.132171110904203,9.0,1.0
100.0,100,201,145.61485949935798,432.61871765447796,9.77136677757192,2.0,1.0
100.0,100,208,1037.8598808001298,281.90128298148363,9.77136677757192,2.0,0.9999999999999999
100.0,100,210,108.70973991371886,1022.6337541437124,11.185422719499034,3.0,0.9999999999999999
100.0,100,213,480.26395780434507,750.4514366341497,7.755538950942392,1.0,1.0
100.0,100,214,36.29790372660174,249.70622945256355,7.755538950942392,1.0,1.0
100.0,100,215,353.3478293363103,429.0267453763216,9.77136677757192,2.0,1.0
100.0,100,218,676.9189318564094,305.6756818533752,9.77136677757192,2.0,1.0
100.0,100,219,304.96068801483557,101.410184385148,7.755538950942392,1.0,1.0
100.0,100,220,316.6090404311538,925.2330236882025,12.311150689306299,4.0,0.9999999999999999
100.0,100,221,104.86449191933043,181.1045235641607,12.311150689306299,4.0,1.0
100.0,100,224,561.6625455219546,247.40276972060266,9.771366777571922,2.0,1.0
100.0,100,228,894.4140761517419,26.525050252485062,12.311150689306299,4.0,1.0
100.0,100,230,1130.21044859929,730.9479997541036,7.755538950942392,1.0,1.0
100.0,100,231,739.2010522350253,310.19063944685905,11.185422719499032,3.0,1.0
100.0,100,232,503.4076544312158,233.11467605384016,7.755538950942392,1.0,1.0
100.0,100,238,904.1824030105923,862.3455291422272,7.755538950942392,1.0,1.0
100.0,100,241,1223.5257644305113,525.1249504336184,12.311150689306297,4.0,1.0
100.0,100,242,741.0002518794878,27.739433035963344,7.755538950942392,1.0,1.0
100.0,100,243,75.06559553798131,689.8319654267073,7.755538950942392,1.0,1.0
100.0,100,245,730.4897766643953,797.070521268748,11.185422719499034,3.0,1.0
100.0,100,247,381.8628564347956,216.84438093364517,7.755538950942392,1.0,1.0
100.0,100,248,462.47149313359824,192.86741732646928,9.77136677757192,2.0,1.0
100.0,100,250,514.122748420167,806.5686371664556,7.755538950942392,1.0,1.0
100.0,100,255,1336.4921090158234,823.2528219160856,9.77136677757192,2.0,1.0
100.0,100,256,925.4816508878532,725.894599682446,7.755538950942392,1.0,1.0
100.0,100,257,609.4052040853973,41.71043811343052,7.755538950942392,1.0,0.9999999999999999
100.0,100,259,745.8951544280708,165.34850113384272,13.26178505962571,5.0,1.0
100.0,100,260,1088.1932437100436,807.0543878813827,7.755538950942392,1.0,1.0
100.0,100,261,253.58087834168373,423.0556446284342,7.755538950942392,1.0,1.0
100.0,100,262,843.3984628666701,988.9091779793032,11.185422719499034,3.0,0.9999999999999999
100.0,100,263,92.03701986714137,144.46737089263678,11.185422719499034,3.0,1.0
100.0,100,264,939.9065632951674,816.4513668596153,7.755538950942392,1.0,1.0
100.0,100,265,0.7118783998621429,439.3299828371351,7.755538950942392,1.0,1.0
100.0,100,268,1019.2794086599228,228.5035639956171,7.755538950942392,1.0,1.0
100.0,100,269,107.67866012346425,375.9370736194568,11.185422719499032,3.0,1.0
100.0,100,270,336.8984527123666,413.0896496550385,9.771366777571922,2.0,0.9999999999999999
100.0,100,273,621.8096597957342,582.1778534972557,7.755538950942392,1.0,1.0
100.0,100,274,788.2486902111295,846.3928359054933,7.755538950942392,1.0,1.0
100.0,100,275,1178.3920047385484,391.54580112960883,7.755538950942392,1.0,1.0
100.0,100,276,1092.8683472435323,532.4955750633727,7.755538950942392,1.0,1.0
100.0,100,278,1241.8215516905434,359.12200879895823,13.261785059625714,5.0,0.9999999999999999
100.0,100,279,127.53573533138002,634.9336571308522,13.261785059625714,5.0,1.0
100.0,100,280,350.42576956046054,975.3878259431582,7.755538950942392,1.0,1.0
100.0,100,281,1194.5925132349344,547.7391290896444,11.185422719499032,3.0,1.0
100.0,100,283,678.9667818212507,595.9783857080924,9.77136677757192,2.0,1.0
100.0,100,284,74.55823464081953,800.462402871297,7.755538950942392,1.0,0.9999999999999999
100.0,100,285,860.239121706818,644.0492341728285,7.755538950942392,1.0,1.0
100.0,100,286,1134.4551482474772,259.5191945523263,7.755538950942392,1.0,1.0
100.0,100,287,101.86947065805865,718.631737981846,7.755538950942392,1.0,1.0
100.0,100,289,1244.2017159020234,819.8237365459837,12.311150689306299,4.0,1.0
100.0,100,291,507.3813804856486,363.1489372338493,9.771366777571922,2.0,1.0
100.0,100,294,619.6656925262276,430.88810132352415,7.755538950942392,1.0,1.0
100.0,100,295,49.47705148935605,748.290928264763,12.311150689306297,4.0,1.0
100.0,100,300,348.32491809033354,662.6757745606615,11.185422719499034,3.0,1.0
100.0,100,301,1112.4029219111706,40.89721750254698,9.77136677757192,2.0,1.0
100.0,100,302,641.5029092414832,987.0973099454628,7.755538950942392,1.0,1.0
100.0,100,304,718.6408351287276,406.7709423149341,7.755538950942392,1.0,1.0
100.0,100,306,154.53769312387615,592.9848828960387,7.755538950942392,1.0,0.9999999999999999
100.0,100,307,984.4996656427571,483.0056044805364,12.311150689306297,4.0,1.0
100.0,100,309,818.3162272641796,195.65044719634335,7.755538950942392,1.0,1.0
100.0,100,311,692.9301571095025,579.6411367202036,9.77136677757192,2.0,1.0
100.0,100,314,173.4401556549845,146.49136535414985,7.755538950942392,1.0,1.0
100.0,100,318,1214.7140363964602,603.7475955010594,11.185422719499032,3.0,1.0
100.0,100,319,115.91267855835638,993.8343290427196,9.77136677757192,2.0,1.0
100.0,100,320,1247.5647038070929,115.78677113294769,9.77136677757192,2.0,0.9999999999999999
100.0,100,322,867.2931164161931,974.1608996838638,9.77136677757192,2.0,1.0
100.0,100,323,75.49603128329555,430.01993697266323,9.77136677757192,2.0,1.0
100.0,100,325,210.14356470563564,933.7452608674173,7.755538950942392,1.0,1.0
100.0,100,326,198.13542996733685,471.73351259493893,9.77136677757192,2.0,1.0
100.0,100,327,915.3999528338288,473.2769381342205,7.755538950942392,1.0,1.0
100.0,100,330,409.30784220150565,863.2767347554898,11.185422719499034,3.0,0.9999999999999999
100.0,100,331,133.24935462356743,722.4996069825388,15.511077901884784,8.0,1.0
100.0,100,333,626.2186214231135,27.536739089179946,7.755538950942392,1.0,1.0
100.0,100,334,1131.780884445535,829.7882425485492,7.755538950942392,1.0,1.0
100.0,100,337,586.4865470359088,936.7012285860038,9.77136677757192,2.0,1.0
100.0,100,339,821.1295809036635,90.12450559088865,7.755538950942392,1.0,0.9999999999999999
100.0,100,340,896.4296217893655,666.1671062207984,9.771366777571922,2.0,1.0
100.0,100,341,987.4931924338109,611.9825129275144,12.311150689306297,4.0,1.0
100.0,100,342,877.4812100855994,135.4212473699204,9.77136677757192,2.0,1.0
100.0,100,343,135.24165059299838,483.31195650994766,7.755538950942392,1.0,1.0
100.0,100,344,728.8337404037011,357.8685495090377,7.755538950942392,1.0,1.0
100.0,100,346,1183.3450590775553,632.1090338603675,7.755538950942392,1.0,1.0
100.0,100,348,407.94026155193654,659.60805973002,7.755538950942392,1.0,1.0
100.0,100,350,1257.3131219512697,159.13007765277283,7.755538950942392,1.0,1.0
100.0,100,354,476.2285600975801,241.21373603616968,7.755538950942392,1.0,1.0
100.0,100,355,96.77923611866419,493.1288428462823,7.755538950942392,1.0,0.9999999999999999
100.0,100,356,680.503569853885,1017.4317020572671,7.755538950942392,1.0,0.9999999999999999
100.0,100,360,678.74033863685,333.5076868217264,7.755538950942392,1.0,1.0
100.0,100,361,24.887992045450247,626.3223417715247,11.185422719499032,3.0,1.0
100.0,100,362,992.7484298789594,702.416275997473,7.755538950942392,1.0,1.0
100.0,100,363,601.4289878225592,508.10111819241683,7.755538950942392,1.0,1.0
100.0,100,364,1332.7430393520342,418.28285332663853,7.755538950942392,1.0,1.0
100.0,100,365,115.82555930099228,70.12344378011599,7.755538950942392,1.0,0.9999999999999999
100.0,100,366,843.0990094213038,163.71816760774294,7.755538950942392,1.0,1.0
100.0,100,367,1185.4570756073165,995.6191386081903,7.755538950942392,1.0,1.0
100.0,100,368,1329.2767353915958,169.72029530982857,13.261785059625714,5.0,1.0
100.0,100,370,36.33137329666631,994.3501546311599,7.755538950942392,1.0,1.0
100.0,100,371,579.5997525828745,428.0528089960093,9.771366777571922,2.0,1.0
100.0,100,373,874.4696517158526,195.6951707070733,7.755538950942392,1.0,1.0
100.0,100,374,873.4471111203446,79.8808165508592,11.185422719499032,3.0,0.9999999999999999
100.0,100,380,861.0497686699334,19.892149232266213,9.771366777571922,2.0,0.9999999999999999
100.0,100,381,814.5232744390198,336.33636128888793,9.77136677757192,2.0,1.0
100.0,100,382,1342.0948141705098,279.42872004732044,9.77136677757192,2.0,1.0
100.0,100,383,933.467200074291,504.7398070180712,9.771366777571922,2.0,1.0
100.0,100,385,699.1500606827434,548.647359944709,9.771366777571922,2.0,1.0
100.0,100,387,815.1852279193944,261.16159196067906,9.77136677757192,2.0,1.0
100.0,100,388,182.93500423929189,649.9056559325343,7.755538950942392,1.0,1.0
100.0,100,390,364.25163962135014,171.32589150724655,12.311150689306299,4.0,1.0
100.0,100,391,740.898849736008,502.94255136016346,13.261785059625714,5.0,0.9999999999999999
100.0,100,393,272.2933650582504,900.3372933713686,7.755538950942392,1.0,1.0
100.0,100,396,1043.6562180675387,357.60921702856524,9.77136677757192,2.0,1.0
100.0,100,399,522.6972705582921,616.0106887983028,11.185422719499032,3.0,1.0
100.0,100,400,222.08108292367214,382.1235597436397,7.755538950942392,1.0,1.0
100.0,100,403,644.8796903043415,538.0385115213255,7.755538950942392,1.0,1.0
100.0,100,405,760.0714925921401,372.55119447445236,12.311150689306297,4.0,1.0
100.0,100,406,258.9534047077558,789.0097924911622,14.092749536269183,6.0,1.0
100.0,100,409,575.2129346715851,872.3075103259268,12.311150689306299,4.0,1.0
100.0,100,410,570.4268612791295,540.8914619645451,9.771366777571922,2.0,1.0
100.0,100,412,752.0445773977518,643.8797839138401,9.77136677757192,2.0,1.0
100.0,100,414,1206.9501462611793,495.53495871404107,7.755538950942392,1.0,0.9999999999999999
100.0,100,415,1135.0510163372774,696.4345436713365,7.755538950942392,1.0,1.0
100.0,100,416,398.2069465673688,730.1865715887736,7.755538950942392,1.0,1.0
100.0,100,417,910.2417530178874,520.6702241143084,11.185422719499034,3.0,1.0
100.0,100,418,541.3563228738053,688.1419467780786,9.77136677757192,2.0,1.0
100.0,100,419,337.30306766465054,895.2004161734679,9.771366777571922,2.0,1.0
100.0,100,420,690.7316361099951,963.9799035287151,9.771366777571922,2.0,1.0
100.0,100,421,989.5672710523635,334.1927680844994,11.185422719499034,3.0,1.0
100.0,100,422,155.6867564178443,665.6258103425633,7.755538950942392,1.0,1.0
100.0,100,427,546.9676033759043,13.946552614700698,9.77136677757192,2.0,1.0
100.0,100,428,1059.8232857667492,192.06029307988328,9.77136677757192,2.0,1.0
100.0,100,431,269.3084189856164,582.6080424361033,7.755538950942392,1.0,1.0
100.0,100,432,358.0946591837188,771.3757346645283,11.185422719499034,3.0,1.0
100.0,100,433,289.0915028460932,596.9494430551698,9.77136677757192,2.0,1.0
100.0,100,435,889.7571263256639,238.0286028365495,7.755538950942392,1.0,0.9999999999999999
100.0,100,436,305.45252920108715,662.6799181555499,9.77136677757192,2.0,0.9999999999999999
100.0,100,438,860.9168293716965,717.933632715328,7.755538950942392,1.0,1.0
100.0,100,439,531.6873171475686,863.2503118549163,12.311150689306299,4.0,1.0
100.0,100,440,358.1689163264742,876.5382343001297,7.755538950942392,1.0,1.0
100.0,100,441,950.522463335616,435.4476436600101,12.311150689306297,4.0,1.0
100.0,100,442,499.931466041869,327.4378400915813,7.755538950942392,1.0,1.0
100.0,100,443,216.31008010973773,745.8768176128099,7.755538950942392,1.0,0.9999999999999999
100.0,100,445,1046.3881712335015,32.506545546289445,7.755538950942392,1.0,1.0
100.0,100,446,324.7557382896912,259.87557279590766,7.755538950942392,1.0,1.0
100.0,100,449,1197.5274132520492,129.13730336182695,7.755538950942392,1.0,1.0
100.0,100,451,1333.0062618747293,509.3274842763015,7.755538950942392,1.0,1.0
100.0,100,453,187.85913284361942,1015.0164516720254,7.755538950942392,1.0,1.0
100.0,100,455,857.413070097755,210.96252942569205,12.311150689306299,4.0,1.0
100.0,100,456,310.6545496678276,811.5523911356669,9.77136677757192,2.0,0.9999999999999999
100.0,100,458,1242.8085713068076,168.13729241512067,7.755538950942392,1.0,1.0
100.0,100,459,1310.0179985862515,351.26576513070205,9.77136677757192,2.0,1.0
100.0,100,461,150.55856782409745,59.1121501588378,9.77136677757192,2.0,1.0
100.0,100,462,1096.9321741699198,297.5826508177806,7.755538950942392,1.0,1.0
100.0,100,464,1335.2236096927793,64.44679359458185,7.755538950942392,1.0,1.0
100.0,100,465,800.9932807441644,178.52036033634764,7.755538950942392,1.0,0.9999999999999999
100.0,100,468,1210.7591789120763,912.9645522412718,11.185422719499032,3.0,1.0
100.0,100,469,1132.1530848218158,888.7298593432813,7.755538950942392,1.0,1.0
100.0,100,470,84.87902785636989,412.42467203495266,7.755538950942392,1.0,1.0
100.0,100,472,309.7144461865887,135.524829880297,7.755538950942392,1.0,1.0
100.0,100,473,398.12673466707025,910.5874782790925,7.755538950942392,1.0,0.9999999999999999
100.0,100,474,90.15688362707579,1003.1330259528479,11.185422719499034,3.0,0.9999999999999999
100.0,100,476,485.9155699387758,137.12058352798738,13.261785059625714,5.0,0.9999999999999999
100.0,100,477,274.79543704779536,938.6071312391754,12.311150689306299,4.0,1.0
100.0,100,479,353.630209700081,934.2606620678408,7.755538950942392,1.0,1.0
100.0,100,481,591.2771536319943,978.6394160314676,11.185422719499034,3.0,0.9999999999999999
100.0,100,485,1050.8294383661307,685.9424382611879,7.755538950942392,1.0,1.0
100.0,100,486,408.11871776451545,129.81952426034087,7.755538950942392,1.0,1.0
100.0,100,487,1070.7650459609702,955.8019915424999,14.09274953626919,6.0,0.9999999999999999
100.0,100,489,657.3805657729032,147.85540953696298,9.77136677757192,2.0,1.0
100.0,100,490,450.4659915386846,905.4784488288233,9.77136677757192,2.0,1.0
100.0,100,491,654.8504065929188,760.1336294046941,12.311150689306299,4.0,1.0
100.0,100,494,814.5700636589221,759.9456220477012,9.77136677757192,2.0,1.0
100.0,100,496,693.3407872440783,510.2694955662172,9.771366777571922,2.0,1.0
100.0,100,497,1191.58507436036,777.4820696868542,9.771366777571922,2.0,1.0
100.0,100,498,416.6293094634441,480.46898242446827,7.755538950942392,1.0,1.0
100.0,100,500,536.1652511752316,188.38991558047368,7.755538950942392,1.0,1.0
100.0,100,501,515.9071282003872,990.352649500405,12.311150689306299,4.0,1.0
100.0,100,503,540.5030817874174,41.58816788016472,13.261785059625712,5.0,1.0
100.0,100,504,995.4950406916515,207.24052320207326,7.755538950942392,1.0,1.0
100.0,100,506,108.84076512632998,745.6017117487895,7.755538950942392,1.0,1.0
100.0,100,507,1338.2784762500023,316.7312619692139,7.755538950942392,1.0,1.0
100.0,100,508,1162.7339781263167,514.7781233702799,12.311150689306299,4.0,0.9999999999999999
100.0,100,509,1066.585591356435,866.1214352604932,9.77136677757192,2.0,0.9999999999999999
100.0,100,510,599.81054622152,216.54470835662428,13.261785059625714,5.0,1.0
100.0,100,511,521.3396705400452,500.0142389987807,9.77136677757192,2.0,1.0
100.0,100,512,191.39242596400308,869.0505256606581,11.185422719499034,3.0,0.9999999999999999
100.0,100,513,1264.1453102049486,588.5960852931104,14.835812298463564,7.0,1.0
100.0,100,516,1223.5068408373309,386.81470279969204,11.185422719499032,3.0,0.9999999999999999
100.0,100,517,903.6075389009828,835.9554081839628,9.77136677757192,2.0,1.0
100.0,100,518,130.1701170258416,525.2962294103768,12.311150689306299,4.0,1.0
100.0,100,519,822.4250605050161,387.28704550321623,14.09274953626919,6.0,0.9999999999999999
100.0,100,520,805.9812510125502,1018.9895488595957,11.185422719499034,3.0,1.0
100.0,100,521,828.1773939597218,53.00106751197836,13.261785059625714,5.0,1.0
100.0,100,522,983.1132884857407,984.8722003524282,7.755538950942392,1.0,0.9999999999999999
100.0,100,523,975.4342583753769,184.66205072433561,7.755538950942392,1.0,1.0
100.0,100,524,861.3244836412263,878.9004867756325,9.77136677757192,2.0,0.9999999999999999
100.0,100,529,783.260243077537,566.1379263912697,7.755538950942392,1.0,1.0
100.0,100,530,119.82347186228596,684.1415560687931,9.771366777571922,2.0,0.9999999999999999
100.0,100,533,830.3891242041163,874.4334268309649,9.771366777571922,2.0,1.0
100.0,100,535,844.7192503360783,134.48950070676426,7.755538950942392,1.0,0.9999999999999999
100.0,100,536,339.21938175277256,488.3002459315806,7.755538950942392,1.0,1.0
100.0,100,538,545.3901324439333,452.6629269405777,11.185422719499032,3.0,1.0
100.0,100,539,967.1712512444936,226.7075602093045,7.755538950942392,1.0,1.0
100.0,100,540,309.8783143365151,545.103070317927,7.755538950942392,1.0,0.9999999999999999
100.0,100,543,905.4395514461747,405.6546625362879,11.185422719499034,3.0,1.0
100.0,100,546,1037.1271171683934,835.7932087805555,9.77136677757192,2.0,1.0
100.0,100,547,498.40985669482257,253.98555453362883,7.755538950942392,1.0,1.0
100.0,100,548,895.9892199432923,445.09444377803004,12.311150689306299,4.0,1.0
100.0,100,551,1250.3309026374714,766.7801653738237,7.755538950942392,1.0,1.0
100.0,100,555,152.8729997064771,188.29352582332797,11.185422719499032,3.0,1.0
100.0,100,556,270.3702922728334,467.7154478923451,7.755538950942392,1.0,0.9999999999999999
100.0,100,557,600.379066996129,319.25445641911796,12.311150689306299,4.0,1.0
100.0,100,559,1070.1842411358134,85.04517101902462,7.755538950942392,1.0,1.0
100.0,100,561,1314.0902500959467,888.5939289517154,7.755538950942392,1.0,1.0
100.0,100,562,183.37342368797184,231.76085717609294,11.185422719499032,3.0,1.0
100.0,100,563,443.58273213462155,414.92091619020886,7.755538950942392,1.0,1.0
100.0,100,564,358.31755644753696,455.4196177464184,11.185422719499032,3.0,1.0
100.0,100,565,1215.9696827194703,752.4384938816459,7.755538950942392,1.0,1.0
100.0,100,568,1109.325096975523,159.7103242598583,7.755538950942392,1.0,1.0
100.0,100,569,333.1092931903117,342.1725296850008,7.755538950942392,1.0,1.0
100.0,100,570,1312.2195537989676,559.3814165888219,11.185422719499034,3.0,1.0
100.0,100,573,486.45610226725097,960.3879262015516,7.755538950942392,1.0,1.0
100.0,100,574,186.04774750579944,802.47763279018,7.755538950942392,1.0,1.0
100.0,100,575,677.0966752127381,686.846783807781,7.755538950942392,1.0,1.0
100.0,100,576,819.5440578176057,162.275450933533,7.755538950942392,1.0,1.0
100.0,100,579,545.5415455520009,268.1071048804752,7.755538950942392,1.0,1.0
100.0,100,581,607.2663446973897,833.8307069390602,13.261785059625714,5.0,1.0
100.0,100,582,561.8507237451524,286.06427535376,9.77136677757192,2.0,1.0
100.0,100,583,1225.325079585698,255.27654356743113,11.185422719499034,3.0,1.0
100.0,100,584,1089.5146051225877,779.5279012934668,7.755538950942392,1.0,1.0
100.0,100,586,393.0542098251085,1022.9338328108261,7.755538950942392,1.0,0.9999999999999999
100.0,100,587,1069.3349927132515,826.3102964526438,9.77136677757192,2.0,1.0
100.0,100,592,885.8346340577201,300.3503787115863,9.77136677757192,2.0,1.0
100.0,100,593,685.5965839522909,798.0062925177214,9.77136677757192,2.0,1.0
100.0,100,594,532.9027617637618,900.5440023077748,11.185422719499034,3.0,1.0
100.0,100,598,597.626591968642,447.4526447690329,11.185422719499032,3.0,1.0
100.0,100,600,539.7661561745538,528.1666204752385,11.185422719499034,3.0,1.0
100.0,100,602,165.413314305933,312.63076580428594,7.755538950942392,1.0,1.0
100.0,100,605,794.4552516768362,34.81403128825753,14.835812298463564,7.0,1.0
100.0,100,606,1213.116891901,632.9331633967724,7.755538950942392,1.0,1.0
100.0,100,607,1162.1165132300928,175.42267241277173,12.311150689306297,4.0,0.9999999999999999
100.0,100,608,938.1499487028773,698.4412742139566,9.771366777571922,2.0,0.9999999999999999
100.0,100,609,999.101367490199,854.520967452366,7.755538950942392,1.0,0.9999999999999999
100.0,100,612,350.79414641965917,309.97878376862565,14.09274953626919,6.0,1.0
100.0,100,613,1254.6974128509073,728.6984003638199,7.755538950942392,1.0,0.9999999999999999
100.0,100,614,398.96734285190945,760.8785759885922,12.311150689306299,4.0,1.0
100.0,100,619,636.1107874457555,244.93014055485514,7.755538950942392,1.0,1.0
100.0,100,621,174.99190914099708,41.57457105195685,7.755538950942392,1.0,1.0
100.0,100,622,260.8484531711349,43.79334780871757,7.755538950942392,1.0,1.0
100.0,100,625,578.3295343697866,738.9223399364755,7.755538950942392,1.0,1.0
100.0,100,626,895.6473188413061,173.02026419328945,7.755538950942392,1.0,1.0
100.0,100,627,1248.138026184477,19.221144353498985,12.311150689306299,4.0,1.0
100.0,100,629,804.4352485647113,884.3162782995074,11.185422719499032,3.0,1.0
100.0,100,632,403.0121553279114,705.3623523199772,9.771366777571922,2.0,0.9999999999999999
100.0,100,633,1109.4061839389892,89.22527466908477,9.77136677757192,2.0,0.9999999999999999
100.0,100,636,678.9208810899346,929.8773481903563,11.185422719499034,3.0,1.0
100.0,100,638,77.13207011099625,227.07551153741306,7.755538950942392,1.0,1.0
100.0,100,640,37.67956686066881,453.88602487589,7.755538950942392,1.0,1.0
100.0,100,641,162.91417231206827,923.5545432904017,7.755538950942392,1.0,1.0
100.0,100,646,376.7723481949425,885.6813458084612,11.185422719499032,3.0,1.0
100.0,100,647,173.3753090546683,286.38218232391404,9.771366777571922,2.0,1.0
100.0,100,649,1112.4037543112327,122.39280555896163,9.77136677757192,2.0,1.0
100.0,100,654,1296.7027463132845,129.96664467077102,11.185422719499034,3.0,1.0
100.0,100,655,578.9269715823879,701.1902675598485,7.755538950942392,1.0,1.0
100.0,100,658,571.8717193021016,341.0345508067607,14.092749536269185,6.0,1.0
100.0,100,659,1296.437671002306,967.0769255811917,9.771366777571922,2.0,0.9999999999999999
100.0,100,662,1134.471098719217,962.2640672232552,7.755538950942392,1.0,1.0
100.0,100,665,1034.1606899988806,109.09352428688838,11.185422719499032,3.0,0.9999999999999999
100.0,100,666,1228.4766424924328,1002.6672981123445,13.261785059625714,5.0,1.0
100.0,100,667,195.8865435667638,86.6104750766392,7.755538950942392,1.0,1.0
100.0,100,668,234.83595177346427,951.4350690246,7.755538950942392,1.0,1.0
100.0,100,671,1025.9181173415936,87.9367781450339,7.755538950942392,1.0,1.0
100.0,100,672,807.1313406553185,979.0330704032161,7.755538950942392,1.0,0.9999999999999999
100.0,100,674,1059.1373500834948,635.8940497566751,7.755538950942392,1.0,1.0
100.0,100,675,394.82615257504773,499.0113224575545,7.755538950942392,1.0,1.0
100.0,100,676,1285.258191613484,868.0380270168811,9.77136677757192,2.0,1.0
100.0,100,678,112.22406935648384,248.4409317385042,9.77136677757192,2.0,1.0
100.0,100,680,875.6491938017908,594.7810871336511,7.755538950942392,1.0,1.0
100.0,100,682,1216.5576340886612,82.31170091273307,7.755538950942392,1.0,1.0
100.0,100,684,1308.3121788114477,942.5576277509822,11.185422719499034,3.0,1.0
100.0,100,687,1204.533693517345,283.61739274257735,12.311150689306297,4.0,0.9999999999999999
100.0,100,688,238.50541504005704,488.996116888338,7.755538950942392,1.0,1.0
100.0,100,689,436.70601257876143,616.6984117472699,7.755538950942392,1.0,1.0
100.0,100,694,1106.1963513446185,877.8145563436077,7.755538950942392,1.0,0.9999999999999999
100.0,100,698,668.4480802832923,102.49518542796577,9.771366777571922,2.0,1.0
100.0,100,700,445.1500631916738,506.53022736060024,11.185422719499032,3.0,1.0
100.0,100,702,696.5264492170455,37.07203997107584,7.755538950942392,1.0,0.9999999999999999
100.0,100,704,142.4664965857476,256.3728023382773,9.771366777571922,2.0,1.0
100.0,100,705,408.8107684348848,413.05733103671554,11.185422719499034,3.0,1.0
100.0,100,706,300.1709906634328,201.92608528528936,11.185422719499032,3.0,1.0
100.0,100,707,250.90779015455476,257.36039129798326,11.185422719499032,3.0,1.0
100.0,100,710,817.5957605372573,671.8465188059545,7.755538950942392,1.0,0.9999999999999999
100.0,100,717,519.7806632013057,657.0664085536303,13.26178505962571,5.0,1.0
100.0,100,718,435.03421630038366,157.88496252333442,9.771366777571922,2.0,1.0
100.0,100,720,631.150950572238,831.4922847730144,9.77136677757192,2.0,1.0
100.0,100,722,1009.9179726956904,781.7374707127834,11.185422719499032,3.0,0.9999999999999999
100.0,100,723,428.57581667048817,592.3298853798107,11.185422719499032,3.0,1.0
100.0,100,724,888.9080963879454,625.3667955157368,7.755538950942392,1.0,1.0
100.0,100,726,1265.0429648589031,53.882149971740446,9.771366777571922,2.0,1.0
100.0,100,728,1030.6072510790214,387.18253506619175,7.755538950942392,1.0,1.0
100.0,100,729,566.34682225326,100.190928483778,9.771366777571922,2.0,1.0
100.0,100,730,686.105558321096,468.24033807140916,9.77136677757192,2.0,0.9999999999999999
100.0,100,732,511.1795805617604,155.13541262319526,11.185422719499032,3.0,1.0
100.0,100,733,239.650928902819,286.7908435566515,12.311150689306297,4.0,1.0
100.0,100,734,1337.0447754332588,18.849564747079956,7.755538950942392,1.0,1.0
100.0,100,735,721.2741963348153,7.12439647977366,7.755538950942392,1.0,1.0
100.0,100,737,1104.4089781438854,484.0970215198139,11.185422719499032,3.0,1.0
100.0,100,740,1239.0906316121955,962.8230866771005,7.755538950942392,1.0,1.0
100.0,100,745,1085.0856404891983,498.0695754651725,9.77136677757192,2.0,1.0
100.0,100,746,1272.882507869632,386.65610707526065,9.77136677757192,2.0,1.0
100.0,100,747,629.6710689168746,739.97655225964,11.185422719499034,3.0,1.0
100.0,100,748,1227.971139180509,340.6043847558942,7.755538950942392,1.0,1.0
100.0,100,750,791.5985479479261,247.95447086074665,9.77136677757192,2.0,1.0
100.0,100,752,1305.0923361197608,699.6086311608454,9.771366777571922,2.0,1.0
100.0,100,753,646.6433202877628,472.44413784915054,9.771366777571922,2.0,1.0
100.0,100,754,547.3647555763575,725.6102548202548,7.755538950942392,1.0,1.0
100.0,100,755,938.0077289514143,132.3584737522352,7.755538950942392,1.0,1.0
100.0,100,757,772.6660660352566,483.9129197078063,9.77136677757192,2.0,1.0
100.0,100,758,649.1413686352338,410.3141365552945,9.77136677757192,2.0,0.9999999999999999
100.0,100,759,55.10532079768023,617.562563553496,11.185422719499032,3.0,1.0
100.0,100,760,154.7508707648717,1016.4713369717475,11.185422719499034,3.0,1.0
100.0,100,762,992.9240001444635,48.36207867091598,11.185422719499032,3.0,1.0
100.0,100,764,220.16920300667746,663.8103197651383,7.755538950942392,1.0,1.0
100.0,100,765,723.7173141432111,470.7191333139476,11.185422719499034,3.0,1.0
100.0,100,766,361.19180248235335,2.869743798462932,9.77136677757192,2.0,1.0
100.0,100,767,353.2882237668256,597.8330994628786,7.755538950942392,1.0,1.0
100.0,100,768,717.0950514541897,645.4059843969867,14.835812298463562,7.0,1.0
100.0,100,769,12.824584875958216,681.3532702420985,12.311150689306299,4.0,0.9999999999999999
100.0,100,772,1027.8136740999157,917.9502593008543,7.755538950942392,1.0,1.0
100.0,100,773,924.6824441852841,655.518472689206,7.755538950942392,1.0,1.0
100.0,100,774,70.28425241016228,849.8897689509521,11.185422719499034,3.0,1.0
100.0,100,776,1079.7828353386815,152.1127370067583,9.77136677757192,2.0,1.0
100.0,100,777,388.7782955911312,328.0965916973356,7.755538950942392,1.0,1.0
100.0,100,780,239.16097613853864,685.1433025577398,11.185422719499032,3.0,1.0
100.0,100,781,427.1061839843628,197.79244674985915,7.755538950942392,1.0,0.9999999999999999
100.0,100,782,147.66581684297728,567.0379848485593,11.185422719499032,3.0,1.0
100.0,100,783,172.00067489134096,703.4218065537042,13.26178505962571,5.0,1.0
100.0,100,786,485.6312256128855,828.0451737191291,7.755538950942392,1.0,1.0
100.0,100,787,739.6571811042603,858.8765330516715,11.185422719499032,3.0,1.0
100.0,100,788,1123.719513005685,405.5621576848075,7.755538950942392,1.0,1.0
100.0,100,789,393.7654922318722,967.5851713428294,11.185422719499034,3.0,1.0
100.0,100,790,708.8036874823649,919.5392602991639,11.185422719499034,3.0,1.0
100.0,100,791,923.5503090177681,951.4555523527395,12.311150689306299,4.0,1.0
100.0,100,792,558.8801024276335,768.3975263071816,15.511077901884784,8.0,1.0
100.0,100,795,238.80149031506286,838.9621259831647,11.185422719499032,3.0,1.0
100.0,100,796,240.36117873419605,315.4950348031028,7.755538950942392,1.0,1.0
100.0,100,798,1019.7350713232154,461.9716331974373,7.755538950942392,1.0,0.9999999999999999
100.0,100,799,34.99743579117277,203.3276673789399,7.755538950942392,1.0,1.0
100.0,100,800,344.50091153155364,724.0086245798182,9.77136677757192,2.0,1.0
100.0,100,801,1233.0926241246939,95.70165031641675,7.755538950942392,1.0,1.0
100.0,100,805,717.4055407153432,973.2825649289991,9.77136677757192,2.0,0.9999999999999999
100.0,100,806,383.0386749633456,675.944113243248,9.771366777571922,2.0,0.9999999999999999
100.0,100,809,1194.4469276538925,471.94262482912256,9.77136677757192,2.0,1.0
100.0,100,810,1056.7290043664668,148.75145909197323,9.77136677757192,2.0,1.0
100.0,100,811,822.9629522175633,554.3455148165986,16.132171110904203,9.0,1.0
100.0,100,812,45.80304168831455,407.40882389873224,7.755538950942392,1.0,0.9999999999999999
100.0,100,815,472.07002268567146,573.8838534822485,9.77136677757192,2.0,1.0
100.0,100,817,1192.8790962412259,726.5042800255661,9.77136677757192,2.0,1.0
100.0,100,818,271.8955829689117,1008.6407205658724,7.755538950942392,1.0,0.9999999999999999
100.0,100,819,1026.7133524676403,943.4355649885335,7.755538950942392,1.0,0.9999999999999999
100.0,100,820,1105.9297230025838,582.2167731712034,7.755538950942392,1.0,1.0
100.0,100,821,1304.6138343485418,36.60736982331778,13.261785059625714,5.0,0.9999999999999999
100.0,100,823,473.22774990266464,693.4195291135944,7.755538950942392,1.0,0.9999999999999999
100.0,100,826,984.6350855403164,840.1394541402246,9.771366777571922,2.0,1.0
100.0,100,828,149.37827803409348,816.9504102040628,9.77136677757192,2.0,1.0
100.0,100,829,779.1394068399808,143.1446468765331,9.77136677757192,2.0,1.0
100.0,100,830,438.0922196277631,754.1689552573026,9.771366777571922,2.0,1.0
100.0,100,831,834.6131385225524,606.5882259525146,9.771366777571922,2.0,1.0
100.0,100,832,1045.797765844163,466.00496611231847,11.185422719499034,3.0,1.0
100.0,100,833,456.6489474512328,327.06954593218643,11.185422719499034,3.0,1.0
100.0,100,837,945.9443780430493,639.7436560320375,11.185422719499034,3.0,1.0
100.0,100,838,305.2066018360862,310.39481342447715,7.755538950942392,1.0,1.0
100.0,100,839,962.7212203678716,97.3056518334382,7.755538950942392,1.0,1.0
100.0,100,840,746.5059421223742,680.9816220424162,7.755538950942392,1.0,1.0
100.0,100,841,898.3001960528329,582.4992211408226,11.185422719499032,3.0,1.0
100.0,100,842,41.92085734262098,516.9393636588965,7.755538950942392,1.0,1.0
100.0,100,843,937.2263638151061,905.1330549798934,7.755538950942392,1.0,1.0
100.0,100,845,1338.9993939700287,626.6248983520568,7.755538950942392,1.0,1.0
100.0,100,846,685.0216608247318,436.88878323773633,9.77136677757192,2.0,1.0
100.0,100,848,589.6490735286382,629.3788404013645,13.261785059625714,5.0,1.0
100.0,100,851,1319.874784379576,652.0409043835683,13.261785059625714,5.0,0.9999999999999999
100.0,100,853,477.3586494449736,800.7604319947761,12.311150689306299,4.0,1.0
100.0,100,855,592.9517940786238,599.2651734375399,7.755538950942392,1.0,1.0
100.0,100,857,747.0640897436514,896.317030923215,9.771366777571922,2.0,1.0
100.0,100,859,891.5644164465933,774.9211858790334,9.771366777571922,2.0,1.0
100.0,100,860,6.393718586951412,260.9257959106621,9.771366777571922,2.0,1.0
100.0,100,861,997.0757147085523,68.53171147037526,7.755538950942392,1.0,1.0
100.0,100,862,306.0965521408144,576.9671799896531,7.755538950942392,1.0,0.9999999999999999
100.0,100,865,838.8746659476951,112.06115053751516,7.755538950942392,1.0,1.0
100.0,100,866,932.56777834596,19.059063945650518,9.77136677757192,2.0,1.0
100.0,100,868,1295.364368140167,806.739348290485,14.092749536269187,6.0,1.0
100.0,100,869,1327.7972551318012,123.70569355790681,11.185422719499034,3.0,1.0
100.0,100,870,227.61300740080702,188.96143320062762,7.755538950942392,1.0,1.0
100.0,100,871,706.829913805429,759.4531859105867,13.261785059625714,5.0,1.0
100.0,100,872,1042.792833987389,437.07744126159344,7.755538950942392,1.0,1.0
100.0,100,873,60.33600405892202,391.32437513669714,7.755538950942392,1.0,1.0
100.0,100,877,171.53835785483284,433.05089775004257,7.755538950942392,1.0,1.0
100.0,100,879,707.5145745739611,336.3419381694454,9.771366777571922,2.0,1.0
100.0,100,882,290.90182741996085,638.7810038140235,7.755538950942392,1.0,1.0
100.0,100,883,7.674375322634938,145.58377783234434,9.77136677757192,2.0,0.9999999999999999
100.0,100,884,654.4764902084613,339.5211008299487,9.77136677757192,2.0,0.9999999999999999
100.0,100,886,83.87281550915262,652.2526627027286,9.77136677757192,2.0,1.0
100.0,100,887,448.3849444338169,239.31131732375053,12.311150689306299,4.0,0.9999999999999999
100.0,100,890,1270.986433447064,247.5455303000562,11.185422719499032,3.0,1.0
100.0,100,892,342.6667783841476,43.44045097831325,7.755538950942392,1.0,1.0
100.0,100,894,1185.9971146100127,0.6520404235764936,11.185422719499034,3.0,1.0
100.0,100,896,232.17722070712654,927.4393055969539,7.755538950942392,1.0,1.0
100.0,100,897,732.2356636198357,579.3768038699064,9.77136677757192,2.0,0.9999999999999999
100.0,100,898,1075.19051792197,297.588196639137,9.77136677757192,2.0,1.0
100.0,100,899,1193.5053478525117,839.1965934632772,12.311150689306297,4.0,0.9999999999999999
100.0,100,901,1052.1584958481842,1.258201651176166,11.185422719499032,3.0,1.0
100.0,100,903,286.65261082788606,374.5492589089252,16.132171110904203,9.0,1.0
100.0,100,905,710.9807833730636,874.1301911290116,11.185422719499032,3.0,1.0
100.0,100,907,1159.151459881554,924.1800576619557,9.771366777571922,2.0,1.0
100.0,100,910,1273.1411133907914,790.3519502980404,9.77136677757192,2.0,1.0
100.0,100,911,337.50421299395344,92.66346473245244,7.755538950942392,1.0,1.0
100.0,100,912,432.3837034919447,896.9302160540375,7.755538950942392,1.0,1.0
100.0,100,913,310.17110940665435,734.136818317728,7.755538950942392,1.0,1.0
100.0,100,914,864.5789562070058,375.69904306290584,12.311150689306297,4.0,1.0
100.0,100,915,43.777690595595445,62.3195762143474,7.755538950942392,1.0,1.0
100.0,100,916,835.3147301719787,301.90453198177914,7.755538950942392,1.0,1.0
100.0,100,921,1228.7067119640312,475.6500203996816,7.755538950942392,1.0,1.0
100.0,100,924,645.8524215021557,3.672196988969783,9.77136677757192,2.0,1.0
100.0,100,925,896.8168915789865,351.8019713663381,12.311150689306299,4.0,1.0
100.0,100,926,229.68499648992457,84.16543090362069,12.311150689306297,4.0,1.0
100.0,100,927,1260.3007444193054,83.30583080037371,14.09274953626919,6.0,1.0
100.0,100,928,522.1148684576943,950.7984208584193,7.755538950942392,1.0,0.9999999999999999
100.0,100,932,1281.463186402096,538.3352436691357,11.185422719499032,3.0,1.0
100.0,100,933,1024.4878119333034,203.850383540036,7.755538950942392,1.0,1.0
100.0,100,934,318.3775703029886,20.546563660451746,13.261785059625714,5.0,1.0
100.0,100,935,296.3682604559154,798.7433396784558,7.755538950942392,1.0,1.0
100.0,100,936,530.6990208678054,401.8343579403404,9.77136677757192,2.0,1.0
100.0,100,937,927.4157307477317,1003.0096962261613,9.77136677757192,2.0,1.0
100.0,100,939,1164.87936873327,134.81293645662714,9.77136677757192,2.0,0.9999999999999999
100.0,100,941,51.24550478128273,948.5453545905968,11.185422719499032,3.0,1.0
100.0,100,947,417.42620346408484,74.64857479784418,7.755538950942392,1.0,1.0
100.0,100,949,1209.6202351505594,29.54956174446857,11.185422719499032,3.0,1.0
100.0,100,950,387.78421265288347,628.1988017069302,13.261785059625712,5.0,1.0
100.0,100,951,100.98636377899552,320.03157719023733,12.311150689306299,4.0,1.0
100.0,100,952,185.72627862987457,180.647993113317,7.755538950942392,1.0,0.9999999999999999
100.0,100,953,591.4323622455341,141.636932290772,9.77136677757192,2.0,1.0
100.0,100,954,1316.9507896265707,200.82325502420355,7.755538950942392,1.0,1.0
100.0,100,955,473.4501400294209,409.55983715879887,9.77136677757192,2.0,0.9999999999999999
100.0,100,956,1077.3197693667596,612.2586990459967,9.77136677757192,2.0,1.0
100.0,100,957,265.0960935360924,537.0310579554651,12.311150689306297,4.0,1.0
100.0,100,959,192.09322689842747,906.4471154818092,9.77136677757192,2.0,1.0
100.0,100,961,279.99593145833916,176.59634440186272,9.77136677757192,2.0,1.0
100.0,100,962,1304.7150520818686,850.2877583459017,12.311150689306299,4.0,1.0
100.0,100,963,388.8318005972763,190.1191886795955,9.77136677757192,2.0,1.0
100.0,100,965,863.2799767817992,480.66760204223993,7.755538950942392,1.0,1.0
100.0,100,969,434.00068929057556,468.2403016463352,9.77136677757192,2.0,1.0
100.0,100,971,1165.320347137587,820.7877219443769,7.755538950942392,1.0,1.0
100.0,100,972,490.1083734560196,598.142362280694,11.185422719499032,3.0,1.0
100.0,100,975,37.8076048839355,721.8655945212145,7.755538950942392,1.0,1.0
100.0,100,977,1027.740680905667,153.95445777607924,7.755538950942392,1.0,0.9999999999999999
100.0,100,980,337.82203196983465,753.7479051643784,7.755538950942392,1.0,1.0
100.0,100,981,989.7644942530555,408.62527093651914,7.755538950942392,1.0,1.0
100.0,100,983,926.4020216149523,533.3213816342724,7.755538950942392,1.0,1.0
100.0,100,985,1249.873360849377,934.3803200555033,12.311150689306299,4.0,1.0
100.0,100,986,1158.6034914367815,773.9045815252196,13.261785059625714,5.0,1.0
100.0,100,987,1170.3563188107764,874.0307592445138,7.755538950942392,1.0,1.0
100.0,100,988,1130.570615084995,607.9132263580543,7.755538950942392,1.0,1.0
100.0,100,989,542.4663332858163,939.982311082449,9.77136677757192,2.0,1.0
100.0,100,995,41.62302933863469,10.15963981605873,14.092749536269185,6.0,1.0
100.0,100,996,261.0288278000599,860.2111369726925,9.77136677757192,2.0,0.9999999999999999
100.0,100,998,5.321646528493629,973.7393974422713,7.755538950942392,1.0,1.0
100.0,100,999,1067.0564657046623,425.9807129102934,7.755538950942392,1.0,1.0
100.0,100,1000,167.00185077544944,870.4178492250464,9.77136677757192,2.0,1.0
113.0,113,1,106.17180982493777,935.4775862811715,7.755538950942392,1.0,1.0
113.0,113,3,951.1805202089403,309.56015757951945,13.261785059625714,5.0,1.0
113.0,113,6,455.4851534722526,97.34807368804287,7.755538950942392,1.0,1.0
113.0,113,8,351.7236039655982,207.01307355917908,16.708802155803774,10.0,1.0
113.0,113,9,1072.2267178933678,406.71779207311744,7.755538950942392,1.0,0.9999999999999999
113.0,113,10,1157.6367743297012,304.7550531647536,7.755538950942392,1.0,1.0
113.0,113,11,852.1705167134628,941.753817558514,9.77136677757192,2.0,1.0
113.0,113,15,1009.1885819512394,300.796024746547,7.755538950942392,1.0,1.0
113.0,113,17,200.08569917867862,273.7364977282434,7.755538950942392,1.0,1.0
113.0,113,18,646.9150253675759,650.4309131254395,7.755538950942392,1.0,1.0
113.0,113,20,350.19879674182505,968.74469116752,9.77136677757192,2.0,1.0
113.0,113,22,141.81164793072125,469.2574284229752,11.185422719499032,3.0,1.0
113.0,113,23,5.577870787389251,819.8818629125917,11.185422719499034,3.0,1.0
113.0,113,28,903.0084181257931,897.3210502365748,7.755538950942392,1.0,0.9999999999999999
113.0,113,29,1096.9108470473345,4.231405124253222,13.261785059625714,5.0,1.0
113.0,113,31,963.0956526607735,151.46000766501464,7.755538950942392,1.0,1.0
113.0,113,35,190.43193340399495,750.087896579398,9.771366777571922,2.0,1.0
113.0,113,37,866.4247566134783,913.3163658333802,9.771366777571922,2.0,1.0
113.0,113,38,963.9291272036587,722.6842359987579,7.755538950942392,1.0,1.0
113.0,113,39,1331.0449021727115,1009.6666751031804,9.771366777571922,2.0,1.0
113.0,113,40,959.3109769360849,929.1066319775472,9.77136677757192,2.0,0.9999999999999999
113.0,113,41,433.8065724622573,282.164018228716,11.185422719499034,3.0,1.0
113.0,113,43,782.4069721981714,824.8629002170745,7.755538950942392,1.0,0.9999999999999999
113.0,113,44,743.3429897253714,56.6198667689196,11.185422719499032,3.0,1.0
113.0,113,45,883.5392444971768,959.2009608142423,7.755538950942392,1.0,1.0
113.0,113,46,1146.1249949944927,351.6296838819701,7.755538950942392,1.0,1.0
113.0,113,51,1324.045163168457,223.47798570731553,11.185422719499034,3.0,1.0
113.0,113,53,138.1901528704359,116.90550356947315,7.755538950942392,1.0,1.0
113.0,113,55,1247.9540319876096,609.8009346402891,7.755538950942392,1.0,1.0
113.0,113,57,1060.0704220246384,727.4828482305651,12.311150689306295,4.0,1.0
113.0,113,59,37.229797873902946,142.76928339978957,7.755538950942392,1.0,0.9999999999999999
113.0,113,60,54.58957225766779,229.9124583830942,9.77136677757192,2.0,1.0
113.0,113,61,884.0567185733905,999.9260989482718,9.771366777571922,2.0,0.9999999999999999
113.0,113,62,577.2737391816931,2.5233638197053336,7.755538950942392,1.0,1.0
113.0,113,63,1135.1259678859874,631.7331721843914,7.755538950942392,1.0,1.0
113.0,113,65,696.3195775666326,834.3565139009056,7.755538950942392,1.0,1.0
113.0,113,66,970.7657065852208,1012.3047723575215,9.771366777571922,2.0,1.0
113.0,113,67,1086.098000387585,254.39668615539827,13.261785059625712,5.0,1.0
113.0,113,68,1249.3713782039201,661.2976884754607,7.755538950942392,1.0,1.0
113.0,113,70,1153.460970370352,470.553302038378,7.755538950942392,1.0,1.0
113.0,113,71,772.8234277927186,788.0347546021366,9.771366777571922,2.0,1.0
113.0,113,73,534.0567611148151,307.35188923094023,7.755538950942392,1.0,1.0
113.0,113,77,426.6790677491983,834.40557589408,13.261785059625714,5.0,1.0
113.0,113,78,1104.0355314680046,186.3235296011484,7.755538950942392,1.0,1.0
113.0,113,79,828.2835999093389,233.22512437365745,9.77136677757192,2.0,1.0
113.0,113,80,1016.9954957615573,355.96674916305994,7.755538950942392,1.0,1.0
113.0,113,81,617.7076410828499,7.499781874952485,11.185422719499034,3.0,1.0
113.0,113,83,1192.8737404536337,418.92082214029534,7.755538950942392,1.0,1.0
113.0,113,85,120.8158022811784,792.1786218816934,7.755538950942392,1.0,1.0
113.0,113,86,1028.3102773958165,515.0065847170639,9.77136677757192,2.0,0.9999999999999999
113.0,113,87,701.0205956474124,128.59546430324053,7.755538950942392,1.0,1.0
113.0,113,88,73.60703900014455,496.81977848238176,9.77136677757192,2.0,0.9999999999999999
113.0,113,90,815.4546560963447,414.0072865291476,7.755538950942392,1.0,0.9999999999999999
113.0,113,92,1097.2303504407857,693.7699077767675,7.755538950942392,1.0,1.0
113.0,113,93,286.1858981885645,288.238901801153,9.77136677757192,2.0,1.0
113.0,113,94,654.4625342217322,886.4612132557496,12.311150689306299,4.0,1.0
113.0,113,97,942.053314974704,63.89675084377052,12.311150689306297,4.0,1.0
113.0,113,100,370.2864724026827,810.9385627031978,7.755538950942392,1.0,1.0
113.0,113,103,217.2664409595561,16.454352832367952,7.755538950942392,1.0,1.0
113.0,113,104,383.01868932487395,582.5898491629496,9.771366777571922,2.0,0.9999999999999999
113.0,113,107,440.71878838232635,134.54214440830887,7.755538950942392,1.0,1.0
113.0,113,110,648.1809474901407,618.2048566041324,7.755538950942392,1.0,1.0
113.0,113,116,1153.6215313082898,54.04072752340698,11.185422719499032,3.0,1.0
113.0,113,118,275.6984447750398,441.4067584278004,9.77136677757192,2.0,1.0
113.0,113,119,1046.0561938816077,567.5410183073154,11.185422719499032,3.0,1.0
113.0,113,121,110.87799333592295,230.33738751802142,13.261785059625712,5.0,1.0
113.0,113,122,853.8084611845154,259.601187946547,14.835812298463564,7.0,1.0
113.0,113,125,423.0375103031671,997.1850513332678,11.185422719499034,3.0,1.0
113.0,113,126,2.8634525742727224,469.8092367089021,7.755538950942392,1.0,1.0
113.0,113,129,783.4066461817324,667.2266202990754,7.755538950942392,1.0,1.0
113.0,113,130,1203.5980336530035,440.15004317134753,7.755538950942392,1.0,0.9999999999999999
113.0,113,131,1241.74979179397,306.66809541877,9.771366777571922,2.0,1.0
113.0,113,132,1290.7528202420372,177.58493228902321,12.311150689306297,4.0,1.0
113.0,113,134,117.64858848772973,829.0175546811607,9.77136677757192,2.0,1.0
113.0,113,135,1010.1409415343431,592.7028238526137,7.755538950942392,1.0,1.0
113.0,113,138,481.7029940496927,1017.7152103574448,7.755538950942392,1.0,1.0
113.0,113,142,1294.687231851707,293.2785185639065,7.755538950942392,1.0,0.9999999999999999
113.0,113,143,610.1224061687886,112.40508474689669,14.835812298463564,7.0,1.0
113.0,113,144,1274.2064263887219,972.8657650533517,9.77136677757192,2.0,1.0
113.0,113,145,124.99216822475422,866.0980924495022,9.77136677757192,2.0,1.0
113.0,113,146,1061.0467877139706,528.927606372294,7.755538950942392,1.0,1.0
113.0,113,148,551.0330881080922,150.55055463705375,12.311150689306299,4.0,1.0
113.0,113,149,170.11878138181126,976.8327489324606,7.755538950942392,1.0,1.0
113.0,113,150,706.4457665315734,381.51655953891833,12.311150689306299,4.0,1.0
113.0,113,151,466.4755218239221,666.10132641602,7.755538950942392,1.0,0.9999999999999999
113.0,113,152,1167.2783769883008,676.6686300876254,7.755538950942392,1.0,1.0
113.0,113,153,55.980453357897105,553.1396533476697,11.185422719499034,3.0,0.9999999999999999
113.0,113,156,877.9245337925302,806.7259034022353,7.755538950942392,1.0,1.0
113.0,113,163,70.31486395588452,61.896331835965825,7.755538950942392,1.0,1.0
113.0,113,164,360.80179256176547,70.28044796125661,9.771366777571922,2.0,1.0
113.0,113,165,140.5730629891021,9.60898743711563,11.185422719499034,3.0,1.0
113.0,113,166,499.3864287882223,92.51749463760017,12.311150689306297,4.0,1.0
113.0,113,170,980.3132376270655,681.8209209715787,7.755538950942392,1.0,1.0
113.0,113,172,822.0777607355137,815.8942743645913,7.755538950942392,1.0,1.0
113.0,113,173,1.1199213777867594,57.91065368673726,12.311150689306299,4.0,1.0
113.0,113,174,969.3931582903595,749.2841535269705,9.771366777571922,2.0,1.0
113.0,113,181,474.79978570491147,937.5875512001033,11.185422719499032,3.0,0.9999999999999999
113.0,113,186,226.58222673316823,612.8714767817221,12.311150689306297,4.0,1.0
113.0,113,187,614.6786201948156,898.8685591368023,7.755538950942392,1.0,1.0
113.0,113,188,593.4420978670901,285.7064439236824,9.771366777571922,2.0,1.0
113.0,113,189,819.8657492111209,920.8059127689947,7.755538950942392,1.0,0.9999999999999999
113.0,113,191,1070.675354159138,758.9955376990898,11.185422719499032,3.0,1.0
113.0,113,193,355.5531797017361,109.83310657588459,9.771366777571922,2.0,1.0
113.0,113,199,202.5253224391314,543.0077613498071,16.132171110904203,9.0,1.0
113.0,113,201,144.72162197091507,431.5017792235536,9.77136677757192,2.0,0.9999999999999999
113.0,113,208,1039.3472952415777,279.5589901254622,9.77136677757192,2.0,1.0
113.0,113,210,108.17312685436356,1021.4338230680466,11.185422719499034,3.0,1.0
113.0,113,213,476.65600560169446,752.8375742147134,7.755538950942392,1.0,1.0
113.0,113,214,32.55081438907637,249.8568886929445,7.755538950942392,1.0,0.9999999999999999
113.0,113,215,345.4139966218265,421.21800145966665,12.311150689306297,4.0,1.0
113.0,113,218,675.6780088760044,305.8675221190615,9.77136677757192,2.0,1.0
113.0,113,219,305.3354591124998,97.7969766697316,7.755538950942392,1.0,1.0
113.0,113,220,314.29754382930304,923.2194000854571,12.311150689306299,4.0,1.0
113.0,113,221,106.04425569261745,179.84954350393926,12.311150689306299,4.0,1.0
113.0,113,224,561.6604510891002,250.7199991771075,9.771366777571922,2.0,1.0
113.0,113,228,895.3169842199019,23.96666247073714,12.311150689306299,4.0,1.0
113.0,113,230,1133.0232028849834,731.4684628011996,7.755538950942392,1.0,1.0
113.0,113,231,740.6054636342635,312.8033470864659,11.185422719499032,3.0,1.0
113.0,113,232,500.02470005625537,234.70516573967737,7.755538950942392,1.0,1.0
113.0,113,238,902.892778176861,861.2934545401595,7.755538950942392,1.0,1.0
113.0,113,241,1225.2402411881624,521.1531861157,12.311150689306297,4.0,1.0
113.0,113,242,741.5369792911931,26.461519291684187,7.755538950942392,1.0,1.0
113.0,113,243,78.27815020015254,690.8027150324647,7.755538950942392,1.0,0.9999999999999999
113.0,113,245,729.2837610951057,800.1623048786432,11.185422719499034,3.0,1.0
113.0,113,247,384.8624994855775,218.4716839124724,7.755538950942392,1.0,1.0
113.0,113,248,463.46519722726885,195.1917950306365,9.77136677757192,2.0,1.0
113.0,113,250,514.6805302499862,799.3921099960168,7.755538950942392,1.0,1.0
113.0,113,255,1335.7240552794512,823.2891162810661,9.77136677757192,2.0,0.9999999999999999
113.0,113,256,923.448042017496,728.9644310373375,7.755538950942392,1.0,1.0
113.0,113,259,745.9997210349314,165.81072876191314,13.26178505962571,5.0,0.9999999999999999
113.0,113,260,1089.4658248482904,805.5014548071898,7.755538950942392,1.0,1.0
113.0,113,261,254.08195760440375,425.41886224201374,7.755538950942392,1.0,1.0
113.0,113,262,847.4535993401835,991.1265070913789,11.185422719499034,3.0,1.0
113.0,113,263,99.1914666109059,141.68663892598275,11.185422719499034,3.0,1.0
113.0,113,264,940.4949551791398,814.5454926440382,7.755538950942392,1.0,0.9999999999999999
113.0,113,265,5.160857901932057,442.3498216874092,7.755538950942392,1.0,1.0
113.0,113,268,1020.6488340478082,230.0429747456069,7.755538950942392,1.0,1.0
113.0,113,269,109.44027816406731,373.72940078933186,11.185422719499032,3.0,1.0
113.0,113,273,623.3400841970171,584.996744585783,7.755538950942392,1.0,1.0
113.0,113,274,790.1385338410073,847.9832282615776,7.755538950942392,1.0,1.0
113.0,113,275,1177.0876168529655,389.93232243938627,7.755538950942392,1.0,0.9999999999999999
113.0,113,276,1093.882693606493,528.6509974197671,7.755538950942392,1.0,1.0
113.0,113,278,1242.8632027375077,356.42316613738933,14.092749536269187,6.0,1.0
113.0,113,279,125.18658975802371,635.7362478183101,13.261785059625714,5.0,1.0
113.0,113,281,1190.5360262463512,546.448159764763,12.311150689306299,4.0,1.0
113.0,113,283,685.8596261787058,590.9594619331715,13.261785059625714,5.0,1.0
113.0,113,284,78.84035334143218,798.4969730136897,7.755538950942392,1.0,1.0
113.0,113,285,860.788264066725,640.2057442416183,7.755538950942392,1.0,1.0
113.0,113,286,1136.4225137446997,255.984982288584,7.755538950942392,1.0,1.0
113.0,113,287,102.47667171338419,713.9512031364278,7.755538950942392,1.0,1.0
113.0,113,289,1243.486466781129,819.5400160859847,13.261785059625714,5.0,1.0
113.0,113,291,509.3566913160139,361.5925617635277,9.771366777571922,2.0,1.0
113.0,113,294,621.3089707906605,432.8681354077779,7.755538950942392,1.0,1.0
113.0,113,295,52.85327541838544,753.0269954146843,12.311150689306297,4.0,1.0
113.0,113,300,348.1734952862488,664.3822341780738,11.185422719499034,3.0,0.9999999999999999
113.0,113,301,1111.8414985868988,40.07957524239192,9.77136677757192,2.0,1.0
113.0,113,302,644.1007201518819,985.6253645594022,7.755538950942392,1.0,1.0
113.0,113,304,717.1080837853275,409.600922962152,7.755538950942392,1.0,0.9999999999999999
113.0,113,306,156.6438150438998,590.1740185218367,7.755538950942392,1.0,1.0
113.0,113,307,981.4919170799885,486.9884281685306,12.311150689306297,4.0,1.0
113.0,113,309,817.1033965131157,195.20898220657128,7.755538950942392,1.0,0.9999999999999999
113.0,113,314,173.91394252145443,149.29975883614276,7.755538950942392,1.0,1.0
113.0,113,318,1212.6346796326372,608.3007821348299,11.185422719499032,3.0,0.9999999999999999
113.0,113,319,117.63338026788215,995.7103866406325,11.185422719499034,3.0,1.0
113.0,113,320,1243.730169935712,115.17001461471625,9.77136677757192,2.0,1.0
113.0,113,322,867.1140858148567,975.5413367247423,9.77136677757192,2.0,1.0
113.0,113,323,74.62921699650305,430.5427334047172,9.77136677757192,2.0,1.0
113.0,113,325,213.26320993885466,933.6338767133707,7.755538950942392,1.0,0.9999999999999999
113.0,113,326,195.00341219753042,474.65647227918896,9.77136677757192,2.0,1.0
113.0,113,327,913.7774744612249,474.7161070257552,7.755538950942392,1.0,1.0
113.0,113,330,408.20862320108176,861.1217273523387,11.185422719499034,3.0,1.0
113.0,113,331,134.83528855566587,722.1959179083365,15.511077901884784,8.0,1.0
113.0,113,333,618.1633636012328,35.36797554277357,9.77136677757192,2.0,1.0
113.0,113,334,1134.8191289861707,827.6841532595517,7.755538950942392,1.0,1.0
113.0,113,337,591.1107684678187,937.9362256764944,9.77136677757192,2.0,1.0
113.0,113,339,820.9572243109579,90.19927918088368,7.755538950942392,1.0,0.9999999999999999
113.0,113,340,892.5415807872373,665.2595276656208,9.771366777571922,2.0,1.0
113.0,113,341,987.7855192026279,607.6332696238032,12.311150689306297,4.0,1.0
113.0,113,342,873.9165863045328,135.1119150365993,9.77136677757192,2.0,0.9999999999999999
113.0,113,344,729.6716697102929,354.3762776031457,7.755538950942392,1.0,1.0
113.0,113,346,1184.1405433684945,632.7230624499367,7.755538950942392,1.0,1.0
113.0,113,348,407.05217495266334,660.0276417353655,7.755538950942392,1.0,1.0
113.0,113,350,1249.17601633365,164.57368289928854,9.77136677757192,2.0,1.0
113.0,113,354,475.20620281873977,234.22658064985401,7.755538950942392,1.0,1.0
113.0,113,355,96.06283091360953,494.98963340141535,7.755538950942392,1.0,1.0
113.0,113,356,680.3331465254947,1014.8578487449344,7.755538950942392,1.0,1.0
113.0,113,360,676.8185108039127,335.37668426353844,7.755538950942392,1.0,1.0
113.0,113,361,25.28439533289296,631.9362795461752,11.185422719499032,3.0,0.9999999999999999
113.0,113,362,995.7244951970138,702.8728288996617,7.755538950942392,1.0,0.9999999999999999
113.0,113,363,602.2013816369761,510.75404901097045,7.755538950942392,1.0,1.0
113.0,113,364,1330.7720971014774,418.5900302835704,7.755538950942392,1.0,1.0
113.0,113,365,117.90862157093561,75.16872255134203,7.755538950942392,1.0,0.9999999999999999
113.0,113,366,840.2037444051488,164.42078671776454,7.755538950942392,1.0,1.0
113.0,113,367,1185.2235622876988,999.3293921602406,7.755538950942392,1.0,1.0
113.0,113,368,1327.2503116503353,167.73450614123252,13.261785059625714,5.0,1.0
113.0,113,370,32.84805684406511,993.3015914117989,7.755538950942392,1.0,1.0
113.0,113,371,580.1158267618207,426.7866472342416,9.771366777571922,2.0,1.0
113.0,113,373,875.0996026748452,195.86131920427255,7.755538950942392,1.0,1.0
113.0,113,374,876.6227852562458,78.76745348446929,12.311150689306299,4.0,0.9999999999999999
113.0,113,380,855.6232285321925,22.132418454247357,9.771366777571922,2.0,1.0
113.0,113,381,813.6764499357096,333.0927693921185,9.77136677757192,2.0,1.0
113.0,113,382,4.699769470963299,272.375046921811,12.311150689306297,4.0,1.0
113.0,113,383,932.9225354724085,504.77597950568855,9.771366777571922,2.0,1.0
113.0,113,385,697.2551934235928,547.6473953170579,9.771366777571922,2.0,1.0
113.0,113,387,819.4422418270574,261.60910178251885,9.77136677757192,2.0,1.0
113.0,113,388,184.01642371739348,651.7123703175588,7.755538950942392,1.0,1.0
113.0,113,390,360.175666786459,175.97359191650742,13.261785059625714,5.0,1.0
113.0,113,391,742.5759293877431,500.46834804695146,14.09274953626919,6.0,0.9999999999999999
113.0,113,393,275.1185234823889,903.8122863070591,7.755538950942392,1.0,1.0
113.0,113,396,1041.8930720184007,353.662171985038,9.77136677757192,2.0,1.0
113.0,113,399,523.800596943278,614.4828516107295,11.185422719499032,3.0,1.0
113.0,113,400,224.05414640091595,376.61928081310657,7.755538950942392,1.0,1.0
113.0,113,403,641.8335463305848,539.3189507433079,7.755538950942392,1.0,1.0
113.0,113,405,761.8750266412229,374.3092430526054,12.311150689306297,4.0,1.0
113.0,113,406,256.0188623684573,789.233931238617,14.092749536269183,6.0,0.9999999999999999
113.0,113,409,573.7137149225864,874.0483871020872,12.311150689306299,4.0,1.0
113.0,113,410,572.1622144013019,539.9960153791428,9.771366777571922,2.0,1.0
113.0,113,412,753.0694420480669,645.282899542838,9.77136677757192,2.0,1.0
113.0,113,414,1211.3266550872765,497.37742737915477,11.185422719499034,3.0,1.0
113.0,113,415,1132.1848288165447,694.2781859626338,7.755538950942392,1.0,1.0
113.0,113,416,402.1567557394035,732.0772733843143,7.755538950942392,1.0,1.0
113.0,113,417,908.4883089778469,514.3054902418045,11.185422719499034,3.0,1.0
113.0,113,418,541.8468078695345,686.8124026368081,9.77136677757192,2.0,1.0
113.0,113,419,335.7928394793962,893.8945716921048,9.771366777571922,2.0,1.0
113.0,113,420,694.2069509732631,965.2200633251362,9.771366777571922,2.0,1.0
113.0,113,421,989.2864475958137,335.85762040016635,11.185422719499034,3.0,1.0
113.0,113,422,154.58506095522253,668.7307952777171,7.755538950942392,1.0,1.0
113.0,113,428,1061.3800741547527,189.25710134713248,9.77136677757192,2.0,1.0
113.0,113,431,265.3778178517598,586.6584671356251,7.755538950942392,1.0,1.0
113.0,113,432,355.2607902278846,769.5835556055977,11.185422719499034,3.0,1.0
113.0,113,433,288.993840795299,596.5426731937466,9.77136677757192,2.0,1.0
113.0,113,435,889.4160427039965,233.690710785267,7.755538950942392,1.0,1.0
113.0,113,436,304.78873082548887,664.1314700419538,9.77136677757192,2.0,1.0
113.0,113,438,865.8839770732686,715.3298021377618,7.755538950942392,1.0,1.0
113.0,113,439,526.5447034131362,861.3336577225168,12.311150689306299,4.0,1.0
113.0,113,441,949.9418031537429,432.00236987011584,12.311150689306297,4.0,1.0
113.0,113,442,497.94170831783214,329.97552304285597,7.755538950942392,1.0,1.0
113.0,113,443,217.69884408908294,743.6597951039641,7.755538950942392,1.0,1.0
113.0,113,445,1048.0777230682431,28.28337262086278,7.755538950942392,1.0,1.0
113.0,113,446,324.21140667138843,258.969089607696,7.755538950942392,1.0,1.0
113.0,113,449,1199.2403174974752,128.7439009676262,7.755538950942392,1.0,1.0
113.0,113,451,1332.650490021555,510.71553036650846,7.755538950942392,1.0,1.0
113.0,113,453,186.20955442670416,1013.8608419146345,7.755538950942392,1.0,1.0
113.0,113,455,853.0884381342588,214.76522212010516,12.311150689306299,4.0,1.0
113.0,113,456,304.14704211821595,805.5037437230395,11.185422719499032,3.0,1.0
113.0,113,459,1307.3559301360476,349.7534153637859,11.185422719499034,3.0,1.0
113.0,113,461,151.81619581227622,62.25629194616501,9.77136677757192,2.0,1.0
113.0,113,462,1097.1776570039528,300.52525181263434,7.755538950942392,1.0,1.0
113.0,113,464,1336.2999941361138,64.5510508278707,7.755538950942392,1.0,0.9999999999999999
113.0,113,465,796.3069936766996,179.46702274788265,7.755538950942392,1.0,1.0
113.0,113,468,1210.2170157939674,911.6918376713478,11.185422719499032,3.0,0.9999999999999999
113.0,113,469,1128.1886483179187,891.7279647099818,7.755538950942392,1.0,1.0
113.0,113,470,85.96937964547094,409.77769060146244,7.755538950942392,1.0,1.0
113.0,113,472,310.2312293895415,134.04019584078182,7.755538950942392,1.0,1.0
113.0,113,473,399.37073532705693,913.9399213296317,7.755538950942392,1.0,1.0
113.0,113,474,90.66927198106633,1004.3260866048782,11.185422719499034,3.0,1.0
113.0,113,476,482.4963575092413,135.878508973289,13.261785059625714,5.0,1.0
113.0,113,477,272.3738168388643,936.7729362695659,12.311150689306299,4.0,1.0
113.0,113,479,352.67286390070683,930.1863729014317,7.755538950942392,1.0,1.0
113.0,113,481,589.6409001660074,981.1835196535549,11.185422719499034,3.0,1.0
113.0,113,485,1049.3430103359265,680.9654770184038,7.755538950942392,1.0,0.9999999999999999
113.0,113,486,407.0533094829769,128.27648806579072,7.755538950942392,1.0,1.0
113.0,113,487,1069.212756280542,953.1382418506167,14.09274953626919,6.0,1.0
113.0,113,489,661.6258407240549,149.46215822750426,9.77136677757192,2.0,1.0
113.0,113,490,452.3379803759054,907.2911877085176,9.77136677757192,2.0,1.0
113.0,113,491,652.2808255346712,757.6883353563264,12.311150689306299,4.0,0.9999999999999999
113.0,113,494,816.1688581140592,764.7462452902514,9.77136677757192,2.0,1.0
113.0,113,496,688.9068212476358,516.035991209443,9.771366777571922,2.0,1.0
113.0,113,497,1194.3848147515089,776.2304346917717,9.771366777571922,2.0,1.0
113.0,113,498,415.8079983171035,483.54522698871807,7.755538950942392,1.0,1.0
113.0,113,500,537.4037734833182,188.3988911273865,7.755538950942392,1.0,1.0
113.0,113,501,517.4608069309193,990.9838355801196,12.311150689306299,4.0,1.0
113.0,113,503,543.1433544239683,34.76355961787252,14.835812298463559,7.0,1.0
113.0,113,504,992.0572197349406,202.51801650591412,7.755538950942392,1.0,1.0
113.0,113,506,110.66510444070778,747.589584710613,7.755538950942392,1.0,1.0
113.0,113,507,1339.3498054128156,314.3705706277079,7.755538950942392,1.0,1.0
113.0,113,508,1165.408321313681,518.9787536959335,12.311150689306299,4.0,1.0
113.0,113,509,1065.317565087215,863.1489149235731,9.77136677757192,2.0,1.0
113.0,113,510,600.0851466510488,219.26783854612196,13.261785059625714,5.0,1.0
113.0,113,511,518.6083483870278,501.9501939552624,9.77136677757192,2.0,0.9999999999999999
113.0,113,512,194.1817481601688,868.3798574879564,11.185422719499034,3.0,1.0
113.0,113,513,1266.8303641404996,583.5145996819695,16.70880215580377,10.0,1.0
113.0,113,516,1222.6643032615677,386.5324585217953,11.185422719499032,3.0,1.0
113.0,113,517,900.6960393216076,835.8970728697956,9.77136677757192,2.0,1.0
113.0,113,518,129.89552128615472,527.4582997080034,12.311150689306299,4.0,1.0
113.0,113,519,826.0663506664592,386.3140890362921,14.09274953626919,6.0,0.9999999999999999
113.0,113,520,804.8727769351685,1018.3364767305844,11.185422719499034,3.0,0.9999999999999999
113.0,113,521,833.2318175825744,48.41118307435083,14.09274953626919,6.0,0.9999999999999999
113.0,113,522,985.7810059473834,987.3684190196304,7.755538950942392,1.0,1.0
113.0,113,523,972.9520830152347,188.74041934998232,7.755538950942392,1.0,0.9999999999999999
113.0,113,524,862.1241460031573,878.1688264610214,9.77136677757192,2.0,1.0
113.0,113,529,781.913536121643,566.0069308258524,7.755538950942392,1.0,1.0
113.0,113,530,121.18067153888074,680.8946980619475,9.771366777571922,2.0,1.0
113.0,113,533,834.9451094031925,874.7912557235666,11.185422719499034,3.0,1.0
113.0,113,535,842.8918359114858,134.0798320603098,7.755538950942392,1.0,1.0
113.0,113,536,341.23037161759413,486.33771390761177,7.755538950942392,1.0,0.9999999999999999
113.0,113,538,545.3162353299914,452.66460737813156,11.185422719499032,3.0,1.0
113.0,113,539,965.4465547397916,226.32575317850672,9.771366777571922,2.0,1.0
113.0,113,540,307.1286944626726,548.0185176043523,7.755538950942392,1.0,1.0
113.0,113,543,905.2937429996358,401.46903669062834,11.185422719499034,3.0,0.9999999999999999
113.0,113,546,1036.9419886256135,831.4903450211549,9.77136677757192,2.0,0.9999999999999999
113.0,113,547,494.97016305553706,254.67277822357315,7.755538950942392,1.0,0.9999999999999999
113.0,113,548,895.6656465624241,445.8757968086755,12.311150689306299,4.0,1.0
113.0,113,551,1248.7438230269813,763.1824237680212,7.755538950942392,1.0,1.0
113.0,113,555,154.38576644055993,189.76642726594477,12.311150689306299,4.0,1.0
113.0,113,556,270.3095375869726,469.93336089593953,7.755538950942392,1.0,1.0
113.0,113,557,601.2184388177806,319.7603719202668,12.311150689306299,4.0,1.0
113.0,113,559,1072.3462264640998,82.92356820082355,7.755538950942392,1.0,1.0
113.0,113,561,1315.964855068669,889.682543403464,7.755538950942392,1.0,1.0
113.0,113,562,181.69763332826798,231.03894551537977,11.185422719499032,3.0,1.0
113.0,113,563,444.7433114067885,410.9574687882845,7.755538950942392,1.0,0.9999999999999999
113.0,113,564,355.6034288351347,459.3344855005838,11.185422719499032,3.0,1.0
113.0,113,565,1209.683494203382,753.5989993983219,7.755538950942392,1.0,1.0
113.0,113,568,1110.3372060145941,158.17985648591136,9.771366777571922,2.0,1.0
113.0,113,569,330.03210488924117,343.21186380225265,7.755538950942392,1.0,1.0
113.0,113,570,1315.799655750626,560.4603956318701,11.185422719499034,3.0,0.9999999999999999
113.0,113,573,487.73587276472085,960.5378647499275,7.755538950942392,1.0,1.0
113.0,113,574,185.69388754131614,798.8057378576294,7.755538950942392,1.0,0.9999999999999999
113.0,113,575,674.8443405380664,686.4989689197764,7.755538950942392,1.0,1.0
113.0,113,576,818.4589243268954,161.2903710522264,7.755538950942392,1.0,0.9999999999999999
113.0,113,579,545.8552295423754,271.09365157291813,7.755538950942392,1.0,1.0
113.0,113,581,604.4192059783769,831.5170737573683,13.261785059625714,5.0,1.0
113.0,113,582,559.7267924698406,285.09381973804716,9.77136677757192,2.0,1.0
113.0,113,583,1226.9444000933663,255.1103701163429,11.185422719499034,3.0,1.0
113.0,113,584,1087.269315575958,775.1675936911033,7.755538950942392,1.0,1.0
113.0,113,586,391.8871119254392,0.12359014768708221,7.755538950942392,1.0,0.9999999999999999
113.0,113,587,1065.7443323181285,821.8079390683858,9.77136677757192,2.0,1.0
113.0,113,592,886.6462725871995,303.0316165481359,9.77136677757192,2.0,1.0
113.0,113,593,686.4038490015457,795.8217229094338,9.77136677757192,2.0,1.0
113.0,113,594,529.8330274841574,900.2837299222621,11.185422719499034,3.0,1.0
113.0,113,598,597.3800287021945,446.69566868828156,11.185422719499032,3.0,1.0
113.0,113,600,535.9704748300354,534.8046454246276,12.311150689306297,4.0,0.9999999999999999
113.0,113,602,163.90981917742064,312.30392726273743,7.755538950942392,1.0,0.9999999999999999
113.0,113,605,793.5236548834872,38.932469602511574,14.835812298463564,7.0,1.0
113.0,113,606,1216.712282947538,632.5449205376262,7.755538950942392,1.0,1.0
113.0,113,607,1160.3823863287114,174.445548692169,12.311150689306297,4.0,1.0
113.0,113,608,940.4292629191181,702.0309582453755,9.771366777571922,2.0,1.0
113.0,113,609,997.7831219595159,856.574006265364,7.755538950942392,1.0,0.9999999999999999
113.0,113,612,350.23036720379224,313.5984251113268,14.09274953626919,6.0,1.0
113.0,113,613,1254.8125518736344,729.123496040719,7.755538950942392,1.0,1.0
113.0,113,614,399.8598238693606,766.758357377623,12.311150689306299,4.0,1.0
113.0,113,619,640.1381943518804,249.3509917307211,7.755538950942392,1.0,1.0
113.0,113,621,177.7575433886426,40.367914884153365,7.755538950942392,1.0,0.9999999999999999
113.0,113,622,257.9924906354937,43.783354175981245,7.755538950942392,1.0,1.0
113.0,113,625,579.9319920817939,741.8905231936856,7.755538950942392,1.0,1.0
113.0,113,626,896.1895466933232,177.92404192142527,7.755538950942392,1.0,1.0
113.0,113,627,1253.6137399009126,19.83932455572518,13.261785059625714,5.0,1.0
113.0,113,629,801.9353018219263,883.3234240653509,11.185422719499032,3.0,0.9999999999999999
113.0,113,632,401.12832370396575,708.1153802601968,9.771366777571922,2.0,1.0
113.0,113,633,1108.5241410962872,88.104186913047,9.77136677757192,2.0,1.0
113.0,113,636,677.5451878222136,933.1948615097399,11.185422719499034,3.0,0.9999999999999999
113.0,113,638,77.98198859854674,228.53770209107316,7.755538950942392,1.0,1.0
113.0,113,640,41.59357681746508,454.38555399125397,7.755538950942392,1.0,1.0
113.0,113,641,158.76433113022648,925.5149590801993,7.755538950942392,1.0,0.9999999999999999
113.0,113,646,374.1086604368142,886.9867039304183,12.311150689306297,4.0,1.0
113.0,113,647,171.7323288304535,285.68581615925575,9.771366777571922,2.0,0.9999999999999999
113.0,113,649,1113.2522329483563,119.52089051698822,9.77136677757192,2.0,1.0
113.0,113,654,1296.2383522914045,124.81435110488626,11.185422719499034,3.0,1.0
113.0,113,655,581.1194023245506,699.7798207179965,7.755538950942392,1.0,1.0
113.0,113,658,573.1964762840416,342.55976314084023,14.092749536269185,6.0,1.0
113.0,113,659,1295.6941052373277,965.0947098113118,9.771366777571922,2.0,1.0
113.0,113,662,1133.8717053363507,963.7793350348729,7.755538950942392,1.0,1.0
113.0,113,665,1036.7596675309135,111.09740202558568,11.185422719499032,3.0,1.0
113.0,113,666,1226.6833926642444,1002.1587307025122,13.261785059625714,5.0,1.0
113.0,113,667,193.3025178007076,89.43034933331373,7.755538950942392,1.0,1.0
113.0,113,668,235.88463295624456,953.3567670676777,7.755538950942392,1.0,1.0
113.0,113,671,1026.973351604643,86.52867232736132,7.755538950942392,1.0,0.9999999999999999
113.0,113,672,806.0677422261379,983.4170015890317,7.755538950942392,1.0,1.0
113.0,113,674,1058.665951588226,637.0068398655364,7.755538950942392,1.0,1.0
113.0,113,675,392.45599727172464,497.7354840126353,7.755538950942392,1.0,1.0
113.0,113,676,1286.8278212967919,866.1771858097477,9.77136677757192,2.0,1.0
113.0,113,680,875.790842110892,589.9926875986436,7.755538950942392,1.0,1.0
113.0,113,682,1216.7613246235258,78.66181806106047,7.755538950942392,1.0,0.9999999999999999
113.0,113,684,1307.7297355256417,945.3233100203045,11.185422719499034,3.0,1.0
113.0,113,687,1206.2845405785163,283.9665519829669,12.311150689306297,4.0,1.0
113.0,113,688,238.34158558585918,488.42828237669886,7.755538950942392,1.0,1.0
113.0,113,689,435.9362793884816,614.9484381195938,7.755538950942392,1.0,1.0
113.0,113,694,1111.4011542861238,879.4792902438969,7.755538950942392,1.0,1.0
113.0,113,698,667.6837725918515,100.81873789594266,9.771366777571922,2.0,1.0
113.0,113,700,446.54856726992506,509.81453335974504,11.185422719499032,3.0,0.9999999999999999
113.0,113,702,694.7854805732576,37.99938142108049,7.755538950942392,1.0,1.0
113.0,113,704,138.45487945363354,256.61013469433675,9.771366777571922,2.0,1.0
113.0,113,705,407.9746779821482,416.4072784080292,11.185422719499034,3.0,1.0
113.0,113,706,302.37430245026707,202.8027335585281,11.185422719499032,3.0,1.0
113.0,113,707,254.4224473424875,252.79365105089104,11.185422719499032,3.0,1.0
113.0,113,710,813.6652485177633,674.4489970065832,9.771366777571922,2.0,1.0
113.0,113,717,517.6984401584435,658.2538626185654,14.09274953626919,6.0,0.9999999999999999
113.0,113,718,436.00230193945004,158.67199055497548,9.771366777571922,2.0,1.0
113.0,113,720,634.9284221734439,828.2119096319961,9.77136677757192,2.0,1.0
113.0,113,722,1005.1686556916012,782.7705710722462,12.311150689306299,4.0,0.9999999999999999
113.0,113,723,429.1904120400899,592.7790413614941,11.185422719499032,3.0,1.0
113.0,113,724,891.2995858563902,622.9068485860195,7.755538950942392,1.0,1.0
113.0,113,726,1264.5639667665844,55.143836657393585,9.771366777571922,2.0,1.0
113.0,113,728,1032.3429475879848,390.7480389670178,7.755538950942392,1.0,0.9999999999999999
113.0,113,729,563.0288104702872,97.8940032390145,9.771366777571922,2.0,1.0
113.0,113,730,686.2851732008662,463.9275475526754,9.77136677757192,2.0,1.0
113.0,113,732,510.6007879716361,154.90288637523332,11.185422719499032,3.0,1.0
113.0,113,733,236.98052635118506,288.42248743822296,12.311150689306297,4.0,0.9999999999999999
113.0,113,734,1336.322085775584,21.451374216454187,7.755538950942392,1.0,1.0
113.0,113,735,721.742702869999,5.688826947538214,7.755538950942392,1.0,1.0
113.0,113,737,1095.954347093927,488.002170136113,13.26178505962571,5.0,1.0
113.0,113,740,1235.4968315383608,960.7829170914138,7.755538950942392,1.0,1.0
113.0,113,746,1273.7203983699985,387.8878494440861,9.77136677757192,2.0,1.0
113.0,113,747,632.4449337402564,740.8180276424711,11.185422719499034,3.0,1.0
113.0,113,750,787.9290129946527,248.24423424763768,9.77136677757192,2.0,1.0
113.0,113,752,1304.3612712348443,701.0261755299457,9.771366777571922,2.0,1.0
113.0,113,753,646.3868134917035,476.46206751336194,9.771366777571922,2.0,1.0
113.0,113,754,547.94426789461,723.3494276226313,7.755538950942392,1.0,0.9999999999999999
113.0,113,755,939.2968617544044,132.1110994565074,9.771366777571922,2.0,1.0
113.0,113,757,773.3997726803717,487.9906739349623,11.185422719499034,3.0,1.0
113.0,113,758,643.1210255051652,410.73774881929296,9.77136677757192,2.0,1.0
113.0,113,759,48.87433561317896,617.6788079541527,11.185422719499032,3.0,1.0
113.0,113,760,157.06518069467361,1019.6109532298645,11.185422719499034,3.0,0.9999999999999999
113.0,113,762,989.7782022890736,47.64011111175705,11.185422719499032,3.0,0.9999999999999999
113.0,113,764,217.98332738471365,664.3916898045901,7.755538950942392,1.0,0.9999999999999999
113.0,113,765,724.1554976816734,470.5932270144912,11.185422719499034,3.0,1.0
113.0,113,766,360.03452722109955,4.91008776123778,9.77136677757192,2.0,1.0
113.0,113,767,354.58587985171187,600.4867387714869,7.755538950942392,1.0,1.0
113.0,113,768,717.8342925076918,643.8145192683661,14.835812298463562,7.0,0.9999999999999999
113.0,113,769,12.136105297057933,685.2224254407821,12.311150689306299,4.0,1.0
113.0,113,772,1030.0024906068109,916.4484343209917,7.755538950942392,1.0,1.0
113.0,113,773,926.4583840799817,651.720584528289,7.755538950942392,1.0,1.0
113.0,113,774,65.23098266054625,843.3428851313969,11.185422719499034,3.0,1.0
113.0,113,776,1080.887109499314,147.21532030739652,9.77136677757192,2.0,1.0
113.0,113,777,392.6140423291747,332.0173021228982,7.755538950942392,1.0,1.0
113.0,113,780,236.53833904600918,690.429970227728,11.185422719499032,3.0,1.0
113.0,113,781,427.6569282372918,198.18043341239314,7.755538950942392,1.0,1.0
113.0,113,782,143.97217282391682,565.7496979461691,11.185422719499032,3.0,1.0
113.0,113,783,171.80841007691933,701.738464611276,14.09274953626919,6.0,0.9999999999999999
113.0,113,786,482.14197952834434,827.1648894066595,7.755538950942392,1.0,1.0
113.0,113,787,744.3152490118346,858.3714011012178,11.185422719499032,3.0,1.0
113.0,113,788,1123.2095971202743,402.7080463342787,7.755538950942392,1.0,1.0
113.0,113,789,392.6218477573502,969.1982454913049,11.185422719499034,3.0,0.9999999999999999
113.0,113,790,706.9774265419445,915.1080932970647,11.185422719499034,3.0,0.9999999999999999
113.0,113,791,925.5996994906652,950.9916409064587,12.311150689306299,4.0,1.0
113.0,113,792,562.979451796813,767.2426175664509,15.511077901884784,8.0,1.0
113.0,113,795,236.5308555233853,837.3805274011229,11.185422719499032,3.0,1.0
113.0,113,796,239.52943120209767,318.059549632995,7.755538950942392,1.0,1.0
113.0,113,798,1022.1006305515657,459.0362292987147,7.755538950942392,1.0,1.0
113.0,113,799,39.92005085388896,202.92585943354212,7.755538950942392,1.0,1.0
113.0,113,800,345.71074169977436,724.3681560481061,9.77136677757192,2.0,1.0
113.0,113,801,1232.8618313887891,95.61792344781409,7.755538950942392,1.0,1.0
113.0,113,805,715.3447435938764,976.6959400181171,9.77136677757192,2.0,1.0
113.0,113,806,381.76432014765135,678.7542285235195,9.771366777571922,2.0,1.0
113.0,113,809,1195.0836156126338,474.4472246327804,9.77136677757192,2.0,0.9999999999999999
113.0,113,810,1055.0984061868626,148.57785363099745,9.77136677757192,2.0,1.0
113.0,113,811,822.8951859849983,553.7900015907472,16.132171110904203,9.0,1.0
113.0,113,812,47.30170691103801,407.20512982855837,7.755538950942392,1.0,1.0
113.0,113,815,472.3715047898539,569.356700393332,9.77136677757192,2.0,1.0
113.0,113,817,1192.9323906615055,727.1779495916251,9.77136677757192,2.0,1.0
113.0,113,818,275.8929201437235,1010.7134090873332,7.755538950942392,1.0,1.0
113.0,113,819,1026.0640262773902,943.2550254964701,7.755538950942392,1.0,1.0
113.0,113,820,1105.7475453294087,577.5740952684764,7.755538950942392,1.0,1.0
113.0,113,821,1308.2103942700678,37.605673194118346,13.261785059625714,5.0,1.0
113.0,113,823,468.4942096789964,690.5901777936228,7.755538950942392,1.0,1.0
113.0,113,826,981.7395682916928,835.8209310217227,9.771366777571922,2.0,1.0
113.0,113,828,149.77779236173367,813.6317937476692,9.77136677757192,2.0,1.0
113.0,113,829,781.1290438070383,143.422684694793,9.77136677757192,2.0,1.0
113.0,113,830,437.7517080560051,751.1006324226303,9.771366777571922,2.0,1.0
113.0,113,831,835.83737802003,611.3612485566265,9.771366777571922,2.0,1.0
113.0,113,832,1045.1815030947505,468.08444409877745,11.185422719499034,3.0,1.0
113.0,113,833,456.25411643822235,323.9164106240543,11.185422719499034,3.0,1.0
113.0,113,837,950.3965444430414,637.2557520174488,11.185422719499034,3.0,1.0
113.0,113,838,301.63716504594,313.6320414148378,7.755538950942392,1.0,1.0
113.0,113,839,963.1923456140229,95.59317106215642,7.755538950942392,1.0,1.0
113.0,113,840,746.5367506684584,679.3630540381276,7.755538950942392,1.0,1.0
113.0,113,841,896.2422455463416,583.6178339143338,11.185422719499032,3.0,1.0
113.0,113,842,41.24952675433076,514.2486681209763,7.755538950942392,1.0,1.0
113.0,113,843,937.1645958968031,905.4800536978802,7.755538950942392,1.0,1.0
113.0,113,845,1336.4950653144156,625.400420056005,7.755538950942392,1.0,1.0
113.0,113,846,684.0914639552637,435.7542801977959,9.77136677757192,2.0,1.0
113.0,113,848,590.9676117613504,627.0682653735437,13.261785059625714,5.0,1.0
113.0,113,851,1318.936664545988,653.0623910489235,14.09274953626919,6.0,1.0
113.0,113,853,476.16502781458905,798.1563517292011,12.311150689306299,4.0,0.9999999999999999
113.0,113,855,594.317267701388,596.3160894233166,7.755538950942392,1.0,1.0
113.0,113,857,747.261072571579,896.2963512595165,9.771366777571922,2.0,1.0
113.0,113,859,890.1305360341021,775.3845363147209,9.771366777571922,2.0,1.0
113.0,113,861,1000.1528853950002,70.27847927321537,7.755538950942392,1.0,1.0
113.0,113,862,305.33377443366396,580.2919292933941,7.755538950942392,1.0,1.0
113.0,113,865,840.5845025790074,107.5115051048775,7.755538950942392,1.0,1.0
113.0,113,866,931.8221928522768,15.926087072784732,9.77136677757192,2.0,1.0
113.0,113,868,1296.957418698329,806.7451346758538,14.092749536269187,6.0,1.0
113.0,113,869,1327.3915484516601,125.16526924752883,11.185422719499034,3.0,1.0
113.0,113,870,227.8647206761672,186.6767135379311,7.755538950942392,1.0,1.0
113.0,113,871,706.0323401883986,761.0133730582297,13.261785059625714,5.0,1.0
113.0,113,872,1046.7652947326965,437.66846770767825,7.755538950942392,1.0,1.0
113.0,113,873,58.72410228765082,393.8419526684345,7.755538950942392,1.0,1.0
113.0,113,877,176.11034781464267,430.0950143534958,7.755538950942392,1.0,1.0
113.0,113,879,707.9850480587954,334.2206886621486,11.185422719499034,3.0,1.0
113.0,113,882,291.5160563857687,637.6032276402175,7.755538950942392,1.0,0.9999999999999999
113.0,113,883,6.090952419952932,144.78125535076646,9.77136677757192,2.0,1.0
113.0,113,884,655.1470374335119,339.34699910886593,11.185422719499034,3.0,1.0
113.0,113,886,83.14470942045979,654.2535505181099,9.77136677757192,2.0,1.0
113.0,113,887,443.31655140312927,239.2537380204616,12.311150689306299,4.0,1.0
113.0,113,890,1269.6755487181167,247.069444898506,11.185422719499032,3.0,1.0
113.0,113,892,345.5806375644601,47.453472776731566,7.755538950942392,1.0,1.0
113.0,113,894,1188.426109861901,0.08345638211880868,11.185422719499034,3.0,1.0
113.0,113,896,232.5831923982433,925.151159964618,7.755538950942392,1.0,1.0
113.0,113,897,733.7677561057374,580.3710033883107,9.77136677757192,2.0,1.0
113.0,113,898,1071.6239759774191,294.5587833127604,9.77136677757192,2.0,1.0
113.0,113,899,1195.9913082845699,840.2332531325825,13.261785059625714,5.0,1.0
113.0,113,901,1058.72654069391,1.2416313749201802,11.185422719499032,3.0,1.0
113.0,113,903,284.5997056117672,372.64553778348966,16.708802155803774,10.0,1.0
113.0,113,905,712.3236557663466,875.4014624947521,12.311150689306299,4.0,1.0
113.0,113,907,1162.7913697044244,920.9294032176757,9.771366777571922,2.0,1.0
113.0,113,910,1276.3627893259,788.3040429156557,9.77136677757192,2.0,1.0
113.0,113,911,340.92680790640827,97.32146447557766,7.755538950942392,1.0,1.0
113.0,113,912,430.5387000601933,896.2571848135134,7.755538950942392,1.0,1.0
113.0,113,913,306.419660154608,734.0200399569305,7.755538950942392,1.0,1.0
113.0,113,914,863.7883826363599,374.96695119006273,12.311150689306297,4.0,0.9999999999999999
113.0,113,915,37.51940522707111,59.7264968194674,7.755538950942392,1.0,1.0
113.0,113,916,834.6661517497221,299.4634056902985,7.755538950942392,1.0,1.0
113.0,113,921,1226.9803901444752,475.22325271828805,7.755538950942392,1.0,1.0
113.0,113,924,646.6655766337323,4.331647187455033,9.77136677757192,2.0,1.0
113.0,113,925,901.6853909528577,353.47438971742804,12.311150689306299,4.0,0.9999999999999999
113.0,113,926,239.06441112592972,85.59367889921957,14.092749536269185,6.0,1.0
113.0,113,927,1256.8352992932485,81.67243991221841,14.09274953626919,6.0,0.9999999999999999
113.0,113,928,524.1191208991378,949.5387038203174,7.755538950942392,1.0,1.0
113.0,113,932,1281.7662228191077,536.810071242293,11.185422719499032,3.0,1.0
113.0,113,933,1018.5131580085342,202.38712827842033,7.755538950942392,1.0,1.0
113.0,113,934,315.50461771961136,24.004121383835727,13.261785059625714,5.0,1.0
113.0,113,936,528.87874906768,402.08647608457386,9.77136677757192,2.0,1.0
113.0,113,937,927.8699223102786,1006.5326098364832,9.77136677757192,2.0,1.0
113.0,113,939,1163.1464741510356,138.01338766172427,9.77136677757192,2.0,1.0
113.0,113,941,50.61848099247677,952.2042148217823,11.185422719499032,3.0,1.0
113.0,113,947,418.8585147473345,70.2511799242807,7.755538950942392,1.0,1.0
113.0,113,949,1213.1223222321432,33.89778371319785,11.185422719499032,3.0,0.9999999999999999
113.0,113,950,384.9336476744317,628.4110095929194,13.261785059625712,5.0,1.0
113.0,113,951,99.48058157261104,322.4689789406008,12.311150689306299,4.0,1.0
113.0,113,952,189.20238115272878,182.73483533948524,7.755538950942392,1.0,1.0
113.0,113,953,588.8524714270403,141.4733301072777,9.77136677757192,2.0,0.9999999999999999
113.0,113,954,1318.094929856418,202.44776924162304,9.771366777571922,2.0,1.0
113.0,113,955,472.7455887841984,413.9452878096656,9.77136677757192,2.0,1.0
113.0,113,956,1072.5081306478849,613.075460797751,9.77136677757192,2.0,1.0
113.0,113,957,266.36850133119265,538.9800286553658,12.311150689306297,4.0,1.0
113.0,113,959,191.32718079656252,905.2736229649585,9.77136677757192,2.0,1.0
113.0,113,961,277.9758640431373,177.6190502599448,9.77136677757192,2.0,1.0
113.0,113,962,1313.6181316132472,852.5678345125924,14.835812298463564,7.0,1.0
113.0,113,963,385.8872528923028,186.2242788363771,9.77136677757192,2.0,1.0
113.0,113,965,862.971038973774,482.2077688913976,7.755538950942392,1.0,0.9999999999999999
113.0,113,969,438.4266736918466,468.67554714898125,9.77136677757192,2.0,1.0
113.0,113,971,1166.6558287797448,823.5121337736639,7.755538950942392,1.0,0.9999999999999999
113.0,113,972,493.8450417164834,593.7377933473629,11.185422719499032,3.0,1.0
113.0,113,975,38.29597869942643,722.652792470469,7.755538950942392,1.0,1.0
113.0,113,977,1028.5376087922386,149.88055478568842,7.755538950942392,1.0,0.9999999999999999
113.0,113,980,339.31055969764446,749.7779551303975,9.771366777571922,2.0,1.0
113.0,113,981,987.4232220410305,406.6265178099543,7.755538950942392,1.0,1.0
113.0,113,983,924.0855119426183,528.9021063013132,7.755538950942392,1.0,1.0
113.0,113,985,1247.1576182694316,934.4512957171116,12.311150689306299,4.0,1.0
113.0,113,986,1159.0263046719303,776.2872505712526,13.261785059625714,5.0,1.0
113.0,113,987,1169.7517196091612,875.0896456103346,7.755538950942392,1.0,1.0
113.0,113,988,1131.7754463123676,607.6341235097987,7.755538950942392,1.0,1.0
113.0,113,989,543.0162890979889,940.0249481345551,9.77136677757192,2.0,1.0
113.0,113,995,38.93584696160741,13.818101382600743,14.092749536269185,6.0,1.0
113.0,113,996,263.2535766887449,857.2793220942425,9.77136677757192,2.0,1.0
113.0,113,998,6.841891014686735,973.6667497719712,7.755538950942392,1.0,0.9999999999999999
113.0,113,999,1068.156588740095,423.0691623232389,7.755538950942392,1.0,1.0
113.0,113,1000,167.72250833619518,868.8600217789353,9.77136677757192,2.0,0.9999999999999999
117.0,117,1,104.40002509525748,934.3643741751835,7.755538950942392,1.0,1.0
117.0,117,3,949.7615443266974,305.90673444144016,13.261785059625714,5.0,1.0
117.0,117,6,455.9742505938804,95.12302814622299,7.755538950942392,1.0,1.0
117.0,117,8,352.460955800185,208.9316592299983,16.708802155803774,10.0,1.0
117.0,117,9,1071.8588940349214,415.509170571544,9.77136677757192,2.0,1.0
117.0,117,10,1157.2291582358157,306.00609779909456,7.755538950942392,1.0,1.0
117.0,117,11,850.9791773927415,941.5471433475843,9.77136677757192,2.0,1.0
117.0,117,15,1011.0413515887918,299.14335404755195,7.755538950942392,1.0,1.0
117.0,117,17,198.2717017371246,274.5630766919917,7.755538950942392,1.0,1.0
117.0,117,18,645.7070679572241,649.3844117596684,7.755538950942392,1.0,0.9999999999999999
117.0,117,20,348.6269496297716,969.518537225133,9.77136677757192,2.0,1.0
117.0,117,22,143.6004776033884,469.68006321896854,11.185422719499032,3.0,1.0
117.0,117,23,3.943515805690066,819.1567578026549,11.185422719499034,3.0,1.0
117.0,117,28,903.640955509383,899.1041669481706,7.755538950942392,1.0,1.0
117.0,117,29,1098.114503861309,5.477436260587738,13.261785059625714,5.0,0.9999999999999999
117.0,117,31,963.9839274208485,150.85763674865157,7.755538950942392,1.0,1.0
117.0,117,35,189.85646683710718,747.8193915115473,9.771366777571922,2.0,1.0
117.0,117,37,865.149794495832,910.8918973764398,9.771366777571922,2.0,1.0
117.0,117,38,962.8620772732302,721.5717562133235,7.755538950942392,1.0,1.0
117.0,117,39,1330.824037591046,1007.4957664527756,9.771366777571922,2.0,1.0
117.0,117,40,961.2932905243715,926.9541931389118,9.77136677757192,2.0,1.0
117.0,117,41,433.223266594009,284.05385926513634,11.185422719499034,3.0,0.9999999999999999
117.0,117,43,782.1589432195327,822.2574952274855,7.755538950942392,1.0,1.0
117.0,117,44,742.2802689035641,57.31349318039994,11.185422719499032,3.0,1.0
117.0,117,45,880.1644675039347,959.998197014348,7.755538950942392,1.0,1.0
117.0,117,46,1147.384486551167,354.4008421286228,7.755538950942392,1.0,0.9999999999999999
117.0,117,51,1322.3184696356052,215.83342747279173,13.261785059625712,5.0,1.0
117.0,117,53,136.97243073457102,115.66055816605306,7.755538950942392,1.0,1.0
117.0,117,55,1248.993930103148,609.2587256226029,7.755538950942392,1.0,0.9999999999999999
117.0,117,57,1059.6836864299387,728.2793323414954,12.311150689306295,4.0,1.0
117.0,117,59,38.334557226636335,143.06927240990186,7.755538950942392,1.0,1.0
117.0,117,60,54.475058830537115,231.27155019359324,9.77136677757192,2.0,0.9999999999999999
117.0,117,61,882.9256975852726,1003.0983365451847,9.771366777571922,2.0,1.0
117.0,117,62,577.2333603986077,3.3391530518516133,7.755538950942392,1.0,1.0
117.0,117,63,1134.1260875163593,631.5970180074189,7.755538950942392,1.0,1.0
117.0,117,65,694.6650394178084,834.5696645393597,7.755538950942392,1.0,1.0
117.0,117,66,967.2080980720621,1012.6993624276486,9.771366777571922,2.0,0.9999999999999999
117.0,117,67,1088.9973829865778,253.99307016408287,13.261785059625712,5.0,1.0
117.0,117,68,1248.651108265535,663.4651671125544,7.755538950942392,1.0,1.0
117.0,117,70,1152.9383793412894,472.1865062168932,7.755538950942392,1.0,1.0
117.0,117,71,773.3712392610465,785.999469627241,9.771366777571922,2.0,0.9999999999999999
117.0,117,73,533.6940984840439,306.4655571929182,7.755538950942392,1.0,1.0
117.0,117,77,428.41329614887167,832.8918329046111,13.261785059625714,5.0,1.0
117.0,117,78,1103.622402910363,185.36160633560542,7.755538950942392,1.0,1.0
117.0,117,79,827.9162044868767,230.69394166925514,9.77136677757192,2.0,0.9999999999999999
117.0,117,80,1013.3402907582969,356.2506272537764,7.755538950942392,1.0,1.0
117.0,117,81,616.6177985042458,8.321168819424448,11.185422719499034,3.0,1.0
117.0,117,83,1191.3896016174388,419.0271917284477,7.755538950942392,1.0,1.0
117.0,117,85,118.67321814693129,793.5274475465677,7.755538950942392,1.0,1.0
117.0,117,86,1026.9879656182336,514.6061732205305,9.77136677757192,2.0,1.0
117.0,117,87,700.0233987889669,127.41594555414413,7.755538950942392,1.0,1.0
117.0,117,88,71.70642269347645,496.5456348372382,9.77136677757192,2.0,1.0
117.0,117,90,816.111006534267,413.5568266991659,7.755538950942392,1.0,1.0
117.0,117,92,1097.4238951013408,693.9628941340454,7.755538950942392,1.0,1.0
117.0,117,93,287.09480388963476,286.20306286532053,9.77136677757192,2.0,1.0
117.0,117,94,656.305344469932,882.9724032372615,12.311150689306299,4.0,1.0
117.0,117,97,944.0301016507774,63.964505089607144,12.311150689306297,4.0,1.0
117.0,117,100,371.121344839728,809.8457016700461,7.755538950942392,1.0,1.0
117.0,117,103,214.9579942779008,14.96840549062248,7.755538950942392,1.0,1.0
117.0,117,104,384.7206122789056,582.2230225407816,9.771366777571922,2.0,1.0
117.0,117,107,442.33673198505545,136.01520941213934,7.755538950942392,1.0,1.0
117.0,117,110,648.1472212104661,618.3771906350892,7.755538950942392,1.0,1.0
117.0,117,116,1152.6092377030043,53.14345611241382,11.185422719499032,3.0,1.0
117.0,117,118,274.4653993704791,442.52866631680666,9.77136677757192,2.0,1.0
117.0,117,119,1046.6696704949845,567.635557416061,11.185422719499032,3.0,1.0
117.0,117,121,110.55384533229203,228.93685230435756,14.09274953626919,6.0,1.0
117.0,117,122,854.3172880786208,263.0779298020597,14.835812298463564,7.0,1.0
117.0,117,125,421.0175177724316,998.859527328879,11.185422719499034,3.0,1.0
117.0,117,126,1.4331677000127119,468.4404489713148,7.755538950942392,1.0,1.0
117.0,117,129,783.9004188087204,667.4208775754103,7.755538950942392,1.0,1.0
117.0,117,130,1204.6277150318058,437.9218258935375,7.755538950942392,1.0,0.9999999999999999
117.0,117,131,1241.123141359129,304.5914819976679,9.771366777571922,2.0,1.0
117.0,117,132,1289.8061075071257,174.49055023599365,13.261785059625714,5.0,1.0
117.0,117,134,117.97742511742223,826.7584230458696,9.77136677757192,2.0,1.0
117.0,117,135,1010.0162263593459,594.6438783503901,7.755538950942392,1.0,1.0
117.0,117,138,479.71387087357937,1016.9568068474254,7.755538950942392,1.0,1.0
117.0,117,142,1295.5800303717244,292.59106362881187,7.755538950942392,1.0,1.0
117.0,117,143,610.0559631414691,112.24076229337405,14.835812298463564,7.0,1.0
117.0,117,144,1274.0003234593198,973.2088954730286,9.77136677757192,2.0,0.9999999999999999
117.0,117,145,127.7176114582116,866.1971550994857,9.77136677757192,2.0,1.0
117.0,117,146,1061.8794259233027,529.463118911239,7.755538950942392,1.0,1.0
117.0,117,148,551.6706509301631,149.84711501411616,12.311150689306299,4.0,1.0
117.0,117,149,169.06372671958158,975.2270158552633,7.755538950942392,1.0,1.0
117.0,117,150,705.5823120766507,382.496329023629,12.311150689306299,4.0,1.0
117.0,117,151,466.91715958857117,667.3701304280975,7.755538950942392,1.0,1.0
117.0,117,152,1166.4538253407798,674.644647269586,7.755538950942392,1.0,1.0
117.0,117,153,55.86812863283365,553.9339568442533,11.185422719499034,3.0,1.0
117.0,117,156,877.5613390073203,805.8704272594867,7.755538950942392,1.0,1.0
117.0,117,163,67.74963077960707,64.37479014568216,7.755538950942392,1.0,1.0
117.0,117,164,360.72260560266085,68.78085744839628,9.771366777571922,2.0,1.0
117.0,117,165,141.13174853489443,9.331654611251333,11.185422719499034,3.0,0.9999999999999999
117.0,117,166,500.67894338010706,91.70876177030978,12.311150689306297,4.0,1.0
117.0,117,170,981.2085937235654,684.2743250850808,7.755538950942392,1.0,1.0
117.0,117,172,821.4955722947088,814.3377565429461,7.755538950942392,1.0,0.9999999999999999
117.0,117,173,0.16533441860024123,59.15780534530548,12.311150689306299,4.0,1.0
117.0,117,174,971.6012313206201,749.5435783107934,9.771366777571922,2.0,1.0
117.0,117,181,474.8244660996528,937.2628150992226,11.185422719499032,3.0,1.0
117.0,117,186,225.41108151148,613.3090581876379,12.311150689306297,4.0,1.0
117.0,117,187,615.5071164930691,900.7840275163021,7.755538950942392,1.0,1.0
117.0,117,188,592.8921256123248,283.5712531593929,9.771366777571922,2.0,1.0
117.0,117,189,818.2475746616643,922.0864191591949,7.755538950942392,1.0,1.0
117.0,117,191,1070.8209816278058,756.0974022495755,11.185422719499032,3.0,1.0
117.0,117,193,350.3374045417917,107.30425784222489,11.185422719499032,3.0,1.0
117.0,117,199,201.59367697404554,544.0485639143993,16.132171110904203,9.0,1.0
117.0,117,201,143.7491399676877,434.14877823378697,9.77136677757192,2.0,1.0
117.0,117,208,1037.1817930075983,280.75665679860106,9.77136677757192,2.0,1.0
117.0,117,210,107.05309892222473,1006.7024166499543,16.132171110904203,9.0,1.0
117.0,117,213,478.9110593104884,751.0931506933949,7.755538950942392,1.0,0.9999999999999999
117.0,117,214,31.735935744817294,246.54339319864653,7.755538950942392,1.0,1.0
117.0,117,215,345.3386232112894,420.70582930821183,12.311150689306297,4.0,1.0
117.0,117,218,676.2306225292955,305.01977155761386,9.77136677757192,2.0,1.0
117.0,117,219,304.3107945830998,96.06815322481482,7.755538950942392,1.0,1.0
117.0,117,220,311.62860613324983,922.3353126922068,12.311150689306299,4.0,1.0
117.0,117,221,108.2241899374661,180.63469939512956,12.311150689306299,4.0,1.0
117.0,117,224,562.8439419006264,251.16031684236688,9.771366777571922,2.0,1.0
117.0,117,228,896.9790265596654,26.43319361679791,12.311150689306299,4.0,1.0
117.0,117,230,1134.7167866428017,731.3611300599886,7.755538950942392,1.0,1.0
117.0,117,231,739.2404469517821,311.65193492621347,11.185422719499032,3.0,1.0
117.0,117,232,498.1679381344929,235.43833551948427,7.755538950942392,1.0,0.9999999999999999
117.0,117,238,903.3411419112388,861.7303828093529,7.755538950942392,1.0,1.0
117.0,117,241,1223.6625162452099,521.1480313613216,12.311150689306297,4.0,0.9999999999999999
117.0,117,242,739.3111535471808,29.144843362849407,7.755538950942392,1.0,1.0
117.0,117,243,78.7515637120877,692.5652673045581,7.755538950942392,1.0,1.0
117.0,117,245,731.2847677073906,802.4017368970957,11.185422719499034,3.0,1.0
117.0,117,247,385.19401135858,216.56581628150144,7.755538950942392,1.0,1.0
117.0,117,248,466.260008834587,194.80900109022718,9.77136677757192,2.0,0.9999999999999999
117.0,117,250,513.7432996329669,799.2249117669196,7.755538950942392,1.0,1.0
117.0,117,255,1337.3759089561393,820.852098809967,9.77136677757192,2.0,1.0
117.0,117,256,924.5759821717928,728.0424988206533,7.755538950942392,1.0,1.0
117.0,117,259,747.8133460347791,166.24946725812524,13.26178505962571,5.0,1.0
117.0,117,260,1089.5417505650666,803.902655661502,7.755538950942392,1.0,1.0
117.0,117,261,253.99620049647433,425.66499024579605,7.755538950942392,1.0,1.0
117.0,117,262,846.85647333156,991.0513796081233,11.185422719499034,3.0,1.0
117.0,117,263,98.82949637265497,141.80902073285813,11.185422719499034,3.0,0.9999999999999999
117.0,117,264,941.7296805546233,815.9848576077856,7.755538950942392,1.0,1.0
117.0,117,265,5.269034649449465,443.7927835225798,7.755538950942392,1.0,1.0
117.0,117,268,1020.0697774276089,228.78295057846873,7.755538950942392,1.0,0.9999999999999999
117.0,117,269,109.25280034686007,375.10811108250715,11.185422719499032,3.0,1.0
117.0,117,273,622.5889135440921,584.7144301625405,7.755538950942392,1.0,1.0
117.0,117,274,790.9580583434489,846.823713687865,7.755538950942392,1.0,1.0
117.0,117,275,1176.7605672960535,388.31042110627294,7.755538950942392,1.0,1.0
117.0,117,276,1094.7472977136176,527.0582956521749,7.755538950942392,1.0,1.0
117.0,117,278,1243.8767644753714,356.5021348131364,14.092749536269187,6.0,1.0
117.0,117,279,122.47694649745857,635.0708498423809,13.261785059625714,5.0,1.0
117.0,117,281,1189.1231607963687,546.2128407793505,12.311150689306299,4.0,1.0
117.0,117,283,685.6773029821549,589.3268744663861,14.09274953626919,6.0,0.9999999999999999
117.0,117,284,80.23412226870737,799.5619783971382,7.755538950942392,1.0,1.0
117.0,117,285,857.5351732956341,640.2654784603889,7.755538950942392,1.0,1.0
117.0,117,286,1137.3008860713808,255.26971760694846,7.755538950942392,1.0,1.0
117.0,117,287,101.53279543419269,714.220505648119,7.755538950942392,1.0,0.9999999999999999
117.0,117,289,1240.5529108509272,821.4345090067669,13.261785059625714,5.0,1.0
117.0,117,291,510.99535584400525,359.4645389717197,9.771366777571922,2.0,1.0
117.0,117,294,621.3217609552627,433.3451125301595,7.755538950942392,1.0,1.0
117.0,117,295,52.614083767455945,755.5685305823464,12.311150689306297,4.0,1.0
117.0,117,300,345.88299747131543,662.0780167813914,11.185422719499034,3.0,1.0
117.0,117,301,1113.3657205014038,42.26557507538181,9.77136677757192,2.0,1.0
117.0,117,302,642.7887928640188,985.9958096464705,7.755538950942392,1.0,1.0
117.0,117,304,718.1431583159816,406.07161189577494,7.755538950942392,1.0,0.9999999999999999
117.0,117,306,157.07737973844038,591.0197897222913,7.755538950942392,1.0,1.0
117.0,117,307,981.7008309842292,487.1505777008333,12.311150689306297,4.0,1.0
117.0,117,309,817.8635019407195,193.48802342392443,7.755538950942392,1.0,1.0
117.0,117,314,172.73289121591873,149.89283549461024,7.755538950942392,1.0,1.0
117.0,117,318,1211.347404156686,608.5245493798635,11.185422719499032,3.0,1.0
117.0,117,320,1243.2413203221658,112.63794344693147,9.77136677757192,2.0,1.0
117.0,117,322,865.6482622995031,977.1457333966953,9.77136677757192,2.0,0.9999999999999999
117.0,117,323,74.58070157847402,432.31011069535634,9.77136677757192,2.0,1.0
117.0,117,325,212.81411557746256,932.9167835331991,7.755538950942392,1.0,1.0
117.0,117,326,197.75354411817216,476.70454870515596,9.77136677757192,2.0,1.0
117.0,117,327,913.8298296885257,474.2345817130287,7.755538950942392,1.0,1.0
117.0,117,330,407.7105573643276,861.2675848131762,11.185422719499034,3.0,1.0
117.0,117,331,134.92786682390968,719.3613708874043,15.511077901884784,8.0,0.9999999999999999
117.0,117,333,618.055741977242,35.096474229367075,9.77136677757192,2.0,1.0
117.0,117,334,1135.2685448045106,827.6009719449489,7.755538950942392,1.0,1.0
117.0,117,337,590.4269173323762,937.3455304856687,9.77136677757192,2.0,1.0
117.0,117,339,821.4368242623078,87.80793187019536,7.755538950942392,1.0,1.0
117.0,117,340,892.0900149227131,663.2983916101562,9.771366777571922,2.0,0.9999999999999999
117.0,117,341,988.3809750872935,608.2753040190692,12.311150689306297,4.0,1.0
117.0,117,342,876.4262175499312,135.6465389433975,9.77136677757192,2.0,1.0
117.0,117,344,731.0919762836829,356.1839593272393,7.755538950942392,1.0,1.0
117.0,117,346,1186.5989352597253,632.1173005302758,7.755538950942392,1.0,1.0
117.0,117,348,406.76573857465786,660.7783274060622,7.755538950942392,1.0,1.0
117.0,117,350,1245.5875007355592,164.36583149140492,9.77136677757192,2.0,1.0
117.0,117,354,475.9346035107277,233.31961057299063,7.755538950942392,1.0,1.0
117.0,117,355,96.34429242434075,494.8390247163694,7.755538950942392,1.0,0.9999999999999999
117.0,117,356,681.2228190292961,1015.1925858312013,7.755538950942392,1.0,1.0
117.0,117,360,678.3807594669963,334.425289403506,7.755538950942392,1.0,0.9999999999999999
117.0,117,361,26.109650068285873,633.1766163151414,11.185422719499032,3.0,0.9999999999999999
117.0,117,362,995.2083519298367,704.1370703599092,7.755538950942392,1.0,0.9999999999999999
117.0,117,363,602.5547248740405,511.14578309362014,7.755538950942392,1.0,1.0
117.0,117,364,1333.0917975493135,418.98194348710393,7.755538950942392,1.0,0.9999999999999999
117.0,117,365,116.07265498233924,73.8765774888854,7.755538950942392,1.0,1.0
117.0,117,366,841.1634010297863,164.50691457897597,7.755538950942392,1.0,0.9999999999999999
117.0,117,367,1186.869990495515,999.5944317077794,7.755538950942392,1.0,1.0
117.0,117,368,1327.8015980863504,169.65067279698852,14.09274953626919,6.0,1.0
117.0,117,370,33.170300114389065,994.6032384897808,7.755538950942392,1.0,1.0
117.0,117,371,578.0911477775758,426.9877046248426,9.771366777571922,2.0,1.0
117.0,117,373,875.1853474644538,194.5425941895431,7.755538950942392,1.0,1.0
117.0,117,374,877.3127063919347,77.11935336097802,12.311150689306299,4.0,1.0
117.0,117,380,854.6434729670808,22.40284459464268,9.771366777571922,2.0,1.0
117.0,117,381,815.1783688768925,331.83880034915325,9.77136677757192,2.0,1.0
117.0,117,382,2.6895972714644913,274.0134125719573,12.311150689306297,4.0,1.0
117.0,117,383,932.5679717625087,505.15847729618866,9.771366777571922,2.0,0.9999999999999999
117.0,117,385,697.6180936638383,545.6157698569872,9.771366777571922,2.0,1.0
117.0,117,387,818.7638347052216,260.1242474720714,9.77136677757192,2.0,1.0
117.0,117,388,182.59493329986043,651.6239169016491,7.755538950942392,1.0,1.0
117.0,117,390,361.76032662136714,175.0707521950329,13.261785059625714,5.0,0.9999999999999999
117.0,117,391,745.1827330797832,498.99773742576207,14.09274953626919,6.0,1.0
117.0,117,393,273.5241518808345,903.6026136287912,7.755538950942392,1.0,1.0
117.0,117,396,1042.38865757793,351.8336826601451,9.77136677757192,2.0,1.0
117.0,117,399,523.8207858975817,614.7200991112081,11.185422719499032,3.0,0.9999999999999999
117.0,117,400,223.75368685853456,376.42730120488596,7.755538950942392,1.0,1.0
117.0,117,403,642.3608564690356,538.6030070120369,7.755538950942392,1.0,1.0
117.0,117,405,763.2546591338845,374.49006754318657,12.311150689306297,4.0,1.0
117.0,117,406,254.80576363907022,790.1672311336672,14.092749536269183,6.0,1.0
117.0,117,409,574.9540555768091,871.405893816561,12.311150689306299,4.0,1.0
117.0,117,410,574.021740349904,537.8484671660084,9.771366777571922,2.0,0.9999999999999999
117.0,117,412,750.5909907524491,644.3562395552713,9.77136677757192,2.0,1.0
117.0,117,414,1212.0148641459218,497.9038873730279,11.185422719499034,3.0,1.0
117.0,117,415,1130.5801711017982,692.5809172273596,7.755538950942392,1.0,1.0
117.0,117,416,403.32875552848907,732.6063491663526,7.755538950942392,1.0,1.0
117.0,117,417,908.7738717149097,512.7150586117372,11.185422719499034,3.0,1.0
117.0,117,418,539.743739347595,686.3072649526451,9.77136677757192,2.0,0.9999999999999999
117.0,117,419,337.26711097625224,895.754853004856,9.771366777571922,2.0,1.0
117.0,117,420,694.0665224110595,965.135279639403,9.771366777571922,2.0,1.0
117.0,117,421,987.7485134073585,334.9135859116009,11.185422719499034,3.0,1.0
117.0,117,422,154.75510179341452,668.9657664808298,7.755538950942392,1.0,1.0
117.0,117,428,1061.5899885017889,187.79908249794028,9.77136677757192,2.0,0.9999999999999999
117.0,117,431,265.6926561772719,584.9773013455062,7.755538950942392,1.0,1.0
117.0,117,432,356.29445727866346,770.7516004896664,11.185422719499034,3.0,1.0
117.0,117,433,290.4191111541261,597.2180121666399,9.77136677757192,2.0,1.0
117.0,117,435,891.000520239881,232.3458015760554,7.755538950942392,1.0,1.0
117.0,117,436,302.5427781517808,664.095612521576,9.77136677757192,2.0,0.9999999999999999
117.0,117,438,866.4972064481431,713.102631584506,7.755538950942392,1.0,0.9999999999999999
117.0,117,439,525.6199728220666,864.3296833517937,12.311150689306299,4.0,1.0
117.0,117,441,950.1749158481155,431.5224449177805,12.311150689306297,4.0,1.0
117.0,117,442,501.4392019362193,329.949222369417,7.755538950942392,1.0,1.0
117.0,117,443,216.07709711304142,743.3747709462383,7.755538950942392,1.0,1.0
117.0,117,445,1048.5532569122176,30.00862248085876,7.755538950942392,1.0,1.0
117.0,117,446,324.2409100318324,259.7777381091317,7.755538950942392,1.0,0.9999999999999999
117.0,117,449,1199.5316015963592,129.77743743509131,7.755538950942392,1.0,1.0
117.0,117,451,1332.158866521915,509.4957383543412,7.755538950942392,1.0,1.0
117.0,117,453,185.05746864058176,1013.6342252875002,7.755538950942392,1.0,0.9999999999999999
117.0,117,455,853.9047893492218,211.2481792787135,12.311150689306299,4.0,1.0
117.0,117,456,303.1893866682483,807.4096307711342,11.185422719499032,3.0,1.0
117.0,117,459,1306.0479670120283,352.5459706153406,11.185422719499034,3.0,1.0
117.0,117,461,152.6825178528091,61.796254893347175,9.77136677757192,2.0,1.0
117.0,117,462,1097.776810847362,303.83102343584073,7.755538950942392,1.0,0.9999999999999999
117.0,117,464,1336.7674227994187,67.16445477978328,7.755538950942392,1.0,0.9999999999999999
117.0,117,465,796.9672479748318,180.99210156651668,7.755538950942392,1.0,1.0
117.0,117,468,1211.9807868724656,912.1450322808341,11.185422719499032,3.0,1.0
117.0,117,469,1129.0563029497596,892.7314075040601,7.755538950942392,1.0,1.0
117.0,117,470,83.03159087783668,407.567768875273,7.755538950942392,1.0,1.0
117.0,117,472,309.1734203194495,136.24863817922346,7.755538950942392,1.0,0.9999999999999999
117.0,117,473,396.6484022754541,915.6980791119905,7.755538950942392,1.0,1.0
117.0,117,476,483.3537558982048,137.66594750616605,13.261785059625714,5.0,0.9999999999999999
117.0,117,477,274.37301550203614,934.9771810209446,12.311150689306299,4.0,1.0
117.0,117,479,354.9176867060613,929.5460807399566,7.755538950942392,1.0,1.0
117.0,117,481,588.865280585688,980.319925193467,11.185422719499034,3.0,0.9999999999999999
117.0,117,485,1050.1758229484644,681.2050914671902,7.755538950942392,1.0,1.0
117.0,117,486,406.3818778750028,129.20999618885557,7.755538950942392,1.0,1.0
117.0,117,487,1066.9072525892223,954.9419631743922,14.09274953626919,6.0,1.0
117.0,117,489,661.8227241951126,150.22148789404287,9.77136677757192,2.0,1.0
117.0,117,490,452.2250165765547,906.5300648106339,9.77136677757192,2.0,1.0
117.0,117,491,654.1279842126165,758.5186603526665,12.311150689306299,4.0,1.0
117.0,117,494,818.5457490782685,764.9831850097391,9.77136677757192,2.0,1.0
117.0,117,496,686.8153493830151,518.2612575934281,9.771366777571922,2.0,1.0
117.0,117,497,1195.2784630467079,773.923017731501,9.771366777571922,2.0,1.0
117.0,117,498,418.76241769583254,485.7050822665485,7.755538950942392,1.0,1.0
117.0,117,500,539.7007033062832,186.2306813637979,7.755538950942392,1.0,1.0
117.0,117,501,517.7548632013674,991.9277581776997,12.311150689306299,4.0,1.0
117.0,117,503,545.9392488214107,33.10457699993738,14.835812298463559,7.0,1.0
117.0,117,504,993.0095531040047,202.9788170247569,7.755538950942392,1.0,1.0
117.0,117,506,111.97945314077045,750.9669282418199,7.755538950942392,1.0,1.0
117.0,117,507,1338.856603453377,314.3210360932513,7.755538950942392,1.0,1.0
117.0,117,508,1166.447434580857,518.3504186321767,12.311150689306299,4.0,1.0
117.0,117,509,1066.3358977045098,861.62759900171,9.77136677757192,2.0,1.0
117.0,117,510,599.7459162818786,217.952122617171,13.261785059625714,5.0,0.9999999999999999
117.0,117,511,518.4790377227123,503.4653479132563,9.77136677757192,2.0,1.0
117.0,117,512,193.47826761833343,869.960318066849,11.185422719499034,3.0,1.0
117.0,117,513,1267.3545409823948,585.0265589109094,16.70880215580377,10.0,1.0
117.0,117,516,1222.9929283010847,385.1205033556967,11.185422719499032,3.0,0.9999999999999999
117.0,117,517,903.5423032621995,834.8855021900837,9.77136677757192,2.0,1.0
117.0,117,518,130.89140943134515,529.2509994449828,12.311150689306299,4.0,1.0
117.0,117,519,827.122032043377,386.2058955571602,14.09274953626919,6.0,1.0
117.0,117,520,804.3761038940163,1015.8541835433044,11.185422719499034,3.0,1.0
117.0,117,521,835.004259442293,48.920332674376155,14.09274953626919,6.0,1.0
117.0,117,522,984.3910061238136,989.2221723625029,7.755538950942392,1.0,1.0
117.0,117,523,973.9197398364097,187.96239099238562,7.755538950942392,1.0,1.0
117.0,117,524,864.0132276326848,879.6030128566986,9.77136677757192,2.0,1.0
117.0,117,529,780.0637040457226,566.0747143489947,7.755538950942392,1.0,1.0
117.0,117,530,123.79013996111497,679.7784377944656,9.771366777571922,2.0,1.0
117.0,117,533,833.4545171782596,875.5054029858912,11.185422719499034,3.0,0.9999999999999999
117.0,117,535,842.2522396485018,134.76756998276755,7.755538950942392,1.0,1.0
117.0,117,536,341.40311558877755,487.6388092801587,7.755538950942392,1.0,1.0
117.0,117,538,547.9293657750574,453.9605321930982,11.185422719499032,3.0,0.9999999999999999
117.0,117,539,965.8611744036922,227.0708550248148,9.771366777571922,2.0,0.9999999999999999
117.0,117,540,307.5996307503182,545.5514363933424,7.755538950942392,1.0,1.0
117.0,117,543,904.3775005208698,400.8338796987536,11.185422719499034,3.0,1.0
117.0,117,546,1039.1826273476136,833.1803324266023,9.77136677757192,2.0,1.0
117.0,117,547,496.13491478077606,253.82687872665315,7.755538950942392,1.0,1.0
117.0,117,548,893.4356066788118,445.61874452612017,12.311150689306299,4.0,0.9999999999999999
117.0,117,551,1250.6826665058975,764.397081457497,7.755538950942392,1.0,1.0
117.0,117,555,155.63118906136933,191.67607021995394,12.311150689306299,4.0,1.0
117.0,117,556,269.57597988774427,469.9724708280953,7.755538950942392,1.0,0.9999999999999999
117.0,117,557,602.4131619446998,319.9307097405558,12.311150689306299,4.0,1.0
117.0,117,559,1073.6024231981778,81.0801658206194,7.755538950942392,1.0,1.0
117.0,117,561,1315.635727800248,887.0780495733458,7.755538950942392,1.0,1.0
117.0,117,562,180.5697981921573,231.90933914746293,11.185422719499032,3.0,1.0
117.0,117,563,443.44077756684874,411.2837794229561,7.755538950942392,1.0,1.0
117.0,117,564,352.81796640807136,460.073654805419,11.185422719499032,3.0,1.0
117.0,117,565,1210.9104698942397,755.0126041357614,7.755538950942392,1.0,0.9999999999999999
117.0,117,568,1110.6209658496111,160.86285436240502,9.771366777571922,2.0,1.0
117.0,117,569,332.25651260335326,342.25322293536385,7.755538950942392,1.0,1.0
117.0,117,570,1313.7866954269239,557.9416455255986,11.185422719499034,3.0,1.0
117.0,117,573,486.92243874213045,962.80536945023,7.755538950942392,1.0,1.0
117.0,117,574,184.81574559608518,795.7297678810553,7.755538950942392,1.0,1.0
117.0,117,575,673.2492033162966,686.058262188238,7.755538950942392,1.0,0.9999999999999999
117.0,117,576,819.5728577760624,159.4731929332484,7.755538950942392,1.0,0.9999999999999999
117.0,117,579,543.7603898890463,272.8510976314167,7.755538950942392,1.0,1.0
117.0,117,581,602.4792299739559,830.2007743669258,13.261785059625714,5.0,1.0
117.0,117,582,561.4060634429056,284.52567638787025,9.77136677757192,2.0,0.9999999999999999
117.0,117,583,1227.8644697366403,254.55779366999502,11.185422719499034,3.0,1.0
117.0,117,584,1084.9871049275937,776.3786147416865,7.755538950942392,1.0,0.9999999999999999
117.0,117,586,390.0899735580681,1024.9187374942342,7.755538950942392,1.0,1.0
117.0,117,587,1067.8447077990938,822.9273338009626,9.77136677757192,2.0,1.0
117.0,117,592,883.8869339574998,304.6353740689493,9.77136677757192,2.0,1.0
117.0,117,593,686.8662479438331,793.7010694398125,9.77136677757192,2.0,1.0
117.0,117,594,528.2998775115432,899.5234444750251,11.185422719499034,3.0,1.0
117.0,117,598,595.6010109028314,447.3457064394676,11.185422719499032,3.0,1.0
117.0,117,600,534.6259682927883,532.3737929977167,12.311150689306297,4.0,1.0
117.0,117,602,163.51025222705343,311.7449514599548,7.755538950942392,1.0,0.9999999999999999
117.0,117,605,792.2141403170285,38.02935334904342,14.835812298463564,7.0,1.0
117.0,117,606,1219.2277908570813,634.2353658981216,7.755538950942392,1.0,1.0
117.0,117,607,1159.751535497851,172.9770431389823,12.311150689306297,4.0,0.9999999999999999
117.0,117,608,940.7137158386115,703.8236852242535,9.771366777571922,2.0,0.9999999999999999
117.0,117,609,997.9489205393456,855.0808252269549,7.755538950942392,1.0,1.0
117.0,117,612,348.780671068898,313.9110446202637,14.09274953626919,6.0,1.0
117.0,117,613,1257.0886707319612,727.5806677922482,7.755538950942392,1.0,1.0
117.0,117,614,398.5155042975698,767.9669793820325,12.311150689306299,4.0,1.0
117.0,117,619,638.1686727585294,249.81891883739215,7.755538950942392,1.0,1.0
117.0,117,621,177.50104811121926,40.95225493114119,7.755538950942392,1.0,1.0
117.0,117,622,261.46554283282876,43.736193873946355,7.755538950942392,1.0,1.0
117.0,117,625,577.5971609131849,742.2564386422512,7.755538950942392,1.0,1.0
117.0,117,626,896.3742798905703,175.4029536539058,7.755538950942392,1.0,1.0
117.0,117,627,1254.978745642152,18.589847775016704,13.261785059625714,5.0,1.0
117.0,117,629,804.4853308672253,884.3976964588783,11.185422719499032,3.0,1.0
117.0,117,632,402.8740884928691,709.5308858893399,9.771366777571922,2.0,0.9999999999999999
117.0,117,633,1109.8511820277406,86.95948228216018,9.77136677757192,2.0,1.0
117.0,117,636,676.9770735173362,933.234675949199,12.311150689306299,4.0,1.0
117.0,117,638,77.79514451036486,229.86280609385275,7.755538950942392,1.0,1.0
117.0,117,640,43.118612261192766,453.93046571872225,7.755538950942392,1.0,1.0
117.0,117,641,157.6617392183946,924.2932318725478,7.755538950942392,1.0,1.0
117.0,117,646,373.13648840089536,890.1793440903682,13.261785059625714,5.0,1.0
117.0,117,647,172.41497955641606,286.3743698992828,9.771366777571922,2.0,1.0
117.0,117,649,1114.408796864356,118.14415134627737,9.77136677757192,2.0,1.0
117.0,117,654,1296.500339803658,124.84446754742378,11.185422719499034,3.0,1.0
117.0,117,655,581.0457309120078,697.9630397348828,7.755538950942392,1.0,1.0
117.0,117,658,571.5762084851918,342.74533801076853,14.092749536269185,6.0,1.0
117.0,117,659,1295.9830852039481,964.196988389062,9.771366777571922,2.0,1.0
117.0,117,662,1131.8367022021273,965.0894594822973,7.755538950942392,1.0,1.0
117.0,117,665,1035.467937361399,113.68657696790838,11.185422719499032,3.0,0.9999999999999999
117.0,117,666,1227.5298832095045,1003.6992506453016,13.261785059625714,5.0,1.0
117.0,117,667,193.09762956620102,89.76217879213509,7.755538950942392,1.0,1.0
117.0,117,668,237.0611604031705,952.0541182987299,7.755538950942392,1.0,1.0
117.0,117,671,1028.7243854180595,86.13545501556378,7.755538950942392,1.0,0.9999999999999999
117.0,117,672,805.5292251266017,982.54763569449,7.755538950942392,1.0,1.0
117.0,117,674,1060.0148697753914,639.6172297125487,7.755538950942392,1.0,1.0
117.0,117,675,390.6847150107798,498.7982866397148,7.755538950942392,1.0,1.0
117.0,117,676,1289.7308552535458,866.0456015761906,9.77136677757192,2.0,0.9999999999999999
117.0,117,680,874.6621161172118,591.3792955916035,7.755538950942392,1.0,1.0
117.0,117,682,1217.4972457461108,78.58706489871766,7.755538950942392,1.0,1.0
117.0,117,684,1309.1293272698058,945.6404426993436,11.185422719499034,3.0,1.0
117.0,117,687,1207.1810414544696,283.9282338347502,12.311150689306297,4.0,1.0
117.0,117,688,236.90464657367633,488.22559645369006,7.755538950942392,1.0,1.0
117.0,117,689,436.1113571272268,614.5901945870822,7.755538950942392,1.0,1.0
117.0,117,694,1110.687049236657,877.1684350845023,7.755538950942392,1.0,1.0
117.0,117,698,669.4303164768675,99.90289216490031,9.771366777571922,2.0,0.9999999999999999
117.0,117,700,446.57622365123626,507.78909205656606,11.185422719499032,3.0,0.9999999999999999
117.0,117,702,695.3373192797396,37.65865478885537,7.755538950942392,1.0,1.0
117.0,117,704,138.37588808031327,253.60048989734227,9.771366777571922,2.0,1.0
117.0,117,705,406.1842429224428,417.87979440895714,11.185422719499034,3.0,0.9999999999999999
117.0,117,706,303.232811132547,204.36940962179997,11.185422719499032,3.0,1.0
117.0,117,707,252.48333188887403,254.239882501266,11.185422719499032,3.0,1.0
117.0,117,710,812.907450011569,674.534549571757,9.771366777571922,2.0,1.0
117.0,117,717,517.9768608949216,657.8212065288744,14.09274953626919,6.0,0.9999999999999999
117.0,117,718,432.7321796503445,159.05615382866475,9.771366777571922,2.0,0.9999999999999999
117.0,117,720,636.7394680747796,831.1508559223697,9.77136677757192,2.0,1.0
117.0,117,722,1006.7401878929659,783.0163254170893,13.261785059625714,5.0,0.9999999999999999
117.0,117,723,431.69043233281457,592.124972053407,11.185422719499032,3.0,1.0
117.0,117,724,892.1060715326914,620.9863407088161,7.755538950942392,1.0,0.9999999999999999
117.0,117,726,1263.835533670749,54.0439369319816,9.771366777571922,2.0,1.0
117.0,117,728,1032.8614761657134,393.2799251552927,7.755538950942392,1.0,1.0
117.0,117,729,564.5790547492542,97.1411420042862,9.771366777571922,2.0,1.0
117.0,117,730,687.243618038323,462.01354658011627,9.77136677757192,2.0,1.0
117.0,117,732,507.46422828941655,153.84799429970954,11.185422719499032,3.0,1.0
117.0,117,733,237.6416236025398,287.8009239599407,12.311150689306297,4.0,0.9999999999999999
117.0,117,734,1335.519897730682,22.712047259612795,7.755538950942392,1.0,1.0
117.0,117,735,722.1371425912204,7.068655043691759,7.755538950942392,1.0,1.0
117.0,117,737,1094.6179857490579,489.1177613872245,13.26178505962571,5.0,0.9999999999999999
117.0,117,740,1235.6363056317307,959.691363044337,7.755538950942392,1.0,1.0
117.0,117,746,1273.8030507562814,388.97649721989546,9.77136677757192,2.0,1.0
117.0,117,747,634.4388488098742,743.391819377232,11.185422719499034,3.0,1.0
117.0,117,750,787.4256773757297,246.37453434345144,9.77136677757192,2.0,1.0
117.0,117,752,1305.4686730755134,701.009778867379,9.771366777571922,2.0,1.0
117.0,117,753,644.000382900902,477.97830834794365,9.771366777571922,2.0,1.0
117.0,117,754,547.815313894212,722.6073337913231,7.755538950942392,1.0,1.0
117.0,117,755,937.8206147740599,134.30772975135628,9.771366777571922,2.0,1.0
117.0,117,757,771.4520418924847,488.9852503438666,11.185422719499034,3.0,1.0
117.0,117,758,643.732561249992,407.46179393128534,9.77136677757192,2.0,1.0
117.0,117,759,47.69288894719947,617.0481299461682,11.185422719499032,3.0,1.0
117.0,117,760,155.90935865403753,1020.9840486971425,11.185422719499034,3.0,1.0
117.0,117,762,987.7441739953478,45.36627378035009,11.185422719499032,3.0,1.0
117.0,117,764,216.7151132929886,666.9778670973333,7.755538950942392,1.0,1.0
117.0,117,765,724.0044347167708,471.17779919413596,11.185422719499034,3.0,1.0
117.0,117,766,360.58547123368226,5.1597116808548416,9.77136677757192,2.0,1.0
117.0,117,767,356.717984536547,600.8526798482523,7.755538950942392,1.0,0.9999999999999999
117.0,117,768,718.6477088583566,643.4272220308374,14.835812298463562,7.0,1.0
117.0,117,769,11.861697671095506,687.3675694900713,12.311150689306299,4.0,1.0
117.0,117,772,1031.8131647545042,916.2702886848664,7.755538950942392,1.0,1.0
117.0,117,773,925.6005042285309,650.9466085373259,7.755538950942392,1.0,1.0
117.0,117,774,65.11844031124465,844.7381697957569,11.185422719499034,3.0,0.9999999999999999
117.0,117,776,1080.2138006604616,147.88774303547157,9.77136677757192,2.0,1.0
117.0,117,777,391.8198522769539,330.2678092821671,7.755538950942392,1.0,1.0
117.0,117,780,234.16928840017934,690.0793443758478,11.185422719499032,3.0,1.0
117.0,117,781,428.09664453028563,198.24166566322458,7.755538950942392,1.0,1.0
117.0,117,782,146.60315404579603,567.709907820739,11.185422719499032,3.0,1.0
117.0,117,783,171.96233531928564,701.293637178959,14.09274953626919,6.0,0.9999999999999999
117.0,117,786,482.8285828683642,829.6001864821815,7.755538950942392,1.0,1.0
117.0,117,787,743.9902575411076,857.042482969831,11.185422719499032,3.0,1.0
117.0,117,788,1126.637013202095,401.4159142269061,7.755538950942392,1.0,1.0
117.0,117,789,392.08730563631923,968.693462652841,11.185422719499034,3.0,1.0
117.0,117,790,708.8953235086387,916.9379876111141,11.185422719499034,3.0,1.0
117.0,117,791,924.0909201956786,950.3629311517896,12.311150689306299,4.0,1.0
117.0,117,792,564.4414618258163,770.2987666744813,15.511077901884784,8.0,0.9999999999999999
117.0,117,795,237.36206339771857,835.292863315042,11.185422719499032,3.0,1.0
117.0,117,796,239.4497055074778,318.22440404232816,7.755538950942392,1.0,0.9999999999999999
117.0,117,798,1021.7653575575982,459.4083252221717,7.755538950942392,1.0,1.0
117.0,117,799,40.0964703444315,200.98786764796847,7.755538950942392,1.0,1.0
117.0,117,800,348.6944980260482,723.5192056789884,9.77136677757192,2.0,0.9999999999999999
117.0,117,801,1235.1927355413902,96.6258319030634,7.755538950942392,1.0,1.0
117.0,117,805,717.3384144938509,977.3285653718897,9.77136677757192,2.0,1.0
117.0,117,806,382.60698630326186,680.139855972038,9.771366777571922,2.0,1.0
117.0,117,809,1194.7063271102772,473.6123198669718,9.77136677757192,2.0,1.0
117.0,117,810,1054.840517798674,146.99715352790253,9.77136677757192,2.0,1.0
117.0,117,811,822.0576136321664,552.3105164069634,16.132171110904203,9.0,1.0
117.0,117,812,47.378259463911476,408.9055575080114,7.755538950942392,1.0,1.0
117.0,117,815,473.26256338542595,568.9785233309,9.77136677757192,2.0,1.0
117.0,117,817,1192.0491386674228,728.825747811591,9.77136677757192,2.0,1.0
117.0,117,818,276.4313662072426,1012.4066488499897,7.755538950942392,1.0,1.0
117.0,117,819,1025.1129297955797,943.0769991453909,7.755538950942392,1.0,1.0
117.0,117,820,1107.4555280200263,577.1113850914362,7.755538950942392,1.0,1.0
117.0,117,821,1308.3303959085647,37.32185106564623,13.261785059625714,5.0,1.0
117.0,117,823,467.90550826410873,691.4412582904101,7.755538950942392,1.0,1.0
117.0,117,826,981.3721801934587,835.1436144305773,9.771366777571922,2.0,1.0
117.0,117,828,148.99793169502263,814.8411556381254,9.77136677757192,2.0,1.0
117.0,117,829,782.1280741139487,141.1133894582645,9.77136677757192,2.0,1.0
117.0,117,830,438.1441855756266,749.3337343792966,9.771366777571922,2.0,0.9999999999999999
117.0,117,831,833.7362490332871,611.233619822901,9.771366777571922,2.0,0.9999999999999999
117.0,117,832,1046.271682732434,466.51273314874624,11.185422719499034,3.0,1.0
117.0,117,833,453.0748834585749,325.8212901389898,12.311150689306299,4.0,1.0
117.0,117,837,949.9477883158993,636.36482767283,11.185422719499034,3.0,1.0
117.0,117,838,300.92985636684483,312.900950573624,7.755538950942392,1.0,1.0
117.0,117,839,963.2512057300526,94.64894483686699,7.755538950942392,1.0,1.0
117.0,117,840,745.6350205115434,681.2615861934413,7.755538950942392,1.0,1.0
117.0,117,841,895.2071392437523,582.6606672055408,11.185422719499032,3.0,1.0
117.0,117,842,42.395092730846535,512.5348547865815,7.755538950942392,1.0,1.0
117.0,117,843,936.1670017980178,908.0621899707808,7.755538950942392,1.0,0.9999999999999999
117.0,117,845,1336.5234860126964,624.2657752216886,7.755538950942392,1.0,1.0
117.0,117,846,685.3651775257832,437.5438756721943,9.77136677757192,2.0,1.0
117.0,117,848,591.1818703119195,628.4224447981866,13.261785059625714,5.0,1.0
117.0,117,851,1320.4203102676324,654.0694562552285,14.09274953626919,6.0,1.0
117.0,117,853,475.5141070831094,799.476984538033,12.311150689306299,4.0,1.0
117.0,117,855,595.6755628414653,596.5074269359375,7.755538950942392,1.0,1.0
117.0,117,857,747.8209963358765,893.9275429780108,9.771366777571922,2.0,1.0
117.0,117,859,893.1962356489804,773.0659000613965,9.771366777571922,2.0,1.0
117.0,117,861,1000.0375802356555,71.05807878437177,7.755538950942392,1.0,1.0
117.0,117,862,304.49947864122674,580.0934488430123,9.771366777571922,2.0,0.9999999999999999
117.0,117,865,841.9260752668087,105.533076833201,7.755538950942392,1.0,0.9999999999999999
117.0,117,866,931.7437628720558,16.13782466371301,9.77136677757192,2.0,1.0
117.0,117,868,1298.115741664921,808.792367311248,14.092749536269187,6.0,1.0
117.0,117,869,1328.31875831355,124.5873212681203,11.185422719499034,3.0,0.9999999999999999
117.0,117,870,228.93300166379277,186.48251422949855,7.755538950942392,1.0,1.0
117.0,117,871,704.6042971520232,759.7561967648659,13.261785059625714,5.0,1.0
117.0,117,872,1045.5440772662619,438.36743280389817,7.755538950942392,1.0,0.9999999999999999
117.0,117,873,56.13396114393855,394.46788554701953,7.755538950942392,1.0,1.0
117.0,117,877,174.21812624368286,428.2882608070192,7.755538950942392,1.0,0.9999999999999999
117.0,117,879,707.8254379334404,332.0547714557557,11.185422719499034,3.0,1.0
117.0,117,882,292.7815511777768,638.4902220347939,7.755538950942392,1.0,1.0
117.0,117,883,4.610952124330638,144.25980112501568,9.77136677757192,2.0,1.0
117.0,117,884,657.0366098190742,337.4274240884363,11.185422719499034,3.0,1.0
117.0,117,886,81.73349101917287,653.86534264765,9.77136677757192,2.0,1.0
117.0,117,887,444.28121064730755,240.40041008884424,12.311150689306299,4.0,0.9999999999999999
117.0,117,890,1270.6817100756941,245.85146169304048,11.185422719499032,3.0,0.9999999999999999
117.0,117,892,342.35676393364486,47.30273349203139,7.755538950942392,1.0,0.9999999999999999
117.0,117,894,1187.6033985194967,1024.2852226860718,11.185422719499034,3.0,1.0
117.0,117,896,230.744725630424,922.6206883246604,7.755538950942392,1.0,1.0
117.0,117,897,732.5838377635453,580.2144775934428,9.77136677757192,2.0,1.0
117.0,117,898,1071.3152354195067,295.4981275716799,9.77136677757192,2.0,1.0
117.0,117,899,1196.0581178457462,841.1326646238762,13.261785059625714,5.0,1.0
117.0,117,901,1060.7529570341264,2.088520302080304,11.185422719499032,3.0,1.0
117.0,117,903,284.9557044484656,373.5348765404496,16.708802155803774,10.0,1.0
117.0,117,905,712.8217878029162,877.0150972521808,12.311150689306299,4.0,1.0
117.0,117,907,1162.6537402914466,917.6964299195565,9.771366777571922,2.0,0.9999999999999999
117.0,117,910,1275.5732540603537,789.2931922818616,9.77136677757192,2.0,1.0
117.0,117,912,428.14530574142395,897.9009371692432,7.755538950942392,1.0,1.0
117.0,117,913,305.6871002068719,734.8665949640327,7.755538950942392,1.0,1.0
117.0,117,914,863.6495541644858,374.55865471351166,12.311150689306297,4.0,1.0
117.0,117,915,37.53799134139615,59.7005050879074,7.755538950942392,1.0,0.9999999999999999
117.0,117,916,833.6137331478545,301.12779563757556,7.755538950942392,1.0,1.0
117.0,117,921,1227.910077391651,473.8697102410904,7.755538950942392,1.0,1.0
117.0,117,924,646.1619666771177,5.9058463341716365,9.77136677757192,2.0,0.9999999999999999
117.0,117,925,903.4563775317208,351.7557307116951,12.311150689306299,4.0,1.0
117.0,117,926,238.4121340265285,86.14772507918224,14.092749536269185,6.0,1.0
117.0,117,927,1256.8722770491584,81.94183947479996,14.09274953626919,6.0,1.0
117.0,117,932,1281.8888428425166,535.3932396615251,11.185422719499032,3.0,1.0
117.0,117,933,1018.4188061342825,203.72629036472875,7.755538950942392,1.0,1.0
117.0,117,934,312.4368343495665,26.025462346052425,13.261785059625714,5.0,1.0
117.0,117,936,529.8549616686614,402.748685682807,9.77136677757192,2.0,1.0
117.0,117,937,927.3340083919894,1005.375581154551,9.77136677757192,2.0,1.0
117.0,117,939,1161.2431463871033,136.7949244311874,9.77136677757192,2.0,1.0
117.0,117,941,51.8019772371814,952.7680579704042,11.185422719499032,3.0,1.0
117.0,117,947,415.95190172273925,69.25332122073928,7.755538950942392,1.0,1.0
117.0,117,949,1211.5617118560765,33.01707338264365,11.185422719499032,3.0,1.0
117.0,117,950,384.2655581813131,627.7122218718695,13.261785059625712,5.0,1.0
117.0,117,951,99.6145922795078,321.20978792860967,13.261785059625714,5.0,1.0
117.0,117,952,188.8992028936107,183.94698870240563,7.755538950942392,1.0,1.0
117.0,117,953,587.2646496711586,140.38916961951324,9.77136677757192,2.0,1.0
117.0,117,955,472.91688588593246,414.6982502007032,9.77136677757192,2.0,1.0
117.0,117,956,1071.1688291533198,609.3224150086802,9.77136677757192,2.0,1.0
117.0,117,957,265.09741741404525,538.0243064175163,12.311150689306297,4.0,1.0
117.0,117,959,190.78826291831456,904.6699106505285,9.77136677757192,2.0,1.0
117.0,117,961,276.36669364457805,179.4687694562604,9.77136677757192,2.0,1.0
117.0,117,962,1313.2584655310945,852.0892221934772,14.835812298463564,7.0,1.0
117.0,117,963,386.52697862910793,185.97030651619247,9.77136677757192,2.0,1.0
117.0,117,965,862.8964827156454,483.2760690716551,7.755538950942392,1.0,1.0
117.0,117,969,438.7870904987329,470.41684389222587,9.77136677757192,2.0,1.0
117.0,117,971,1168.4532194463932,821.8928075240103,7.755538950942392,1.0,1.0
117.0,117,972,495.16234847574736,592.3140857977772,11.185422719499032,3.0,1.0
117.0,117,975,38.273934719428816,726.5507960420149,7.755538950942392,1.0,0.9999999999999999
117.0,117,977,1029.4855384272307,148.68566322899787,7.755538950942392,1.0,1.0
117.0,117,980,341.1143294598397,750.0943307799927,9.771366777571922,2.0,1.0
117.0,117,981,985.3273161313538,405.08908091777823,7.755538950942392,1.0,1.0
117.0,117,983,922.7018567708888,527.8749844247901,7.755538950942392,1.0,1.0
117.0,117,985,1248.794551382143,933.6524336193114,12.311150689306299,4.0,1.0
117.0,117,986,1160.3546100617275,775.1480158204482,13.261785059625714,5.0,1.0
117.0,117,987,1171.5047169195145,874.1832188701827,7.755538950942392,1.0,1.0
117.0,117,988,1132.6463668808224,606.9861761875677,7.755538950942392,1.0,1.0
117.0,117,989,531.5772270316755,944.9700320622541,12.311150689306297,4.0,1.0
117.0,117,995,36.97713650430402,14.268648107672632,14.092749536269185,6.0,1.0
117.0,117,996,261.31202122955733,856.5151066830837,9.77136677757192,2.0,1.0
117.0,117,998,5.942738775042044,973.5776325868062,7.755538950942392,1.0,1.0
117.0,117,1000,167.04001997399405,868.4093266071228,9.77136677757192,2.0,0.9999999999999999
119.0,119,1,104.42188159299886,934.3444031485681,7.755538950942392,1.0,0.9999999999999999
119.0,119,3,949.8099715012456,305.7205494020473,13.261785059625714,5.0,1.0
119.0,119,6,455.5849941016138,95.76977829229071,7.755538950942392,1.0,1.0
119.0,119,8,351.7511068293991,210.204827780149,16.708802155803774,10.0,1.0
119.0,119,9,1072.6901530271475,416.0026510255742,9.77136677757192,2.0,1.0
119.0,119,10,1156.8349105783166,305.89365103469004,7.755538950942392,1.0,1.0
119.0,119,11,851.1509527398542,939.6035048084374,9.77136677757192,2.0,0.9999999999999999
119.0,119,15,1011.9574502778304,298.52306191330564,7.755538950942392,1.0,1.0
119.0,119,17,199.22343474260305,273.8777459247922,7.755538950942392,1.0,1.0
119.0,119,18,647.0196375811937,648.5040480397606,7.755538950942392,1.0,1.0
119.0,119,20,348.57441657590374,967.6911903625294,9.77136677757192,2.0,1.0
119.0,119,22,143.3882343528716,467.96292029301446,11.185422719499032,3.0,1.0
119.0,119,23,3.6513717746575516,818.9326322780031,11.185422719499034,3.0,1.0
119.0,119,28,903.1676247429102,899.9988767410911,7.755538950942392,1.0,0.9999999999999999
119.0,119,29,1096.4347088489305,5.760291151960269,13.261785059625714,5.0,1.0
119.0,119,31,965.6168985745538,151.0560879815428,7.755538950942392,1.0,0.9999999999999999
119.0,119,35,191.7854480464733,748.2125332042339,9.771366777571922,2.0,0.9999999999999999
119.0,119,37,865.3174817231956,910.8646349772173,9.771366777571922,2.0,1.0
119.0,119,38,962.5888059966605,723.4398632136381,7.755538950942392,1.0,1.0
119.0,119,39,1332.062957396484,1006.0907707449821,9.771366777571922,2.0,1.0
119.0,119,40,961.241498942054,925.4846009577926,9.77136677757192,2.0,1.0
119.0,119,41,432.05008360210786,282.98674825360064,11.185422719499034,3.0,1.0
119.0,119,43,782.0901529481663,821.2036271527894,7.755538950942392,1.0,0.9999999999999999
119.0,119,44,741.6220218877177,59.19138523285496,11.185422719499032,3.0,0.9999999999999999
119.0,119,45,879.7965970472077,960.2302621102904,7.755538950942392,1.0,1.0
119.0,119,46,1147.3092974670894,354.23514461136136,7.755538950942392,1.0,1.0
119.0,119,51,1323.5395654261667,216.70356804392895,13.261785059625712,5.0,1.0
119.0,119,53,136.71384286633705,116.72913449969253,7.755538950942392,1.0,1.0
119.0,119,55,1248.8116603854446,608.5502192699087,7.755538950942392,1.0,1.0
119.0,119,57,1058.254253689581,727.4898020672975,12.311150689306295,4.0,1.0
119.0,119,59,37.01765458299938,141.63845771208122,7.755538950942392,1.0,1.0
119.0,119,60,54.41120764138887,229.64540230191056,9.77136677757192,2.0,1.0
119.0,119,61,882.9027973980672,1003.0666700125516,9.771366777571922,2.0,1.0
119.0,119,62,576.2553708169879,4.1347363451733345,7.755538950942392,1.0,1.0
119.0,119,63,1134.66056332816,632.6547834211973,7.755538950942392,1.0,1.0
119.0,119,65,694.7316878426872,834.3818617345871,7.755538950942392,1.0,1.0
119.0,119,66,968.6715020525162,1012.8021806329547,9.771366777571922,2.0,1.0
119.0,119,67,1089.5628485955729,255.7287348491967,13.261785059625712,5.0,1.0
119.0,119,68,1247.9429258085056,662.480754787969,7.755538950942392,1.0,0.9999999999999999
119.0,119,70,1152.95095840443,472.1894509638693,7.755538950942392,1.0,1.0
119.0,119,71,773.0567801110869,786.1503226823453,11.185422719499034,3.0,1.0
119.0,119,73,535.5784504049969,306.958661485638,7.755538950942392,1.0,1.0
119.0,119,77,426.6510732092233,833.5742684826575,13.261785059625714,5.0,1.0
119.0,119,78,1104.7304255251768,184.9925516952315,7.755538950942392,1.0,1.0
119.0,119,79,827.2241284737128,228.82144866957884,9.77136677757192,2.0,0.9999999999999999
119.0,119,80,1012.5561338388877,356.09697290889153,7.755538950942392,1.0,1.0
119.0,119,81,617.3223776564693,8.666546879827283,11.185422719499034,3.0,1.0
119.0,119,83,1190.2412348512287,419.767390011065,7.755538950942392,1.0,0.9999999999999999
119.0,119,85,116.79697664533744,794.1096143612255,7.755538950942392,1.0,1.0
119.0,119,86,1028.552754423263,514.4976243494459,9.77136677757192,2.0,1.0
119.0,119,87,698.0661008094924,127.49102811353163,7.755538950942392,1.0,0.9999999999999999
119.0,119,88,70.33205165742325,497.56688733580637,9.77136677757192,2.0,0.9999999999999999
119.0,119,90,817.3176785037191,413.2828510872352,7.755538950942392,1.0,1.0
119.0,119,92,1097.522150179628,695.5321388899633,7.755538950942392,1.0,1.0
119.0,119,93,287.35688246324395,284.7589898200344,9.77136677757192,2.0,1.0
119.0,119,94,657.7433030317967,881.5939822320755,12.311150689306299,4.0,1.0
119.0,119,97,944.2072283001916,63.40649948789474,12.311150689306297,4.0,1.0
119.0,119,100,371.48136722393303,808.9575460995395,7.755538950942392,1.0,1.0
119.0,119,103,216.4047169392791,13.618907066504839,7.755538950942392,1.0,1.0
119.0,119,104,383.8204434933734,582.4360252273168,9.771366777571922,2.0,1.0
119.0,119,107,443.734364114767,136.74765127379547,7.755538950942392,1.0,1.0
119.0,119,110,649.6008302736004,619.5459171467654,7.755538950942392,1.0,1.0
119.0,119,116,1152.2116612461368,53.25866737164536,11.185422719499032,3.0,0.9999999999999999
119.0,119,118,275.27604647359453,442.7428015453699,9.77136677757192,2.0,0.9999999999999999
119.0,119,119,1047.8810180414232,566.3443891470029,11.185422719499032,3.0,1.0
119.0,119,121,110.90346873165707,229.34702452995774,14.09274953626919,6.0,0.9999999999999999
119.0,119,122,854.6737406623201,261.5008759863028,14.835812298463564,7.0,1.0
119.0,119,125,420.29079074233346,997.7173377992766,11.185422719499034,3.0,1.0
119.0,119,126,0.7735445675891476,469.6167935439414,7.755538950942392,1.0,1.0
119.0,119,129,785.158423667363,668.7981821233627,7.755538950942392,1.0,1.0
119.0,119,130,1204.5420438289257,437.46394352149497,7.755538950942392,1.0,1.0
119.0,119,131,1239.658223023649,305.9415117211391,9.771366777571922,2.0,1.0
119.0,119,132,1288.950006089318,173.0948094841144,13.261785059625714,5.0,1.0
119.0,119,134,118.03699775728286,827.0195324791508,9.77136677757192,2.0,1.0
119.0,119,135,1009.891987959,594.707867300962,7.755538950942392,1.0,1.0
119.0,119,138,479.2484912951639,1015.0192436064102,7.755538950942392,1.0,1.0
119.0,119,142,1296.2470216412946,293.1532041052229,7.755538950942392,1.0,1.0
119.0,119,143,610.6415050956625,112.65735177903701,14.835812298463564,7.0,1.0
119.0,119,144,1275.1943190797278,974.5910717982823,9.77136677757192,2.0,1.0
119.0,119,145,127.32220306542952,865.8683621569135,9.77136677757192,2.0,1.0
119.0,119,146,1063.064789081452,531.000526486729,7.755538950942392,1.0,1.0
119.0,119,148,552.4962587235161,151.0432023680167,12.311150689306299,4.0,1.0
119.0,119,149,169.00557574388003,974.6101132360975,7.755538950942392,1.0,1.0
119.0,119,150,705.1196999151964,381.7416380983733,12.311150689306299,4.0,1.0
119.0,119,151,467.1393004816813,665.6186442635234,7.755538950942392,1.0,0.9999999999999999
119.0,119,152,1164.6890669724187,674.095930542553,7.755538950942392,1.0,1.0
119.0,119,153,53.88118406676758,554.0403012365243,11.185422719499034,3.0,0.9999999999999999
119.0,119,156,877.3815417260855,807.3809212297826,7.755538950942392,1.0,1.0
119.0,119,163,66.30469883673653,63.06066350674323,7.755538950942392,1.0,1.0
119.0,119,164,361.1913432128634,70.69084984325482,9.771366777571922,2.0,1.0
119.0,119,165,139.15225857847184,9.61520185589682,11.185422719499034,3.0,1.0
119.0,119,166,501.51994537929215,91.46672671235818,12.311150689306297,4.0,1.0
119.0,119,170,981.9425585905968,684.456474965672,7.755538950942392,1.0,1.0
119.0,119,172,821.5988282591052,814.2889915705315,7.755538950942392,1.0,1.0
119.0,119,173,1341.990937701324,60.73489669403756,13.261785059625712,5.0,0.9999999999999999
119.0,119,174,971.2601194930706,749.3567799532566,9.771366777571922,2.0,0.9999999999999999
119.0,119,181,476.29878334557634,937.4778291915709,11.185422719499032,3.0,0.9999999999999999
119.0,119,186,226.98428274158675,612.3571287196341,12.311150689306297,4.0,1.0
119.0,119,187,614.0554960680911,900.1951291537682,7.755538950942392,1.0,1.0
119.0,119,188,593.785710856151,285.0319734667334,9.771366777571922,2.0,1.0
119.0,119,189,818.6744537717168,922.2869605309949,7.755538950942392,1.0,1.0
119.0,119,191,1072.369434139888,757.2905016745034,11.185422719499032,3.0,1.0
119.0,119,193,348.48154352982755,107.5479526667234,11.185422719499032,3.0,1.0
119.0,119,199,202.70076399323017,543.2953741863682,16.132171110904203,9.0,0.9999999999999999
119.0,119,201,144.38929475095782,435.2289303222071,9.77136677757192,2.0,0.9999999999999999
119.0,119,208,1037.6572347601684,279.49314848251595,9.77136677757192,2.0,1.0
119.0,119,210,106.58028262992877,1005.3172707389526,16.132171110904203,9.0,1.0
119.0,119,213,479.1793059441487,750.9692436634779,7.755538950942392,1.0,0.9999999999999999
119.0,119,214,32.056204157989406,246.42754438107758,7.755538950942392,1.0,1.0
119.0,119,215,346.0159366552263,420.7343201683872,12.311150689306297,4.0,1.0
119.0,119,218,676.1366638233621,304.6286456731405,9.77136677757192,2.0,1.0
119.0,119,219,304.7801854802385,94.86462094255894,7.755538950942392,1.0,1.0
119.0,119,220,311.7651398799546,921.8902479581633,12.311150689306299,4.0,1.0
119.0,119,221,109.83868498582505,180.7626679618787,13.261785059625714,5.0,1.0
119.0,119,224,563.127946636921,251.17490991853987,9.771366777571922,2.0,1.0
119.0,119,228,896.8237918463198,26.610295689220276,12.311150689306299,4.0,1.0
119.0,119,230,1133.384629350915,730.6784056558294,7.755538950942392,1.0,1.0
119.0,119,231,737.4642448695168,312.52210766837277,11.185422719499032,3.0,1.0
119.0,119,232,499.21723337386214,234.37731392836739,7.755538950942392,1.0,1.0
119.0,119,238,903.9897714267449,859.8394268367138,7.755538950942392,1.0,1.0
119.0,119,241,1222.457987526102,521.3909109764645,12.311150689306297,4.0,1.0
119.0,119,242,739.9506443565856,29.518009361454865,7.755538950942392,1.0,1.0
119.0,119,243,77.56394028344388,693.2166071056347,7.755538950942392,1.0,1.0
119.0,119,245,732.1077957436182,802.7849804757537,11.185422719499034,3.0,1.0
119.0,119,247,386.69931657047124,217.0191937706578,7.755538950942392,1.0,0.9999999999999999
119.0,119,248,466.69437094916265,195.59857400111355,9.77136677757192,2.0,1.0
119.0,119,250,512.1183033934683,800.365405265212,7.755538950942392,1.0,1.0
119.0,119,255,1336.9765705569164,820.2882261914814,9.77136677757192,2.0,1.0
119.0,119,256,925.0397306429719,728.8971739337621,7.755538950942392,1.0,1.0
119.0,119,259,746.265221037738,167.48631724909913,13.26178505962571,5.0,1.0
119.0,119,260,1089.5301933426904,803.9106910855369,7.755538950942392,1.0,1.0
119.0,119,261,253.98825014864616,425.6437429557888,7.755538950942392,1.0,0.9999999999999999
119.0,119,262,845.1391174444481,990.1457481407817,11.185422719499034,3.0,1.0
119.0,119,263,97.98713055219937,142.78754391261413,11.185422719499034,3.0,1.0
119.0,119,264,943.5063536322983,815.8842476614144,7.755538950942392,1.0,0.9999999999999999
119.0,119,265,5.270476470993524,443.78618268220833,7.755538950942392,1.0,1.0
119.0,119,268,1018.7168324889914,228.59957876240588,7.755538950942392,1.0,1.0
119.0,119,269,108.33878548315288,376.84684006877956,11.185422719499032,3.0,0.9999999999999999
119.0,119,273,622.4081367475503,584.5985532945606,7.755538950942392,1.0,1.0
119.0,119,274,791.0211354885469,848.0647851988449,7.755538950942392,1.0,1.0
119.0,119,275,1174.795170854985,388.6801068031351,7.755538950942392,1.0,1.0
119.0,119,276,1094.7479756932498,527.0327780751242,7.755538950942392,1.0,0.9999999999999999
119.0,119,278,1245.7467713475328,355.9853800067217,14.092749536269187,6.0,0.9999999999999999
119.0,119,279,121.96380689267959,635.7159303427387,13.261785059625714,5.0,1.0
119.0,119,281,1189.4522596868383,546.0292284965545,12.311150689306299,4.0,1.0
119.0,119,283,684.9916276260943,587.8674053042836,14.09274953626919,6.0,1.0
119.0,119,284,81.84511019068057,799.5130866890693,7.755538950942392,1.0,1.0
119.0,119,285,859.3417944367372,640.1714848601076,7.755538950942392,1.0,1.0
119.0,119,286,1137.3201257542369,255.36013192810987,7.755538950942392,1.0,1.0
119.0,119,287,101.83352458770682,714.7201908364149,7.755538950942392,1.0,1.0
119.0,119,289,1240.2109521268203,821.4974656089901,13.261785059625714,5.0,1.0
119.0,119,291,511.2301969186409,359.545776091996,9.771366777571922,2.0,1.0
119.0,119,294,622.4541663593048,432.4235119437984,7.755538950942392,1.0,1.0
119.0,119,295,51.3198299793882,755.1727963913152,12.311150689306297,4.0,1.0
119.0,119,300,344.0294520485656,661.9601826686262,11.185422719499034,3.0,1.0
119.0,119,301,1113.9921434903601,43.4353349367055,9.77136677757192,2.0,1.0
119.0,119,302,643.0458308581501,986.1714698755156,7.755538950942392,1.0,0.9999999999999999
119.0,119,304,720.0438722339984,406.6717943213607,7.755538950942392,1.0,1.0
119.0,119,306,155.26591875992494,591.2261837544339,7.755538950942392,1.0,0.9999999999999999
119.0,119,307,980.4996556146469,486.78334467088047,12.311150689306297,4.0,1.0
119.0,119,309,818.7086789190367,191.93285518937358,7.755538950942392,1.0,0.9999999999999999
119.0,119,314,173.20811577993643,149.89220634358557,7.755538950942392,1.0,1.0
119.0,119,318,1211.147388168127,608.7145921554226,11.185422719499032,3.0,1.0
119.0,119,320,1243.4047874029145,111.6595056362849,9.77136677757192,2.0,1.0
119.0,119,322,864.7545798532353,978.3896655284221,9.77136677757192,2.0,1.0
119.0,119,323,75.24158292064013,431.2022171735335,9.77136677757192,2.0,1.0
119.0,119,325,214.7326573971744,932.4089263151618,7.755538950942392,1.0,1.0
119.0,119,326,199.1945658841799,475.5591242516156,9.77136677757192,2.0,1.0
119.0,119,327,913.6254158351663,473.7082934031296,7.755538950942392,1.0,1.0
119.0,119,330,407.2539512162649,862.0700258880044,11.185422719499034,3.0,1.0
119.0,119,331,136.00881914936494,720.776318301577,15.511077901884784,8.0,1.0
119.0,119,333,617.833872257111,35.57472377464394,9.77136677757192,2.0,1.0
119.0,119,334,1136.6064372036653,829.0769712511735,7.755538950942392,1.0,1.0
119.0,119,337,590.44971192336,935.9292538892332,9.77136677757192,2.0,1.0
119.0,119,339,823.1657565355109,87.59542828535709,7.755538950942392,1.0,1.0
119.0,119,340,890.2275868515068,663.7965511590186,9.771366777571922,2.0,0.9999999999999999
119.0,119,341,988.077809815984,608.020039275545,12.311150689306297,4.0,1.0
119.0,119,342,875.6865537433865,137.38738762293548,9.77136677757192,2.0,0.9999999999999999
119.0,119,344,729.6408249154932,356.36855353001374,7.755538950942392,1.0,1.0
119.0,119,346,1187.9723556657632,632.285343437039,7.755538950942392,1.0,1.0
119.0,119,348,407.4054903409053,662.439903780773,7.755538950942392,1.0,1.0
119.0,119,350,1246.0340312324613,163.1663112262804,9.77136677757192,2.0,1.0
119.0,119,354,475.86876866368925,233.4154708693311,7.755538950942392,1.0,1.0
119.0,119,355,97.82637766401088,494.7037720717366,7.755538950942392,1.0,1.0
119.0,119,356,680.9891565140772,1015.7739306583462,7.755538950942392,1.0,1.0
119.0,119,360,677.6566305663345,335.92504108570904,7.755538950942392,1.0,1.0
119.0,119,361,24.612209638427856,632.2364766685283,11.185422719499032,3.0,1.0
119.0,119,362,994.902340290748,703.7878748085533,7.755538950942392,1.0,1.0
119.0,119,363,603.957573841749,509.95311266417315,7.755538950942392,1.0,1.0
119.0,119,364,1331.9240230919045,420.1787344057941,7.755538950942392,1.0,0.9999999999999999
119.0,119,365,116.88775749863512,72.36104969096965,7.755538950942392,1.0,1.0
119.0,119,366,840.6015134291719,164.1294629900662,7.755538950942392,1.0,1.0
119.0,119,367,1187.261184505644,1000.4070878597951,7.755538950942392,1.0,1.0
119.0,119,368,1327.7721640445527,169.27550018405068,14.09274953626919,6.0,1.0
119.0,119,370,32.62456080036149,996.4461532497879,7.755538950942392,1.0,1.0
119.0,119,371,576.1031039145525,427.08606999322797,9.771366777571922,2.0,1.0
119.0,119,373,875.1539308980056,194.48790939717549,7.755538950942392,1.0,1.0
119.0,119,374,878.3990827564737,75.6800027705881,12.311150689306299,4.0,1.0
119.0,119,380,856.3367536906634,21.717164391524207,9.771366777571922,2.0,1.0
119.0,119,381,814.0840926402748,331.8941894797455,9.77136677757192,2.0,1.0
119.0,119,382,1.718597486759874,274.69542365973746,12.311150689306297,4.0,0.9999999999999999
119.0,119,383,931.9283168002145,506.9037259371434,9.771366777571922,2.0,1.0
119.0,119,385,696.4318118869522,545.2460483941367,9.771366777571922,2.0,0.9999999999999999
119.0,119,387,817.5417464453026,261.7062113404252,9.77136677757192,2.0,0.9999999999999999
119.0,119,388,181.24075557491037,650.7347791016304,7.755538950942392,1.0,1.0
119.0,119,390,363.3955116080822,175.18814924682755,13.261785059625714,5.0,1.0
119.0,119,391,745.8591443742669,498.20216644688657,14.09274953626919,6.0,0.9999999999999999
119.0,119,393,271.96536095098094,904.0167019000097,7.755538950942392,1.0,1.0
119.0,119,396,1042.3955053217567,351.82408791372546,9.77136677757192,2.0,1.0
119.0,119,399,524.8602204071141,614.1421108034237,11.185422719499032,3.0,1.0
119.0,119,400,222.74028820773844,377.8277445299089,7.755538950942392,1.0,1.0
119.0,119,403,643.1476540838479,539.2493588698228,7.755538950942392,1.0,1.0
119.0,119,405,762.1190031546938,374.1677450454564,12.311150689306297,4.0,1.0
119.0,119,406,255.7862773579525,790.4234320808006,14.092749536269183,6.0,1.0
119.0,119,409,575.8786849718041,873.0650211250727,12.311150689306299,4.0,1.0
119.0,119,410,574.6844440927148,539.3856690821843,9.771366777571922,2.0,0.9999999999999999
119.0,119,412,750.7207147841882,644.7092246636712,9.77136677757192,2.0,1.0
119.0,119,414,1210.8247615723776,496.7042221488655,11.185422719499034,3.0,1.0
119.0,119,415,1130.7002206317802,694.2768220458779,7.755538950942392,1.0,1.0
119.0,119,416,403.81905710730007,733.7396153643006,7.755538950942392,1.0,1.0
119.0,119,417,908.8468859602656,512.7755669314886,11.185422719499034,3.0,0.9999999999999999
119.0,119,418,538.5281916957256,685.3628800792346,9.77136677757192,2.0,1.0
119.0,119,419,335.76803455835363,896.3740583244399,9.771366777571922,2.0,1.0
119.0,119,420,694.8662657662113,965.9062709399045,9.771366777571922,2.0,0.9999999999999999
119.0,119,421,988.6811291554853,335.60407422737546,11.185422719499034,3.0,1.0
119.0,119,422,155.15320190086072,669.6185854100418,7.755538950942392,1.0,0.9999999999999999
119.0,119,428,1063.3364306728606,187.71564477080162,9.77136677757192,2.0,0.9999999999999999
119.0,119,431,264.4515380982126,586.494267005994,7.755538950942392,1.0,1.0
119.0,119,432,357.43942692780047,772.3881981584893,11.185422719499034,3.0,1.0
119.0,119,433,290.4704049820865,595.515264412247,9.77136677757192,2.0,0.9999999999999999
119.0,119,435,890.6865886941558,230.43807599426017,7.755538950942392,1.0,1.0
119.0,119,436,302.6331484521931,662.7881296981799,9.77136677757192,2.0,0.9999999999999999
119.0,119,438,866.6529562544755,713.037236580542,7.755538950942392,1.0,1.0
119.0,119,439,524.9764914611696,862.6777971328422,12.311150689306299,4.0,1.0
119.0,119,441,948.9241255144773,429.9821936093523,12.311150689306297,4.0,1.0
119.0,119,442,501.26745280372893,328.6740512631064,7.755538950942392,1.0,1.0
119.0,119,443,215.41232242252084,742.121775354166,7.755538950942392,1.0,1.0
119.0,119,445,1049.3754972966838,28.366040244893966,7.755538950942392,1.0,1.0
119.0,119,446,324.76272425503595,260.10597130245344,7.755538950942392,1.0,0.9999999999999999
119.0,119,449,1197.8895223623233,130.13145873113592,7.755538950942392,1.0,1.0
119.0,119,451,1333.010929561231,507.8548378044924,7.755538950942392,1.0,0.9999999999999999
119.0,119,453,185.03385102677493,1013.8689821164207,7.755538950942392,1.0,1.0
119.0,119,455,853.8236464543829,211.33850119187164,12.311150689306299,4.0,1.0
119.0,119,456,303.2991151836542,807.5300156362154,11.185422719499032,3.0,1.0
119.0,119,459,1305.4739006150262,352.21218086536726,11.185422719499034,3.0,1.0
119.0,119,461,152.71260342965536,61.00866339927659,9.77136677757192,2.0,1.0
119.0,119,462,1097.637250403941,303.43516247429704,7.755538950942392,1.0,1.0
119.0,119,465,797.1455389865158,179.59777555821952,7.755538950942392,1.0,1.0
119.0,119,468,1212.8735053340465,910.5152560665729,11.185422719499032,3.0,1.0
119.0,119,469,1128.8103864542022,892.434502360564,7.755538950942392,1.0,1.0
119.0,119,470,84.57219324160839,407.3915070480355,7.755538950942392,1.0,0.9999999999999999
119.0,119,472,308.2760187348536,134.5704898644242,7.755538950942392,1.0,1.0
119.0,119,473,396.99562956734263,914.1777581409201,7.755538950942392,1.0,1.0
119.0,119,476,483.3037557614963,137.77044956621867,13.261785059625714,5.0,1.0
119.0,119,477,274.887002122123,935.282809568963,12.311150689306299,4.0,1.0
119.0,119,479,356.5768647750778,928.8320503837491,7.755538950942392,1.0,1.0
119.0,119,481,589.2871198490276,980.7662241370707,11.185422719499034,3.0,1.0
119.0,119,485,1048.9727167001568,681.3340556735169,7.755538950942392,1.0,1.0
119.0,119,486,406.4499231919842,127.52995215664177,7.755538950942392,1.0,0.9999999999999999
119.0,119,487,1066.1123369566253,953.7677276127337,14.09274953626919,6.0,1.0
119.0,119,489,663.0826652230368,150.29747419474623,9.77136677757192,2.0,1.0
119.0,119,490,452.2659832273142,904.8229801262071,9.77136677757192,2.0,1.0
119.0,119,491,654.0266717065742,759.2485532764146,12.311150689306299,4.0,1.0
119.0,119,494,818.0209360056043,764.1229215204679,9.77136677757192,2.0,1.0
119.0,119,496,686.7446068816834,518.3348060116326,9.771366777571922,2.0,1.0
119.0,119,497,1193.613557782292,774.8078945709095,9.771366777571922,2.0,1.0
119.0,119,498,417.5858207117877,487.11128515158106,7.755538950942392,1.0,1.0
119.0,119,500,540.31408215467,188.06464214186664,7.755538950942392,1.0,1.0
119.0,119,501,516.9015333483025,991.1478002847608,12.311150689306299,4.0,0.9999999999999999
119.0,119,503,544.9470104733758,34.42154222948979,14.835812298463559,7.0,1.0
119.0,119,504,993.1299177309621,203.0227065621365,7.755538950942392,1.0,1.0
119.0,119,506,113.82735523489161,750.2047197598762,7.755538950942392,1.0,1.0
119.0,119,507,1338.0330377362773,312.5572536322621,7.755538950942392,1.0,1.0
119.0,119,508,1167.1015906539706,519.0943317188581,12.311150689306299,4.0,1.0
119.0,119,509,1064.791692720659,862.8214038896234,9.77136677757192,2.0,0.9999999999999999
119.0,119,510,600.7219431926899,218.59542507484085,13.261785059625714,5.0,1.0
119.0,119,511,517.3629472925272,504.0439244232106,9.77136677757192,2.0,1.0
119.0,119,512,194.7806654411496,868.7151771134517,11.185422719499034,3.0,1.0
119.0,119,513,1266.938615038691,586.7184613052914,16.70880215580377,10.0,0.9999999999999999
119.0,119,516,1222.6671454789232,385.3837215727334,11.185422719499032,3.0,1.0
119.0,119,517,903.4920917443092,836.6641603926772,9.77136677757192,2.0,0.9999999999999999
119.0,119,518,129.53025882783842,529.2200915425994,12.311150689306299,4.0,1.0
119.0,119,519,825.5485394875806,385.2793188513295,14.09274953626919,6.0,1.0
119.0,119,520,806.1751317457814,1015.4280303272046,11.185422719499034,3.0,1.0
119.0,119,521,836.6854159509596,47.916937762438636,14.09274953626919,6.0,1.0
119.0,119,522,984.8397970245074,989.1093766577208,7.755538950942392,1.0,0.9999999999999999
119.0,119,523,973.2875408003956,189.05878395250915,7.755538950942392,1.0,1.0
119.0,119,524,863.6654286406308,878.9013705181744,9.77136677757192,2.0,0.9999999999999999
119.0,119,529,779.2191676567015,564.2779288801187,7.755538950942392,1.0,1.0
119.0,119,530,122.28711043867222,680.8773900956086,9.771366777571922,2.0,1.0
119.0,119,533,833.3875650843478,876.0440406762445,11.185422719499034,3.0,0.9999999999999999
119.0,119,535,842.3067230596648,134.6679028444953,7.755538950942392,1.0,1.0
119.0,119,536,342.4463639804528,486.9061670255022,7.755538950942392,1.0,1.0
119.0,119,538,548.3415452161997,453.7570194879897,11.185422719499032,3.0,0.9999999999999999
119.0,119,539,963.8691253579332,227.2198695319666,9.771366777571922,2.0,1.0
119.0,119,540,308.17832545289076,546.380817072354,7.755538950942392,1.0,1.0
119.0,119,543,904.8286204997602,400.18690638209097,11.185422719499034,3.0,1.0
119.0,119,546,1039.1869068187202,833.1861516643742,9.77136677757192,2.0,1.0
119.0,119,547,495.7851203438829,253.59838453973293,7.755538950942392,1.0,1.0
119.0,119,548,894.053988126686,447.4573682724965,12.311150689306299,4.0,1.0
119.0,119,551,1248.7972200271263,763.7300001473496,7.755538950942392,1.0,1.0
119.0,119,555,155.73367390547625,190.5411508800492,12.311150689306299,4.0,1.0
119.0,119,556,268.20196982120694,470.5471043766387,7.755538950942392,1.0,1.0
119.0,119,557,602.1057799040648,319.07179334275605,12.311150689306299,4.0,1.0
119.0,119,559,1073.128802051124,80.1269942644851,7.755538950942392,1.0,0.9999999999999999
119.0,119,561,1315.8455204827012,886.7979334872546,7.755538950942392,1.0,1.0
119.0,119,562,182.32401078689023,231.43931809847993,11.185422719499032,3.0,1.0
119.0,119,563,443.2149677803844,411.41950358291183,7.755538950942392,1.0,1.0
119.0,119,564,353.3170646427302,460.6659647929177,11.185422719499032,3.0,1.0
119.0,119,565,1211.500505730049,756.191932302167,7.755538950942392,1.0,1.0
119.0,119,568,1108.9859326386795,159.89938705712248,9.771366777571922,2.0,1.0
119.0,119,569,332.3298875461158,343.95390561013033,7.755538950942392,1.0,1.0
119.0,119,570,1313.0496924350382,557.5807506865303,11.185422719499034,3.0,1.0
119.0,119,573,485.68558239567665,963.2746020441834,7.755538950942392,1.0,1.0
119.0,119,574,184.04151636038168,797.4038089606211,7.755538950942392,1.0,1.0
119.0,119,575,673.7136747768552,684.133128334003,7.755538950942392,1.0,1.0
119.0,119,576,820.5777373395708,158.97218752233587,7.755538950942392,1.0,1.0
119.0,119,579,544.9210776374148,272.30730770080055,7.755538950942392,1.0,1.0
119.0,119,581,602.6196051820143,828.3523009562884,13.261785059625714,5.0,1.0
119.0,119,582,560.6100738515471,283.298003314841,9.77136677757192,2.0,1.0
119.0,119,583,1225.9761489920245,254.94324729293677,11.185422719499034,3.0,1.0
119.0,119,584,1083.6017184193715,777.2228478849072,7.755538950942392,1.0,0.9999999999999999
119.0,119,586,390.15639312723323,1.339408358764659,7.755538950942392,1.0,1.0
119.0,119,587,1069.153494315434,822.3493363429785,9.77136677757192,2.0,0.9999999999999999
119.0,119,592,881.9750692961367,304.5226319811996,9.77136677757192,2.0,1.0
119.0,119,593,685.5098399306465,794.9301296297534,9.77136677757192,2.0,1.0
119.0,119,594,529.7230475147834,898.4009135915682,11.185422719499034,3.0,0.9999999999999999
119.0,119,598,595.6811916789443,448.268885762125,11.185422719499032,3.0,1.0
119.0,119,600,533.5950311803638,532.8772859444704,12.311150689306297,4.0,1.0
119.0,119,602,162.86145007661472,312.7329033020969,7.755538950942392,1.0,1.0
119.0,119,605,791.9466308341727,37.70985024902353,14.835812298463564,7.0,1.0
119.0,119,606,1218.0498653236668,632.6955010072326,7.755538950942392,1.0,1.0
119.0,119,607,1159.4146116151808,174.93388895536523,12.311150689306297,4.0,1.0
119.0,119,608,940.1198972780178,705.1678633661022,9.771366777571922,2.0,1.0
119.0,119,609,997.6505061167343,856.6991194630358,7.755538950942392,1.0,1.0
119.0,119,612,348.4296878569106,315.28328211018,14.09274953626919,6.0,1.0
119.0,119,613,1258.5672746783073,728.8803549978412,7.755538950942392,1.0,1.0
119.0,119,614,396.9728789164871,767.9774974000909,12.311150689306299,4.0,1.0
119.0,119,619,639.205587723536,250.0949566794204,7.755538950942392,1.0,1.0
119.0,119,621,176.96230787516564,40.02454939693995,7.755538950942392,1.0,1.0
119.0,119,622,260.37359648514956,44.18534862514821,7.755538950942392,1.0,1.0
119.0,119,625,577.5467402725906,742.9141478660151,7.755538950942392,1.0,1.0
119.0,119,626,898.2839676877,174.8821655454635,7.755538950942392,1.0,1.0
119.0,119,627,1254.9667667743774,18.59491290377084,13.261785059625714,5.0,0.9999999999999999
119.0,119,629,805.6341632590281,883.5469095317502,11.185422719499032,3.0,1.0
119.0,119,632,404.63367640599455,709.2973644618212,9.771366777571922,2.0,1.0
119.0,119,633,1109.6317921955913,87.53593857522914,9.77136677757192,2.0,1.0
119.0,119,636,676.6193265266388,932.3215646939777,12.311150689306299,4.0,0.9999999999999999
119.0,119,638,76.47064417906799,228.99976164163755,7.755538950942392,1.0,1.0
119.0,119,640,42.366970831418655,452.47766991458377,7.755538950942392,1.0,1.0
119.0,119,641,157.54517363215638,926.1808680579818,7.755538950942392,1.0,0.9999999999999999
119.0,119,646,374.3545541347497,891.1066262415447,13.261785059625714,5.0,1.0
119.0,119,647,174.1588985099412,285.4236117273641,9.771366777571922,2.0,1.0
119.0,119,649,1115.0863491661964,116.34570505808092,9.77136677757192,2.0,1.0
119.0,119,654,1296.5722991970977,122.87035736366852,11.185422719499034,3.0,1.0
119.0,119,655,581.4688007721197,699.7295260803644,7.755538950942392,1.0,1.0
119.0,119,658,570.7300642552987,341.7692021906862,14.092749536269185,6.0,1.0
119.0,119,659,1297.8644322064172,964.6586836666735,9.771366777571922,2.0,1.0
119.0,119,662,1131.6608778956993,966.519209939869,7.755538950942392,1.0,0.9999999999999999
119.0,119,665,1036.0013373643228,111.88068103429707,11.185422719499032,3.0,1.0
119.0,119,666,1229.4540536790446,1003.9330694758365,13.261785059625714,5.0,1.0
119.0,119,667,193.13135642429452,89.69289097795671,7.755538950942392,1.0,0.9999999999999999
119.0,119,668,235.47219885361199,951.1877870542921,7.755538950942392,1.0,1.0
119.0,119,671,1030.5719218254224,85.3696292486472,7.755538950942392,1.0,1.0
119.0,119,672,804.3041606410666,982.3886063083789,7.755538950942392,1.0,1.0
119.0,119,674,1061.9158341947038,639.0228526537115,7.755538950942392,1.0,1.0
119.0,119,675,389.22337102864304,497.7713042523303,7.755538950942392,1.0,1.0
119.0,119,676,1290.8740313835103,866.5686024821024,9.77136677757192,2.0,1.0
119.0,119,680,874.7463047520431,591.3740307897136,7.755538950942392,1.0,0.9999999999999999
119.0,119,682,1218.804486028764,78.5965932096769,7.755538950942392,1.0,1.0
119.0,119,684,1309.1166667448365,943.6920534904301,11.185422719499034,3.0,0.9999999999999999
119.0,119,687,1205.494034952916,283.0005096610038,12.311150689306297,4.0,1.0
119.0,119,688,234.9387888391104,487.91496101346365,7.755538950942392,1.0,1.0
119.0,119,689,435.0873311659554,612.8955327135836,7.755538950942392,1.0,1.0
119.0,119,694,1111.271245352802,875.871687475468,7.755538950942392,1.0,0.9999999999999999
119.0,119,698,669.2535513442227,97.91576905401531,9.771366777571922,2.0,0.9999999999999999
119.0,119,700,448.5371900088003,508.0159780824839,11.185422719499032,3.0,0.9999999999999999
119.0,119,702,696.9732946162356,38.74090423982277,7.755538950942392,1.0,1.0
119.0,119,704,138.5264798990756,253.2465768851576,9.771366777571922,2.0,1.0
119.0,119,705,408.14443226779633,417.75348424402375,11.185422719499034,3.0,1.0
119.0,119,706,303.24230728812455,204.38721737262978,11.185422719499032,3.0,1.0
119.0,119,707,254.04606549362381,253.58313352147832,11.185422719499032,3.0,0.9999999999999999
119.0,119,710,812.8546069964746,674.5102473166577,9.771366777571922,2.0,1.0
119.0,119,717,518.7652904449164,658.2472383986637,14.09274953626919,6.0,0.9999999999999999
119.0,119,718,431.863219265206,160.17700202298113,9.771366777571922,2.0,1.0
119.0,119,720,636.9912318598826,831.74028477039,9.77136677757192,2.0,1.0
119.0,119,722,1006.7112647246666,783.2496141060079,13.261785059625714,5.0,1.0
119.0,119,723,432.29128392834025,591.001028186546,11.185422719499032,3.0,1.0
119.0,119,724,892.724797244474,620.5590559242057,7.755538950942392,1.0,1.0
119.0,119,726,1264.7349738294204,54.387136845291465,9.771366777571922,2.0,1.0
119.0,119,728,1031.489975444381,392.501446416545,7.755538950942392,1.0,1.0
119.0,119,729,564.0418376132172,97.61642944785868,9.771366777571922,2.0,1.0
119.0,119,730,688.3687136814629,463.33461607402825,9.77136677757192,2.0,1.0
119.0,119,732,506.2626977282177,153.29602348485565,11.185422719499032,3.0,1.0
119.0,119,733,238.20472002455955,289.6705960703383,12.311150689306297,4.0,0.9999999999999999
119.0,119,734,1335.4892692661833,22.630165233448984,7.755538950942392,1.0,1.0
119.0,119,735,723.7788969093239,8.089574182680062,7.755538950942392,1.0,1.0
119.0,119,737,1094.1088969963948,491.02547284508023,13.26178505962571,5.0,1.0
119.0,119,740,1233.7567438758426,959.0391092811907,7.755538950942392,1.0,1.0
119.0,119,746,1274.7151696548847,389.45157918667877,9.77136677757192,2.0,0.9999999999999999
119.0,119,747,635.0887882024332,742.2512926377051,11.185422719499034,3.0,0.9999999999999999
119.0,119,750,787.0635198375134,246.37670954796806,9.77136677757192,2.0,1.0
119.0,119,752,1303.680848032547,700.1559424791591,9.771366777571922,2.0,0.9999999999999999
119.0,119,753,642.23269135213,477.685833561495,9.771366777571922,2.0,1.0
119.0,119,754,549.6210421336447,723.0032826181639,7.755538950942392,1.0,0.9999999999999999
119.0,119,755,939.4397486773262,135.44959911476167,9.771366777571922,2.0,1.0
119.0,119,757,769.9920722198548,488.0784804518385,11.185422719499034,3.0,0.9999999999999999
119.0,119,758,643.9770322542118,407.36372780953036,9.77136677757192,2.0,1.0
119.0,119,759,49.67502414506981,617.2879000978023,11.185422719499032,3.0,1.0
119.0,119,760,154.13712157138784,1020.3258349022116,11.185422719499034,3.0,1.0
119.0,119,762,987.3980166524433,45.40955128431118,11.185422719499032,3.0,0.9999999999999999
119.0,119,764,216.29695477443485,667.0956238756767,7.755538950942392,1.0,1.0
119.0,119,765,723.4884828502018,471.24623628926616,11.185422719499034,3.0,1.0
119.0,119,766,362.3632716947049,5.223747660383692,9.77136677757192,2.0,0.9999999999999999
119.0,119,767,358.20482853926245,600.3590147482297,7.755538950942392,1.0,1.0
119.0,119,768,716.8916290577557,644.1265875759698,14.835812298463562,7.0,1.0
119.0,119,769,11.126371828220975,687.2827974066081,12.311150689306299,4.0,1.0
119.0,119,772,1032.6912008675572,914.5157383002103,7.755538950942392,1.0,1.0
119.0,119,773,927.1015845905697,651.2438378267013,7.755538950942392,1.0,1.0
119.0,119,774,65.05570420084628,844.4192298178151,11.185422719499034,3.0,1.0
119.0,119,776,1080.6845799725495,145.98850611062718,9.77136677757192,2.0,1.0
119.0,119,777,390.79729756379714,331.4225904610016,7.755538950942392,1.0,1.0
119.0,119,780,234.28032689760556,689.6997182618934,11.185422719499032,3.0,1.0
119.0,119,781,426.7492791100826,196.83508737489774,7.755538950942392,1.0,1.0
119.0,119,782,146.77215918007192,568.6860471156664,11.185422719499032,3.0,1.0
119.0,119,783,171.09563388841548,700.7972935502771,14.09274953626919,6.0,1.0
119.0,119,786,482.3256619330607,831.4780519988385,7.755538950942392,1.0,1.0
119.0,119,787,742.3376398031627,857.8301572903132,11.185422719499032,3.0,1.0
119.0,119,788,1126.9483589034187,401.199590659276,7.755538950942392,1.0,0.9999999999999999
119.0,119,789,391.9970328274855,968.7964370487055,11.185422719499034,3.0,1.0
119.0,119,790,709.4555540825241,915.7519901513248,11.185422719499034,3.0,1.0
119.0,119,791,923.2091641815762,949.1538310429031,12.311150689306299,4.0,1.0
119.0,119,792,564.2132115106903,771.0940600379846,15.511077901884784,8.0,1.0
119.0,119,795,235.71944735604998,836.3939287924487,11.185422719499032,3.0,0.9999999999999999
119.0,119,796,239.01756864316175,318.0068996848858,7.755538950942392,1.0,1.0
119.0,119,798,1022.6927554071534,460.848268552517,7.755538950942392,1.0,1.0
119.0,119,799,40.18687986990725,201.01666835013205,7.755538950942392,1.0,1.0
119.0,119,800,348.07982722294184,723.4640908713037,9.77136677757192,2.0,0.9999999999999999
119.0,119,801,1234.9460022051574,96.09352650974927,7.755538950942392,1.0,0.9999999999999999
119.0,119,805,717.7441917319223,977.5549294634889,9.77136677757192,2.0,1.0
119.0,119,806,381.12826880466014,679.9652352851294,9.771366777571922,2.0,1.0
119.0,119,809,1194.9396582642032,472.4932362946796,9.77136677757192,2.0,1.0
119.0,119,810,1054.364160424221,148.13386010046315,9.77136677757192,2.0,0.9999999999999999
119.0,119,811,820.2020748800975,552.7284934584744,16.132171110904203,9.0,1.0
119.0,119,812,47.957352793293566,410.74418669097764,7.755538950942392,1.0,1.0
119.0,119,815,471.8660302828133,567.7212330289556,9.77136677757192,2.0,1.0
119.0,119,817,1191.1262431400085,730.0402374381157,9.77136677757192,2.0,1.0
119.0,119,818,278.09393348949675,1013.5096932254469,7.755538950942392,1.0,0.9999999999999999
119.0,119,819,1024.8991287788888,943.0356412098371,7.755538950942392,1.0,1.0
119.0,119,820,1108.9143115405172,577.5897099220732,7.755538950942392,1.0,1.0
119.0,119,821,1309.8674787919874,36.486523910512034,13.261785059625714,5.0,1.0
119.0,119,823,467.6613820859912,693.1821748324264,7.755538950942392,1.0,1.0
119.0,119,826,980.0053878900882,833.9363529922385,9.771366777571922,2.0,1.0
119.0,119,828,149.35139406425648,816.4980523870761,9.77136677757192,2.0,0.9999999999999999
119.0,119,829,781.7575783876109,142.4307248702467,9.77136677757192,2.0,1.0
119.0,119,830,438.48418545439864,750.1049912261317,9.771366777571922,2.0,1.0
119.0,119,831,832.827330535172,612.725456263599,9.771366777571922,2.0,1.0
119.0,119,832,1045.069459727659,467.03475200620187,11.185422719499034,3.0,1.0
119.0,119,833,452.8181972354164,325.43623993022567,12.311150689306299,4.0,1.0
119.0,119,837,950.5780496127695,637.8700733731165,11.185422719499034,3.0,1.0
119.0,119,838,300.79068782802835,311.4625938159122,7.755538950942392,1.0,0.9999999999999999
119.0,119,839,964.3108122090154,95.31601926333408,7.755538950942392,1.0,1.0
119.0,119,840,745.6175978476005,681.5709570797953,7.755538950942392,1.0,1.0
119.0,119,841,895.7197021468824,581.9829719372311,11.185422719499032,3.0,1.0
119.0,119,842,42.43437974295022,512.6510013723158,7.755538950942392,1.0,1.0
119.0,119,843,936.6547997914748,907.5342836440648,7.755538950942392,1.0,1.0
119.0,119,845,1337.350312572144,622.9593527747271,7.755538950942392,1.0,1.0
119.0,119,846,685.629941964894,437.70587071828334,9.77136677757192,2.0,1.0
119.0,119,848,592.8086305284439,628.3866853711821,13.261785059625714,5.0,1.0
119.0,119,851,1320.0242774255244,655.4916214350516,14.09274953626919,6.0,1.0
119.0,119,853,477.12315624110914,798.5391007505383,12.311150689306299,4.0,1.0
119.0,119,855,594.8825214753489,598.2287543343383,7.755538950942392,1.0,0.9999999999999999
119.0,119,857,747.559848711472,892.0670292003222,9.771366777571922,2.0,1.0
119.0,119,859,892.7221869826246,775.0066177472182,9.771366777571922,2.0,1.0
119.0,119,861,1000.4331747035119,72.09915250016824,7.755538950942392,1.0,1.0
119.0,119,862,305.90646755331323,578.6722548814355,9.771366777571922,2.0,1.0
119.0,119,865,841.8854845248126,105.37860709785858,7.755538950942392,1.0,0.9999999999999999
119.0,119,866,931.5366866472119,14.967375051736765,9.77136677757192,2.0,1.0
119.0,119,868,1297.6520328757092,808.5018634361794,14.092749536269187,6.0,1.0
119.0,119,869,1326.4715231568905,123.82849224449868,11.185422719499034,3.0,1.0
119.0,119,870,228.9695026930968,185.65891345135205,7.755538950942392,1.0,1.0
119.0,119,871,704.2364442010293,759.9975104724542,13.261785059625714,5.0,1.0
119.0,119,872,1044.780081970926,440.21524422662856,7.755538950942392,1.0,1.0
119.0,119,873,56.854936600205654,395.49849304656544,7.755538950942392,1.0,1.0
119.0,119,877,175.82949248093433,429.4630843557992,7.755538950942392,1.0,1.0
119.0,119,879,707.694380148996,331.85130636187324,11.185422719499034,3.0,1.0
119.0,119,882,290.8782221379067,638.2962448590195,7.755538950942392,1.0,1.0
119.0,119,883,3.952502816850151,142.4162453825688,9.77136677757192,2.0,1.0
119.0,119,884,656.6273078787475,338.42586038351715,11.185422719499034,3.0,1.0
119.0,119,886,81.24489658367318,653.7697844386478,9.77136677757192,2.0,1.0
119.0,119,887,444.4987972598491,238.4595219690859,12.311150689306299,4.0,1.0
119.0,119,890,1270.506233485947,245.08748008662008,11.185422719499032,3.0,1.0
119.0,119,892,342.54092523139855,45.78672147342179,7.755538950942392,1.0,1.0
119.0,119,894,1189.1189004839769,1024.3653351846851,11.185422719499034,3.0,1.0
119.0,119,896,231.5345046596065,921.4088728227975,7.755538950942392,1.0,0.9999999999999999
119.0,119,897,733.5927271408045,581.7511550996651,9.77136677757192,2.0,1.0
119.0,119,898,1072.466440441047,296.291995040522,9.77136677757192,2.0,1.0
119.0,119,899,1195.8825462971965,840.977763574336,13.261785059625714,5.0,0.9999999999999999
119.0,119,901,1060.6276391125843,0.3996642404616251,11.185422719499032,3.0,1.0
119.0,119,903,282.9920371011429,373.325512345135,16.708802155803774,10.0,0.9999999999999999
119.0,119,905,711.5784105757652,876.2433091105984,12.311150689306299,4.0,1.0
119.0,119,907,1163.5272000793705,918.2341118050853,9.771366777571922,2.0,1.0
119.0,119,910,1276.901144803975,790.5529769899495,9.77136677757192,2.0,1.0
119.0,119,912,426.80197172683006,898.9575614262465,7.755538950942392,1.0,1.0
119.0,119,913,306.2201029572879,736.1389945933043,7.755538950942392,1.0,0.9999999999999999
119.0,119,914,865.1435250225442,373.5231243118152,12.311150689306297,4.0,1.0
119.0,119,915,38.16905430877976,61.077756749750094,7.755538950942392,1.0,1.0
119.0,119,916,833.9946002969821,301.0586725847409,7.755538950942392,1.0,1.0
119.0,119,921,1227.333267002848,472.78936367622043,7.755538950942392,1.0,1.0
119.0,119,924,645.7087202191017,5.139807672919156,9.77136677757192,2.0,1.0
119.0,119,925,905.3824997151262,351.2296388950775,12.311150689306299,4.0,1.0
119.0,119,926,238.82293662148314,87.90869303269962,14.092749536269185,6.0,0.9999999999999999
119.0,119,927,1256.933571304152,83.05867480999854,14.09274953626919,6.0,1.0
119.0,119,932,1281.2277014038216,534.9803929284199,11.185422719499032,3.0,1.0
119.0,119,933,1018.6784634166191,203.51408612561065,7.755538950942392,1.0,1.0
119.0,119,934,312.82295831083786,26.101241067688,13.261785059625714,5.0,1.0
119.0,119,936,530.3987427207544,402.41027991136855,9.77136677757192,2.0,1.0
119.0,119,937,926.1605364802891,1006.3997140080683,9.77136677757192,2.0,0.9999999999999999
119.0,119,939,1161.5847717187382,136.85828747732958,9.77136677757192,2.0,0.9999999999999999
119.0,119,941,51.52844613535812,952.2004321532369,11.185422719499032,3.0,1.0
119.0,119,947,415.84849600823514,69.28176719628848,7.755538950942392,1.0,1.0
119.0,119,949,1210.586237079293,33.355466554368405,11.185422719499032,3.0,1.0
119.0,119,950,384.12347105782015,629.5549181397809,13.261785059625712,5.0,1.0
119.0,119,951,99.42576608067593,321.38826428068967,13.261785059625714,5.0,1.0
119.0,119,952,188.88128498227516,184.01117949860244,7.755538950942392,1.0,1.0
119.0,119,953,588.0208376179229,139.76079090655185,9.77136677757192,2.0,1.0
119.0,119,955,473.04578970465747,416.3957046407504,11.185422719499034,3.0,1.0
119.0,119,956,1071.9080986477513,611.1647039278074,9.77136677757192,2.0,1.0
119.0,119,957,266.8249419217894,538.6165904509727,12.311150689306297,4.0,1.0
119.0,119,959,189.94577269773626,904.2456010739196,9.77136677757192,2.0,1.0
119.0,119,961,276.45768066812025,180.51626542998468,9.77136677757192,2.0,1.0
119.0,119,962,1313.3365075584247,852.0121127165459,14.835812298463564,7.0,1.0
119.0,119,963,388.3514673887839,186.60373247174564,9.77136677757192,2.0,1.0
119.0,119,965,863.6311357761755,484.1632440483964,7.755538950942392,1.0,1.0
119.0,119,969,437.2678704675093,471.16494296331143,9.77136677757192,2.0,1.0
119.0,119,971,1168.0834583821265,821.7417772049637,7.755538950942392,1.0,0.9999999999999999
119.0,119,972,494.5165772646493,590.7321121943552,11.185422719499032,3.0,1.0
119.0,119,975,38.7265328168415,726.7590308134047,7.755538950942392,1.0,0.9999999999999999
119.0,119,977,1028.077478527227,147.32843782964628,7.755538950942392,1.0,1.0
119.0,119,980,341.24673300103206,750.0254194793014,9.771366777571922,2.0,1.0
119.0,119,981,985.0158494428018,404.96883165662337,7.755538950942392,1.0,0.9999999999999999
119.0,119,983,922.3381420067527,529.8391158346637,7.755538950942392,1.0,1.0
119.0,119,985,1249.9930250573555,935.164916506755,12.311150689306299,4.0,1.0
119.0,119,986,1162.3078377976642,774.720353677776,13.261785059625714,5.0,1.0
119.0,119,987,1171.460198224434,872.2299968319709,7.755538950942392,1.0,1.0
119.0,119,988,1132.1270288652365,607.8979593131436,7.755538950942392,1.0,0.9999999999999999
119.0,119,989,529.9106822371048,944.7060079972574,12.311150689306297,4.0,1.0
119.0,119,995,37.8917397657846,14.260430068418378,14.092749536269185,6.0,1.0
119.0,119,996,261.3773076855192,856.5612406918221,9.77136677757192,2.0,1.0
119.0,119,998,6.36819985535695,974.3060080356248,7.755538950942392,1.0,1.0
119.0,119,1000,168.396341272635,867.4173497145473,9.77136677757192,2.0,1.0
121.0,121,1,105.91667643535445,934.1975746807801,7.755538950942392,1.0,1.0
121.0,121,3,950.7566828594153,307.46436129419976,13.261785059625714,5.0,1.0
121.0,121,6,455.4360312202996,97.66861783048233,7.755538950942392,1.0,1.0
121.0,121,8,351.221574594132,209.7033074604234,16.708802155803774,10.0,1.0
121.0,121,9,1070.7819963353927,416.12853219894606,9.77136677757192,2.0,1.0
121.0,121,10,1155.0174273847397,306.56434709786487,7.755538950942392,1.0,1.0
121.0,121,11,851.4467419455867,938.7747311383625,9.77136677757192,2.0,1.0
121.0,121,15,1012.1144773373087,298.66420700129225,7.755538950942392,1.0,1.0
121.0,121,17,199.2406985637313,273.8895055966271,7.755538950942392,1.0,0.9999999999999999
121.0,121,18,646.6484175683701,648.8312717447238,7.755538950942392,1.0,1.0
121.0,121,20,348.47995716922776,967.379857963403,9.77136677757192,2.0,1.0
121.0,121,22,143.2647448602864,467.977061656167,11.185422719499032,3.0,1.0
121.0,121,23,3.3240883418538916,818.9219479990903,11.185422719499034,3.0,1.0
121.0,121,28,901.9386715715149,898.8057669058325,7.755538950942392,1.0,1.0
121.0,121,29,1097.630460922961,6.209108299973917,13.261785059625714,5.0,1.0
121.0,121,31,966.4151700582515,152.13139964579565,7.755538950942392,1.0,1.0
121.0,121,35,192.64999523371793,748.3476791472151,9.771366777571922,2.0,1.0
121.0,121,37,863.8343146421848,912.158407856097,9.771366777571922,2.0,1.0
121.0,121,38,962.8445140686645,721.7293851823999,7.755538950942392,1.0,1.0
121.0,121,39,1330.6445728022736,1006.0076916952838,9.771366777571922,2.0,1.0
121.0,121,40,960.6884785576427,927.2363979891009,9.77136677757192,2.0,1.0
121.0,121,41,431.6750471520419,282.89948986169094,11.185422719499034,3.0,1.0
121.0,121,43,782.0371743780674,821.3588991846774,7.755538950942392,1.0,1.0
121.0,121,44,742.0421460523537,58.401406106488494,12.311150689306299,4.0,1.0
121.0,121,45,880.7570441670576,960.3976617358578,7.755538950942392,1.0,1.0
121.0,121,46,1146.997184769927,353.73215067577985,7.755538950942392,1.0,1.0
121.0,121,51,1322.104446028406,215.90070300838352,13.261785059625712,5.0,1.0
121.0,121,53,136.93630346466398,117.90932551273747,7.755538950942392,1.0,1.0
121.0,121,55,1248.762849376015,608.4772264748517,7.755538950942392,1.0,0.9999999999999999
121.0,121,57,1058.294619260774,726.6891788968037,12.311150689306295,4.0,1.0
121.0,121,59,36.55143005591533,141.41457173384862,7.755538950942392,1.0,1.0
121.0,121,60,56.33714844534116,230.18270571369573,9.77136677757192,2.0,1.0
121.0,121,61,884.0242604307376,1001.5957260137653,9.771366777571922,2.0,1.0
121.0,121,62,577.5217617114465,2.605803745319804,7.755538950942392,1.0,1.0
121.0,121,63,1134.980163965325,632.8058433802283,7.755538950942392,1.0,1.0
121.0,121,65,693.1915195191336,834.0383203968555,7.755538950942392,1.0,1.0
121.0,121,66,969.2827001630798,1012.657106090179,9.771366777571922,2.0,1.0
121.0,121,67,1087.7402182075934,255.58042176705516,13.261785059625712,5.0,1.0
121.0,121,68,1248.4426736282637,663.9553998010626,7.755538950942392,1.0,1.0
121.0,121,70,1152.817018545126,472.2737061712164,7.755538950942392,1.0,1.0
121.0,121,71,772.758448217483,787.2486230294526,11.185422719499034,3.0,1.0
121.0,121,73,534.4849734773663,305.9820670207475,7.755538950942392,1.0,1.0
121.0,121,77,426.9673742119462,832.798392290954,13.261785059625714,5.0,1.0
121.0,121,78,1104.943030516672,184.76717843249799,7.755538950942392,1.0,1.0
121.0,121,79,827.1460893628763,230.7478753186813,9.77136677757192,2.0,1.0
121.0,121,80,1011.8103086942092,354.7949626481088,7.755538950942392,1.0,1.0
121.0,121,81,618.2160472348628,7.2844472526115425,11.185422719499034,3.0,1.0
121.0,121,83,1188.9175897454418,420.6940679853829,7.755538950942392,1.0,1.0
121.0,121,85,115.5585414385403,792.5429189951235,7.755538950942392,1.0,0.9999999999999999
121.0,121,86,1028.607065651192,514.6582654031015,9.77136677757192,2.0,1.0
121.0,121,87,697.1800382107613,127.12750297256444,7.755538950942392,1.0,1.0
121.0,121,88,71.36850393752096,498.8517572183695,9.77136677757192,2.0,1.0
121.0,121,90,817.1039896324398,413.23439668576987,7.755538950942392,1.0,0.9999999999999999
121.0,121,92,1096.461568422325,694.1433419230308,7.755538950942392,1.0,1.0
121.0,121,93,287.45166412981774,284.8182214084853,9.77136677757192,2.0,1.0
121.0,121,94,658.4333745803714,881.4262986443238,12.311150689306299,4.0,1.0
121.0,121,97,942.8994794799142,64.411500752773,12.311150689306297,4.0,0.9999999999999999
121.0,121,100,370.4990862204711,809.2206617835373,7.755538950942392,1.0,1.0
121.0,121,103,217.327413651021,11.929473160463182,7.755538950942392,1.0,1.0
121.0,121,104,382.9953919823172,580.6610546227994,9.771366777571922,2.0,1.0
121.0,121,107,442.8426427431578,138.17377386897925,7.755538950942392,1.0,1.0
121.0,121,110,651.2668196337963,618.4713033506578,7.755538950942392,1.0,1.0
121.0,121,116,1152.5307181843928,51.427000066938184,11.185422719499032,3.0,0.9999999999999999
121.0,121,118,275.6972009493123,442.6335597877695,9.77136677757192,2.0,1.0
121.0,121,119,1047.2414692649122,564.4532752887783,11.185422719499032,3.0,1.0
121.0,121,121,109.0568429953853,228.57945102917154,14.09274953626919,6.0,1.0
121.0,121,122,855.7067109925738,260.2859332918376,14.835812298463564,7.0,0.9999999999999999
121.0,121,125,420.57223639813037,997.6851229603424,11.185422719499034,3.0,0.9999999999999999
121.0,121,126,0.6961983610624429,468.60219410695424,7.755538950942392,1.0,0.9999999999999999
121.0,121,129,784.0544881437512,670.4328508444383,7.755538950942392,1.0,1.0
121.0,121,130,1203.661878167201,436.4750194089822,7.755538950942392,1.0,1.0
121.0,121,131,1238.0977583199788,305.897874198039,9.771366777571922,2.0,1.0
121.0,121,132,1290.543553277037,174.2489423790642,13.261785059625714,5.0,1.0
121.0,121,134,119.43342095071893,827.7279351846524,9.77136677757192,2.0,1.0
121.0,121,135,1008.5977723484332,596.229677268198,7.755538950942392,1.0,1.0
121.0,121,138,481.1205233946018,1014.8428470637889,7.755538950942392,1.0,0.9999999999999999
121.0,121,142,1295.589485383953,292.70565935986355,7.755538950942392,1.0,1.0
121.0,121,143,608.8249875240335,112.58305113930886,14.835812298463564,7.0,0.9999999999999999
121.0,121,144,1277.0982042160715,975.1968101244811,9.77136677757192,2.0,1.0
121.0,121,145,126.1895758688341,864.3768230546805,9.77136677757192,2.0,1.0
121.0,121,146,1064.469096689915,532.0634239361516,7.755538950942392,1.0,1.0
121.0,121,148,552.665082955198,152.62205250968185,12.311150689306299,4.0,1.0
121.0,121,149,169.266998827353,976.5902227244339,7.755538950942392,1.0,1.0
121.0,121,150,704.3688755704027,381.77876464165246,12.311150689306299,4.0,1.0
121.0,121,151,468.2008987715178,664.3932955062493,7.755538950942392,1.0,1.0
121.0,121,152,1166.0839069403019,672.9014890442029,7.755538950942392,1.0,1.0
121.0,121,153,52.69034803899977,555.5392900892892,11.185422719499034,3.0,1.0
121.0,121,156,878.1881201238717,807.1882902666678,7.755538950942392,1.0,1.0
121.0,121,163,66.10059950068585,61.571600360200684,7.755538950942392,1.0,1.0
121.0,121,164,362.3667518818683,69.91002611237704,9.771366777571922,2.0,1.0
121.0,121,165,140.25257029896457,9.41200783553846,11.185422719499034,3.0,1.0
121.0,121,166,502.36736402737176,90.86463877834109,12.311150689306297,4.0,0.9999999999999999
121.0,121,170,982.4176430103149,682.9261250639524,7.755538950942392,1.0,1.0
121.0,121,172,819.6474411941963,814.0364972256557,7.755538950942392,1.0,1.0
121.0,121,173,1342.0000220803045,62.550317326925715,13.261785059625712,5.0,1.0
121.0,121,174,970.1489057978594,750.670298228394,9.771366777571922,2.0,0.9999999999999999
121.0,121,181,474.3419115898095,937.230320172991,11.185422719499032,3.0,0.9999999999999999
121.0,121,186,227.58771422244928,614.0067882062287,12.311150689306297,4.0,1.0
121.0,121,187,612.1919209791275,900.4900191263333,7.755538950942392,1.0,1.0
121.0,121,188,592.1988877230921,284.2315344337761,9.771366777571922,2.0,1.0
121.0,121,189,816.791408471358,922.8086190106077,7.755538950942392,1.0,1.0
121.0,121,191,1073.5574041234734,758.8662290167551,11.185422719499032,3.0,0.9999999999999999
121.0,121,193,347.9937739995261,107.6170675791773,11.185422719499032,3.0,1.0
121.0,121,199,202.20484177798895,542.1860787060965,16.132171110904203,9.0,1.0
121.0,121,201,146.34163658920824,435.5001508862352,9.77136677757192,2.0,1.0
121.0,121,208,1036.9929923772006,279.0918574784082,9.77136677757192,2.0,0.9999999999999999
121.0,121,210,106.34899297210468,1005.6425175110895,16.132171110904203,9.0,1.0
121.0,121,213,478.6382946998685,750.837504382678,7.755538950942392,1.0,1.0
121.0,121,214,31.79827859646076,246.4608527655143,7.755538950942392,1.0,1.0
121.0,121,215,347.97303134004045,421.13981396535047,12.311150689306297,4.0,1.0
121.0,121,218,675.2745826536252,306.0508036903416,9.77136677757192,2.0,1.0
121.0,121,219,306.75885199257687,94.77556532867249,7.755538950942392,1.0,1.0
121.0,121,220,311.87830154776975,920.2259884469524,12.311150689306299,4.0,1.0
121.0,121,221,110.74207349798884,179.8818968718683,13.261785059625714,5.0,1.0
121.0,121,224,562.3076609915448,252.90327665057484,9.771366777571922,2.0,1.0
121.0,121,228,897.3412281498114,26.48779923080876,12.311150689306299,4.0,1.0
121.0,121,230,1133.162864838386,730.9196121812204,7.755538950942392,1.0,1.0
121.0,121,231,739.3052798752741,313.28543036888215,11.185422719499032,3.0,1.0
121.0,121,232,497.7555350882871,234.07430482067514,7.755538950942392,1.0,1.0
121.0,121,238,904.2107103179742,860.9044841657637,7.755538950942392,1.0,1.0
121.0,121,241,1223.3885608193843,520.7158045513019,12.311150689306297,4.0,1.0
121.0,121,242,741.2601712016262,29.294726314575822,7.755538950942392,1.0,1.0
121.0,121,243,75.89834798603148,692.158554811228,7.755538950942392,1.0,1.0
121.0,121,245,733.1816803740157,803.9654597131008,11.185422719499034,3.0,0.9999999999999999
121.0,121,247,387.0158135188432,216.1906087200204,7.755538950942392,1.0,1.0
121.0,121,248,466.5994441359915,194.99232372218708,9.77136677757192,2.0,1.0
121.0,121,250,513.2192403445182,801.8550288884892,7.755538950942392,1.0,1.0
121.0,121,255,1337.9971718039938,821.410618009047,9.77136677757192,2.0,0.9999999999999999
121.0,121,256,925.6718187533343,727.6966061648787,7.755538950942392,1.0,1.0
121.0,121,259,745.1450788501801,166.8489115838442,13.26178505962571,5.0,0.9999999999999999
121.0,121,260,1088.7281876588604,804.2839597924906,7.755538950942392,1.0,1.0
121.0,121,261,255.09187212562966,424.45760186896894,7.755538950942392,1.0,1.0
121.0,121,262,846.298908286792,991.5844969378431,11.185422719499034,3.0,1.0
121.0,121,263,99.14070941920869,144.35152131687877,11.185422719499034,3.0,0.9999999999999999
121.0,121,264,944.5552567729069,815.5030651066454,7.755538950942392,1.0,1.0
121.0,121,265,6.092945562401512,444.4689181846757,7.755538950942392,1.0,1.0
121.0,121,268,1018.3535527762735,228.29379690191567,7.755538950942392,1.0,1.0
121.0,121,269,107.53517778270673,378.145107862325,11.185422719499032,3.0,1.0
121.0,121,273,621.7502728145233,584.2354267778472,7.755538950942392,1.0,1.0
121.0,121,274,792.6927434771894,847.4001864292106,7.755538950942392,1.0,1.0
121.0,121,275,1176.445377035269,389.4089123626093,7.755538950942392,1.0,1.0
121.0,121,276,1094.681752477102,527.0450526350646,7.755538950942392,1.0,1.0
121.0,121,278,1245.9459829238767,354.9308881623834,14.092749536269187,6.0,1.0
121.0,121,279,121.93174841620483,635.7510414048481,13.261785059625714,5.0,1.0
121.0,121,281,1188.7267459210334,546.0762955776917,12.311150689306299,4.0,1.0
121.0,121,283,684.9553761252922,587.4091581462118,14.09274953626919,6.0,1.0
121.0,121,284,82.61062811074554,801.0610222629724,7.755538950942392,1.0,1.0
121.0,121,285,859.7184112694509,638.5840033434175,7.755538950942392,1.0,1.0
121.0,121,286,1138.1184681072773,256.6591841705691,7.755538950942392,1.0,1.0
121.0,121,287,102.12881413800847,713.8886895602781,7.755538950942392,1.0,1.0
121.0,121,289,1238.66278561689,821.1704547087772,13.261785059625714,5.0,1.0
121.0,121,291,510.7256403981033,359.3012501744603,9.771366777571922,2.0,1.0
121.0,121,294,622.3433101186966,430.7835410584116,7.755538950942392,1.0,1.0
121.0,121,295,50.937592210175644,755.2245601541716,12.311150689306297,4.0,0.9999999999999999
121.0,121,300,342.36560217638464,660.8695727336211,11.185422719499034,3.0,0.9999999999999999
121.0,121,301,1113.897701053716,42.55341679968506,9.77136677757192,2.0,1.0
121.0,121,302,644.7112147818646,986.2612205525521,7.755538950942392,1.0,1.0
121.0,121,304,719.7568216464516,407.1031269855244,7.755538950942392,1.0,1.0
121.0,121,306,157.1160141031225,591.0335506535959,7.755538950942392,1.0,0.9999999999999999
121.0,121,307,979.9793928788067,488.4130826299406,12.311150689306297,4.0,1.0
121.0,121,309,819.2407100513266,193.01961151136203,7.755538950942392,1.0,1.0
121.0,121,314,173.39715763302772,149.74478782261394,7.755538950942392,1.0,1.0
121.0,121,318,1210.9945930985734,609.6930064153728,11.185422719499032,3.0,0.9999999999999999
121.0,121,320,1244.9078257314645,112.0179615318898,9.77136677757192,2.0,1.0
121.0,121,322,864.264823992492,977.874247470641,9.77136677757192,2.0,1.0
121.0,121,323,74.64309240705708,431.51381385065116,9.77136677757192,2.0,1.0
121.0,121,325,213.77852651947566,930.9339753020696,7.755538950942392,1.0,0.9999999999999999
121.0,121,326,200.60110029224154,476.9642022838296,9.77136677757192,2.0,1.0
121.0,121,327,911.8872876018722,473.484531257538,7.755538950942392,1.0,1.0
121.0,121,330,409.0440932517904,861.8950068341121,11.185422719499034,3.0,0.9999999999999999
121.0,121,331,137.25280769996647,722.2445729645791,15.511077901884784,8.0,1.0
121.0,121,333,617.7927116949,35.56184266965138,9.77136677757192,2.0,1.0
121.0,121,334,1134.9451248670412,829.9852472210739,7.755538950942392,1.0,1.0
121.0,121,337,591.4164846054341,934.8555645791633,9.77136677757192,2.0,0.9999999999999999
121.0,121,339,823.9875487838949,87.19038140266493,7.755538950942392,1.0,1.0
121.0,121,340,891.0846987808127,662.0769121522435,9.771366777571922,2.0,1.0
121.0,121,341,989.2915329773277,609.0058713152282,12.311150689306297,4.0,0.9999999999999999
121.0,121,342,875.1748573716035,139.31743445715637,9.77136677757192,2.0,1.0
121.0,121,344,730.2131837567806,356.9900860120124,7.755538950942392,1.0,0.9999999999999999
121.0,121,346,1187.4985759630074,632.4457031118866,7.755538950942392,1.0,1.0
121.0,121,348,405.9806108957781,663.8373068503774,7.755538950942392,1.0,1.0
121.0,121,350,1245.0905083656814,163.76585822006408,9.77136677757192,2.0,1.0
121.0,121,354,477.4599688943704,232.58159529311595,7.755538950942392,1.0,1.0
121.0,121,355,98.79318558141522,494.2911938299226,7.755538950942392,1.0,1.0
121.0,121,356,679.3952591741539,1016.6095730113263,7.755538950942392,1.0,1.0
121.0,121,360,679.0938814400059,335.84931673998915,7.755538950942392,1.0,1.0
121.0,121,361,23.288174688906295,630.7684166023083,11.185422719499032,3.0,0.9999999999999999
121.0,121,362,996.2834761243253,704.8073567866115,7.755538950942392,1.0,1.0
121.0,121,363,603.0176403049134,508.2026548532957,7.755538950942392,1.0,1.0
121.0,121,364,1330.157796797042,421.11675553045177,7.755538950942392,1.0,1.0
121.0,121,365,116.08000857108024,74.17506839516125,7.755538950942392,1.0,1.0
121.0,121,366,840.7081872838962,164.29428586410623,7.755538950942392,1.0,1.0
121.0,121,367,1187.009989789445,999.367158042081,7.755538950942392,1.0,1.0
121.0,121,368,1327.5498750939537,170.8896695006914,14.09274953626919,6.0,1.0
121.0,121,370,34.388689777427935,997.3418540575501,9.771366777571922,2.0,0.9999999999999999
121.0,121,371,576.7777130114818,425.2035694749153,9.771366777571922,2.0,1.0
121.0,121,373,875.0191307691007,194.2297695876487,7.755538950942392,1.0,1.0
121.0,121,374,878.2533732819795,73.91560821412253,12.311150689306299,4.0,1.0
121.0,121,380,854.8185831360643,22.836184205833963,9.771366777571922,2.0,1.0
121.0,121,381,815.8308916497841,331.7320834647891,9.77136677757192,2.0,1.0
121.0,121,382,1343.8632760854234,275.41486398984824,12.311150689306297,4.0,1.0
121.0,121,383,931.4412294394442,505.60346377924526,9.771366777571922,2.0,1.0
121.0,121,385,697.962086501013,544.0505010133644,9.771366777571922,2.0,0.9999999999999999
121.0,121,387,817.9867670369019,263.6505201858238,9.77136677757192,2.0,0.9999999999999999
121.0,121,388,181.07496217629398,650.517078032498,7.755538950942392,1.0,0.9999999999999999
121.0,121,390,363.62325652431974,175.65536592400386,13.261785059625714,5.0,1.0
121.0,121,391,745.6783771681488,498.16267189955965,14.09274953626919,6.0,1.0
121.0,121,393,272.3182690775782,905.1322211443907,7.755538950942392,1.0,1.0
121.0,121,396,1041.2882713191007,353.4323202679206,9.77136677757192,2.0,1.0
121.0,121,399,526.6625878684158,613.2906250523665,11.185422719499032,3.0,1.0
121.0,121,400,223.4210822273775,376.838044730706,7.755538950942392,1.0,1.0
121.0,121,403,643.280693369434,539.3841893542863,7.755538950942392,1.0,1.0
121.0,121,405,762.2270940948255,374.76941459612806,12.311150689306297,4.0,1.0
121.0,121,406,255.4555554305584,789.0078560647108,14.092749536269183,6.0,1.0
121.0,121,409,575.6499239597617,872.9637740382169,12.311150689306299,4.0,1.0
121.0,121,410,574.1938924429743,538.7615807380919,9.771366777571922,2.0,1.0
121.0,121,412,752.4619336752196,644.8873293119299,9.77136677757192,2.0,0.9999999999999999
121.0,121,414,1209.1164524466988,497.3892572000212,11.185422719499034,3.0,1.0
121.0,121,415,1129.7179101176475,693.3209776678476,7.755538950942392,1.0,1.0
121.0,121,416,403.3432769792959,734.1920513755398,7.755538950942392,1.0,1.0
121.0,121,417,907.0355929184907,511.93016420175417,11.185422719499034,3.0,1.0
121.0,121,418,538.8789553511148,683.8754207840626,9.77136677757192,2.0,0.9999999999999999
121.0,121,419,336.37590831129086,896.0801923722571,9.771366777571922,2.0,0.9999999999999999
121.0,121,420,693.6221240815397,966.0302646565762,9.771366777571922,2.0,1.0
121.0,121,421,990.2470375480145,334.40195341413096,11.185422719499034,3.0,1.0
121.0,121,422,155.79002591752382,668.1686297456675,7.755538950942392,1.0,1.0
121.0,121,428,1064.9344655980842,186.5820046574891,9.77136677757192,2.0,1.0
121.0,121,431,264.71236094221393,586.7781852479502,7.755538950942392,1.0,0.9999999999999999
121.0,121,432,357.7423219837837,771.9036828068002,11.185422719499034,3.0,0.9999999999999999
121.0,121,433,290.91830067209224,594.8621200918737,9.77136677757192,2.0,1.0
121.0,121,435,889.0639387999763,231.19077025937497,7.755538950942392,1.0,1.0
121.0,121,436,300.71057367651014,662.790986481024,9.77136677757192,2.0,0.9999999999999999
121.0,121,438,867.9029746836509,714.4359492453847,7.755538950942392,1.0,1.0
121.0,121,439,525.9403055435914,862.3099030071494,12.311150689306299,4.0,1.0
121.0,121,441,949.8131010352024,429.99329585955354,12.311150689306297,4.0,1.0
121.0,121,442,502.3992121035236,327.7240660473963,7.755538950942392,1.0,1.0
121.0,121,443,215.40408647811492,742.0664142389008,7.755538950942392,1.0,1.0
121.0,121,445,1048.3622030048753,29.814700439841058,7.755538950942392,1.0,1.0
121.0,121,446,325.4442887231314,261.1703945819786,7.755538950942392,1.0,1.0
121.0,121,449,1197.9148500169995,130.09313480057028,7.755538950942392,1.0,1.0
121.0,121,451,1332.834819862413,507.3794776622945,7.755538950942392,1.0,1.0
121.0,121,453,186.77822211260067,1013.5048936424262,7.755538950942392,1.0,1.0
121.0,121,455,854.231993926254,211.25465041505834,12.311150689306299,4.0,1.0
121.0,121,456,302.5333225446969,806.1138399359089,11.185422719499032,3.0,1.0
121.0,121,459,1307.0517207213627,352.9550948197627,11.185422719499034,3.0,0.9999999999999999
121.0,121,461,152.5443988115461,59.04132352368758,9.77136677757192,2.0,1.0
121.0,121,462,1097.4691828205034,304.56383623760365,7.755538950942392,1.0,1.0
121.0,121,465,798.652083655357,180.762435145609,7.755538950942392,1.0,1.0
121.0,121,468,1211.1042383062374,911.424445810763,11.185422719499032,3.0,1.0
121.0,121,469,1130.274850692103,891.3674305235875,7.755538950942392,1.0,1.0
121.0,121,470,84.22807231440113,408.5733233746279,7.755538950942392,1.0,1.0
121.0,121,472,308.57698320087445,135.00047947170302,7.755538950942392,1.0,1.0
121.0,121,473,398.1827879580557,915.7440908695717,7.755538950942392,1.0,1.0
121.0,121,476,483.4246575413808,139.54672606794847,13.261785059625714,5.0,1.0
121.0,121,477,276.84269863384077,935.1411392424308,12.311150689306299,4.0,1.0
121.0,121,479,355.48296897298854,928.1873971795845,7.755538950942392,1.0,0.9999999999999999
121.0,121,481,589.9315942450086,981.7233327786679,11.185422719499034,3.0,1.0
121.0,121,485,1047.4180987363693,680.7788453957436,7.755538950942392,1.0,0.9999999999999999
121.0,121,486,406.4241829484006,127.644142696802,7.755538950942392,1.0,1.0
121.0,121,487,1067.216292017412,952.3490554920188,14.09274953626919,6.0,1.0
121.0,121,489,662.3769407584465,148.49761895060774,9.77136677757192,2.0,1.0
121.0,121,490,450.91088876541846,903.3755930500613,9.77136677757192,2.0,1.0
121.0,121,491,654.0330684226493,759.211348021493,12.311150689306299,4.0,1.0
121.0,121,494,817.8894211391414,764.3453010476746,9.77136677757192,2.0,1.0
121.0,121,496,687.837962228555,517.405827215457,9.771366777571922,2.0,1.0
121.0,121,497,1194.9656395157567,776.2560105287096,9.771366777571922,2.0,1.0
121.0,121,498,418.0961649022349,486.237669559115,7.755538950942392,1.0,0.9999999999999999
121.0,121,500,538.464154683377,188.70361640535214,7.755538950942392,1.0,1.0
121.0,121,501,517.5322335816627,989.4437921943853,12.311150689306299,4.0,1.0
121.0,121,503,546.0845229648662,34.30273811663519,14.835812298463559,7.0,1.0
121.0,121,504,991.6742451509266,201.80973476231298,7.755538950942392,1.0,1.0
121.0,121,506,113.25573126514205,749.5669095854631,7.755538950942392,1.0,1.0
121.0,121,507,1337.573843664093,312.0648871624713,7.755538950942392,1.0,0.9999999999999999
121.0,121,508,1169.04348060398,518.8983134779595,12.311150689306299,4.0,1.0
121.0,121,509,1063.4590678057764,864.2236299440087,9.77136677757192,2.0,1.0
121.0,121,510,600.7196334985496,219.38046620379976,13.261785059625714,5.0,0.9999999999999999
121.0,121,511,517.439204235631,502.81404935540326,9.77136677757192,2.0,1.0
121.0,121,512,194.45216523214918,869.6671170585494,11.185422719499034,3.0,1.0
121.0,121,513,1265.837789838968,587.1626165927158,16.70880215580377,10.0,1.0
121.0,121,516,1220.8632744588924,385.9061993671228,11.185422719499032,3.0,1.0
121.0,121,517,903.3163658744744,838.5934250201484,9.77136677757192,2.0,1.0
121.0,121,518,129.1138680892692,527.5629404889442,12.311150689306299,4.0,1.0
121.0,121,519,826.1482810586361,384.4897533228634,14.09274953626919,6.0,1.0
121.0,121,520,806.1729388643807,1015.428947080697,11.185422719499034,3.0,0.9999999999999999
121.0,121,521,835.1275120802263,46.87386383642646,14.09274953626919,6.0,1.0
121.0,121,522,986.5925823099446,989.2455252939096,7.755538950942392,1.0,1.0
121.0,121,523,971.33217230724,189.32760889536894,7.755538950942392,1.0,1.0
121.0,121,524,864.881048934621,878.9686648585058,9.77136677757192,2.0,1.0
121.0,121,529,778.2241996963235,563.5698580735632,7.755538950942392,1.0,0.9999999999999999
121.0,121,530,123.15861052128191,679.0947244583655,9.771366777571922,2.0,1.0
121.0,121,533,834.3004911940727,874.4539221359327,11.185422719499034,3.0,1.0
121.0,121,535,842.8904208829003,135.27771560536593,7.755538950942392,1.0,0.9999999999999999
121.0,121,536,342.7628776028532,486.6312552963517,7.755538950942392,1.0,1.0
121.0,121,538,548.3365439178982,452.7056825124465,11.185422719499032,3.0,1.0
121.0,121,539,964.7808702251336,228.21269060616535,9.771366777571922,2.0,1.0
121.0,121,540,306.68197460829293,545.8855840948536,7.755538950942392,1.0,1.0
121.0,121,543,904.9795566149606,399.53733457442195,11.185422719499034,3.0,0.9999999999999999
121.0,121,546,1039.2876657250974,832.459333589025,9.77136677757192,2.0,1.0
121.0,121,547,495.40808386629953,254.74259638700377,7.755538950942392,1.0,0.9999999999999999
121.0,121,548,892.5599723604738,446.19117125438464,12.311150689306299,4.0,1.0
121.0,121,551,1247.552410746555,765.2877519372724,7.755538950942392,1.0,0.9999999999999999
121.0,121,555,155.2520925605869,190.56015100565793,12.311150689306299,4.0,1.0
121.0,121,556,266.3910767813624,471.2951196647477,7.755538950942392,1.0,1.0
121.0,121,557,601.6795856763703,320.12665923100303,12.311150689306299,4.0,1.0
121.0,121,559,1073.6783235838786,78.74730724099432,7.755538950942392,1.0,1.0
121.0,121,561,1316.2701199377618,886.3031572736251,7.755538950942392,1.0,1.0
121.0,121,562,182.8304525535812,232.37046830628245,11.185422719499032,3.0,1.0
121.0,121,563,443.192966566704,413.3419994313796,7.755538950942392,1.0,1.0
121.0,121,564,354.0147768091983,459.16647964052083,11.185422719499032,3.0,1.0
121.0,121,565,1212.4121160347966,754.4234721834029,7.755538950942392,1.0,1.0
121.0,121,568,1109.9659954348613,160.0069057840009,9.771366777571922,2.0,0.9999999999999999
121.0,121,569,330.7833852806481,343.3238613395361,7.755538950942392,1.0,1.0
121.0,121,570,1313.3561400156684,557.4725711856805,11.185422719499034,3.0,1.0
121.0,121,573,483.8767131786856,963.2681078344069,7.755538950942392,1.0,1.0
121.0,121,574,183.76776420927,796.7479021202224,7.755538950942392,1.0,1.0
121.0,121,575,672.951478099693,683.094097904791,7.755538950942392,1.0,1.0
121.0,121,576,820.6896952344536,158.85585865788138,7.755538950942392,1.0,1.0
121.0,121,579,545.1065221655994,270.456954601936,7.755538950942392,1.0,1.0
121.0,121,581,603.3734454537142,828.7162974789177,13.261785059625714,5.0,1.0
121.0,121,582,560.1405140205101,283.26817970607357,9.77136677757192,2.0,1.0
121.0,121,583,1226.3080292882382,255.13032673942095,11.185422719499034,3.0,1.0
121.0,121,584,1084.3356464233605,778.060636691066,7.755538950942392,1.0,1.0
121.0,121,586,389.4829481078217,1.7379272205505427,7.755538950942392,1.0,1.0
121.0,121,587,1069.111572245199,823.3727030979015,9.77136677757192,2.0,1.0
121.0,121,592,882.0699678991523,305.96013144641626,9.77136677757192,2.0,1.0
121.0,121,593,685.6981414793919,792.9850770340125,9.77136677757192,2.0,1.0
121.0,121,594,528.8794978140255,897.4404390900013,11.185422719499034,3.0,1.0
121.0,121,598,595.6938346254769,448.28274374262986,11.185422719499032,3.0,1.0
121.0,121,600,535.1376416604089,531.9782030116191,12.311150689306297,4.0,1.0
121.0,121,602,162.66403789098663,314.39023177676444,7.755538950942392,1.0,0.9999999999999999
121.0,121,605,791.93072525899,37.231536016361034,14.835812298463564,7.0,1.0
121.0,121,606,1217.1945755859233,632.3229810900472,7.755538950942392,1.0,1.0
121.0,121,607,1158.9986227477098,174.19055405636985,12.311150689306297,4.0,1.0
121.0,121,608,938.226348394005,705.2645544428865,9.771366777571922,2.0,1.0
121.0,121,609,997.377655047287,856.8017117023171,7.755538950942392,1.0,1.0
121.0,121,612,350.27401790298745,315.9113342543358,14.09274953626919,6.0,0.9999999999999999
121.0,121,613,1258.3015220520422,727.0861344415155,7.755538950942392,1.0,1.0
121.0,121,614,398.9212550287437,768.0522577538206,12.311150689306299,4.0,1.0
121.0,121,619,637.4837759394203,249.85391164372876,7.755538950942392,1.0,1.0
121.0,121,621,178.53406953015644,41.13332784118808,7.755538950942392,1.0,1.0
121.0,121,622,261.281698483598,44.52240049017748,7.755538950942392,1.0,1.0
121.0,121,625,578.5757764931908,744.2401065902502,7.755538950942392,1.0,0.9999999999999999
121.0,121,626,899.8100496354836,175.98096024974652,7.755538950942392,1.0,1.0
121.0,121,627,1255.4074115344526,19.431276928388886,14.09274953626919,6.0,1.0
121.0,121,629,804.3469528748939,884.4058739525916,11.185422719499032,3.0,1.0
121.0,121,632,403.38152827377064,709.1553094748075,9.771366777571922,2.0,0.9999999999999999
121.0,121,633,1109.41250008398,87.47601364217073,9.77136677757192,2.0,1.0
121.0,121,636,674.6324770704014,932.5044147272155,12.311150689306299,4.0,1.0
121.0,121,638,76.15222186810969,229.5143449110927,7.755538950942392,1.0,1.0
121.0,121,640,41.18416417626562,450.9223191447369,7.755538950942392,1.0,1.0
121.0,121,641,156.70116791330724,924.4960785295474,7.755538950942392,1.0,1.0
121.0,121,646,375.2576319012114,890.5100328467963,13.261785059625714,5.0,1.0
121.0,121,647,174.85541295320255,283.57262110137475,9.771366777571922,2.0,1.0
121.0,121,649,1116.3174544572714,116.60373368888013,9.77136677757192,2.0,0.9999999999999999
121.0,121,654,1296.275568589582,122.28912570726433,11.185422719499034,3.0,0.9999999999999999
121.0,121,655,580.8218110328869,701.1859381614239,7.755538950942392,1.0,1.0
121.0,121,658,571.8224641498899,343.23390923180517,14.092749536269185,6.0,0.9999999999999999
121.0,121,659,1296.1318100511153,964.5296961884048,9.771366777571922,2.0,1.0
121.0,121,662,1131.9413534301825,967.2894235673863,7.755538950942392,1.0,1.0
121.0,121,665,1035.6131169881032,109.92658580581414,11.185422719499032,3.0,1.0
121.0,121,666,1228.5782247374,1002.1642194543374,13.261785059625714,5.0,0.9999999999999999
121.0,121,667,192.56187629605353,89.45155563217864,7.755538950942392,1.0,1.0
121.0,121,668,237.3267605282212,950.4418717859794,7.755538950942392,1.0,1.0
121.0,121,671,1030.1068499219855,85.89220200277407,7.755538950942392,1.0,1.0
121.0,121,672,803.8008075557777,982.43267078936,7.755538950942392,1.0,1.0
121.0,121,674,1062.1749293545638,639.5839481159209,7.755538950942392,1.0,0.9999999999999999
121.0,121,675,388.39257691211367,497.787575451339,7.755538950942392,1.0,1.0
121.0,121,680,874.5086920779611,591.3575932771342,7.755538950942392,1.0,1.0
121.0,121,682,1219.4273782411215,80.17683892087503,7.755538950942392,1.0,1.0
121.0,121,684,1308.825857161449,945.6671498400004,11.185422719499034,3.0,1.0
121.0,121,687,1205.223496053421,284.5494554381606,12.311150689306297,4.0,1.0
121.0,121,688,236.01833652237414,487.59297440558254,7.755538950942392,1.0,1.0
121.0,121,689,435.94629863710736,612.3282582151185,7.755538950942392,1.0,1.0
121.0,121,694,1111.2057795514984,876.1118008571669,7.755538950942392,1.0,1.0
121.0,121,698,670.3732632654205,97.25775554742133,9.771366777571922,2.0,1.0
121.0,121,700,446.6224456278152,507.44239337654915,11.185422719499032,3.0,1.0
121.0,121,702,695.3272792484058,37.65328399819889,7.755538950942392,1.0,1.0
121.0,121,704,139.41202642082197,254.20096076333957,9.771366777571922,2.0,0.9999999999999999
121.0,121,705,410.13956954335606,417.8223221099669,11.185422719499034,3.0,1.0
121.0,121,706,303.3358984377929,205.56833085138035,11.185422719499032,3.0,1.0
121.0,121,707,255.45938254505123,252.18146544049483,11.185422719499032,3.0,1.0
121.0,121,710,814.5496221473473,673.4873499712198,9.771366777571922,2.0,1.0
121.0,121,717,519.3498279656978,657.0126190093174,14.09274953626919,6.0,1.0
121.0,121,718,432.578496509264,161.45255679624987,9.771366777571922,2.0,0.9999999999999999
121.0,121,720,637.1896277642712,831.9120869863624,9.77136677757192,2.0,1.0
121.0,121,722,1006.3706721703501,783.0753129021265,13.261785059625714,5.0,1.0
121.0,121,723,432.94886438739246,592.6304688300775,11.185422719499032,3.0,1.0
121.0,121,724,893.3896815817236,622.172148582083,7.755538950942392,1.0,1.0
121.0,121,726,1266.3524657444227,55.54873330146696,9.771366777571922,2.0,1.0
121.0,121,728,1031.597864800601,390.9022402083127,7.755538950942392,1.0,1.0
121.0,121,729,564.9885359967998,99.3772422667097,9.771366777571922,2.0,0.9999999999999999
121.0,121,730,686.6249885374291,462.42662973000586,9.77136677757192,2.0,0.9999999999999999
121.0,121,732,507.9571699903831,152.39435986018887,11.185422719499032,3.0,1.0
121.0,121,733,238.30735225589711,289.70192881373197,12.311150689306297,4.0,0.9999999999999999
121.0,121,734,1337.0269740457727,21.786798079878952,7.755538950942392,1.0,1.0
121.0,121,735,721.9592000695524,7.7667835267700385,7.755538950942392,1.0,1.0
121.0,121,737,1094.2066110073097,491.01843393231036,13.26178505962571,5.0,1.0
121.0,121,740,1234.3295024829717,957.161298122768,7.755538950942392,1.0,1.0
121.0,121,746,1275.163589368281,389.9637668391897,9.77136677757192,2.0,1.0
121.0,121,747,635.6758900213785,744.100593561119,11.185422719499034,3.0,1.0
121.0,121,750,786.2088180641252,247.980947976793,9.77136677757192,2.0,1.0
121.0,121,752,1303.147169890245,701.7004231808414,9.771366777571922,2.0,1.0
121.0,121,753,641.9153795202257,477.5989281008137,9.771366777571922,2.0,0.9999999999999999
121.0,121,754,550.1103828542923,722.393900769967,7.755538950942392,1.0,1.0
121.0,121,755,939.4798637888533,135.47589890035061,9.771366777571922,2.0,1.0
121.0,121,757,771.645039336463,487.5869268714876,11.185422719499034,3.0,1.0
121.0,121,758,645.133394704333,408.6683899892454,9.77136677757192,2.0,1.0
121.0,121,759,49.65772529773276,618.658284205873,11.185422719499032,3.0,1.0
121.0,121,760,155.88746608504306,1019.9608479698558,11.185422719499034,3.0,1.0
121.0,121,762,987.2693135310495,45.31979261244647,11.185422719499032,3.0,1.0
121.0,121,764,216.70796880757945,668.5208682500413,7.755538950942392,1.0,1.0
121.0,121,765,724.4370503244945,470.4195563988042,11.185422719499034,3.0,1.0
121.0,121,766,362.8768803537016,6.166732996067672,9.77136677757192,2.0,1.0
121.0,121,767,358.3857440236001,600.8167967916944,7.755538950942392,1.0,1.0
121.0,121,768,715.6227488729603,642.8594486429516,14.835812298463562,7.0,1.0
121.0,121,769,11.317623790194778,688.3815031639381,12.311150689306299,4.0,1.0
121.0,121,772,1031.9828276715855,913.8459777684551,7.755538950942392,1.0,1.0
121.0,121,773,926.1862495308824,649.5736717949706,7.755538950942392,1.0,1.0
121.0,121,774,66.40290051879161,845.7159277515909,11.185422719499034,3.0,1.0
121.0,121,776,1078.988572791941,146.18743647710872,11.185422719499034,3.0,1.0
121.0,121,777,390.367217383791,333.35411814696374,7.755538950942392,1.0,1.0
121.0,121,780,234.4868342796226,689.6019035852192,11.185422719499032,3.0,1.0
121.0,121,781,426.10546013364916,198.27335883354004,7.755538950942392,1.0,1.0
121.0,121,782,147.98478261018002,569.4061235757479,11.185422719499032,3.0,1.0
121.0,121,783,170.72927887842408,701.2855812729962,14.09274953626919,6.0,1.0
121.0,121,786,482.90664332616024,832.565313169903,7.755538950942392,1.0,1.0
121.0,121,787,741.9305783584796,856.7055157595406,11.185422719499032,3.0,1.0
121.0,121,788,1126.8326768715199,400.84204073594265,7.755538950942392,1.0,0.9999999999999999
121.0,121,789,392.69902570103756,969.6658413079119,12.311150689306299,4.0,1.0
121.0,121,790,709.588160108156,915.8359734335492,11.185422719499034,3.0,1.0
121.0,121,791,921.369947210515,948.7680514440534,12.311150689306299,4.0,0.9999999999999999
121.0,121,792,566.1728087603586,771.4258683689264,15.511077901884784,8.0,1.0
121.0,121,795,237.16709277352624,836.2577975853229,11.185422719499032,3.0,1.0
121.0,121,796,240.13801079118116,318.20426878503724,7.755538950942392,1.0,1.0
121.0,121,798,1024.0149560302475,459.7550324881,7.755538950942392,1.0,1.0
121.0,121,799,40.23407362858156,201.427897562496,7.755538950942392,1.0,0.9999999999999999
121.0,121,800,347.8545299118112,724.6856601756897,9.77136677757192,2.0,1.0
121.0,121,801,1234.7200253744488,96.5548842537344,7.755538950942392,1.0,1.0
121.0,121,805,717.7725351373947,977.5864732791546,9.77136677757192,2.0,1.0
121.0,121,806,381.121847489063,681.4610249691959,9.771366777571922,2.0,1.0
121.0,121,809,1194.877506634538,471.0450791520169,9.77136677757192,2.0,1.0
121.0,121,810,1052.4036810893074,148.0496095499201,9.77136677757192,2.0,1.0
121.0,121,811,820.6117440036676,551.1238497437338,16.132171110904203,9.0,1.0
121.0,121,812,49.0446029301727,412.012858559121,7.755538950942392,1.0,1.0
121.0,121,815,470.66309773095213,566.3476622150199,9.77136677757192,2.0,1.0
121.0,121,817,1191.2208475384475,730.1260378915443,9.77136677757192,2.0,1.0
121.0,121,818,276.666651983284,1014.3111803536477,7.755538950942392,1.0,1.0
121.0,121,819,1025.32707427851,944.1541613513216,7.755538950942392,1.0,1.0
121.0,121,820,1109.345323130537,578.0971230728946,7.755538950942392,1.0,1.0
121.0,121,821,1308.419704473894,36.55924109265793,13.261785059625714,5.0,0.9999999999999999
121.0,121,823,468.6972937023114,691.4713907819006,7.755538950942392,1.0,1.0
121.0,121,826,980.0489194229965,832.3447429663752,9.771366777571922,2.0,0.9999999999999999
121.0,121,828,149.76923422786524,816.2486251907833,9.77136677757192,2.0,0.9999999999999999
121.0,121,829,781.6004705841738,142.37378160078646,9.77136677757192,2.0,1.0
121.0,121,830,436.51312430886867,750.405882029275,9.771366777571922,2.0,0.9999999999999999
121.0,121,831,834.4033743063069,613.9418258264669,9.771366777571922,2.0,1.0
121.0,121,832,1044.6303157174273,465.6472906347408,11.185422719499034,3.0,0.9999999999999999
121.0,121,833,451.514013012172,325.1924440108401,12.311150689306299,4.0,1.0
121.0,121,837,949.7756156756413,636.796507411664,11.185422719499034,3.0,1.0
121.0,121,838,300.6129932535418,312.412623009511,7.755538950942392,1.0,1.0
121.0,121,839,965.0172940316851,93.57245903329063,7.755538950942392,1.0,1.0
121.0,121,840,745.4225066541993,680.8566951460745,7.755538950942392,1.0,1.0
121.0,121,841,895.8041111247494,581.3152604004823,11.185422719499032,3.0,1.0
121.0,121,842,42.03635988918732,510.9839266736201,7.755538950942392,1.0,1.0
121.0,121,843,936.0728801079846,907.144052871015,7.755538950942392,1.0,1.0
121.0,121,845,1336.0796980588323,623.4766350577383,7.755538950942392,1.0,1.0
121.0,121,846,685.7207267179376,437.5847741497473,9.77136677757192,2.0,0.9999999999999999
121.0,121,848,592.9602236011339,627.251840207103,13.261785059625714,5.0,0.9999999999999999
121.0,121,851,1319.7619921039577,655.522893790133,14.09274953626919,6.0,1.0
121.0,121,853,476.5608220141569,797.9881244510835,12.311150689306299,4.0,1.0
121.0,121,855,594.2983870253239,599.8830706536046,7.755538950942392,1.0,1.0
121.0,121,857,747.1377061520377,890.5342577901869,9.771366777571922,2.0,1.0
121.0,121,859,891.7713029260154,775.4740953202272,9.771366777571922,2.0,1.0
121.0,121,861,1001.1729919323716,72.85604194887321,7.755538950942392,1.0,1.0
121.0,121,862,307.3928376010131,577.5078333904275,9.771366777571922,2.0,1.0
121.0,121,865,841.227316923026,104.06999041799332,7.755538950942392,1.0,1.0
121.0,121,866,933.3509828147016,14.678595762276855,9.77136677757192,2.0,1.0
121.0,121,868,1298.0416275326747,807.6403366427527,14.092749536269187,6.0,0.9999999999999999
121.0,121,869,1325.2207572516977,122.51920149193485,11.185422719499034,3.0,0.9999999999999999
121.0,121,870,227.51513634281125,184.33787048779385,7.755538950942392,1.0,1.0
121.0,121,871,704.0945087568126,760.1182758715094,13.261785059625714,5.0,1.0
121.0,121,872,1045.2293894315967,440.81846878091045,7.755538950942392,1.0,1.0
121.0,121,873,56.68240065550912,396.02005450020687,7.755538950942392,1.0,1.0
121.0,121,877,176.09094724852466,431.1080129689811,7.755538950942392,1.0,1.0
121.0,121,879,708.1603940331285,332.4275180046193,11.185422719499034,3.0,1.0
121.0,121,882,289.90152232281287,636.939859133732,7.755538950942392,1.0,1.0
121.0,121,883,5.355458874856596,141.6428628850308,9.77136677757192,2.0,1.0
121.0,121,884,658.4469435880358,338.2535635793308,11.185422719499034,3.0,1.0
121.0,121,886,80.5935502631203,651.8806171209865,9.77136677757192,2.0,1.0
121.0,121,887,443.53681772136304,237.49415001567223,12.311150689306299,4.0,1.0
121.0,121,890,1270.0073772808935,244.42381836266293,11.185422719499032,3.0,1.0
121.0,121,892,344.14822135840035,45.82165119559402,7.755538950942392,1.0,1.0
121.0,121,894,1187.590566064222,0.005944768701961339,11.185422719499034,3.0,1.0
121.0,121,896,233.07286604318222,922.4900299610104,7.755538950942392,1.0,1.0
121.0,121,897,734.1384976308555,580.3942372189772,9.77136677757192,2.0,1.0
121.0,121,898,1072.2626310066396,296.25731319766874,11.185422719499034,3.0,1.0
121.0,121,899,1196.936092461536,840.5186607638054,13.261785059625714,5.0,1.0
121.0,121,901,1061.38615383865,1.1217874154224217,11.185422719499032,3.0,1.0
121.0,121,903,282.2137577663666,374.6809821045116,16.708802155803774,10.0,1.0
121.0,121,905,710.9497615870117,874.3452959526242,12.311150689306299,4.0,1.0
121.0,121,907,1162.8457679094288,919.1180897801021,9.771366777571922,2.0,1.0
121.0,121,910,1275.1986438032827,789.7482022839504,9.77136677757192,2.0,1.0
121.0,121,912,426.81918546581994,899.0044925923756,7.755538950942392,1.0,0.9999999999999999
121.0,121,913,306.23017025575103,736.2180777661923,7.755538950942392,1.0,1.0
121.0,121,914,864.5946732291312,373.9440169522441,12.311150689306297,4.0,0.9999999999999999
121.0,121,915,39.065633691794616,62.008657789874775,7.755538950942392,1.0,1.0
121.0,121,916,835.392850185936,299.9121661681693,7.755538950942392,1.0,1.0
121.0,121,921,1227.3277317585887,473.02312202875225,7.755538950942392,1.0,1.0
121.0,121,924,644.2094584724463,4.027657570842283,9.77136677757192,2.0,0.9999999999999999
121.0,121,925,905.2301189587058,349.7942696339828,12.311150689306299,4.0,1.0
121.0,121,926,237.04197644535705,87.53816145009743,14.092749536269185,6.0,1.0
121.0,121,927,1256.2209713158948,83.83346254378729,14.09274953626919,6.0,1.0
121.0,121,932,1281.151976594098,534.4671391961759,11.185422719499032,3.0,1.0
121.0,121,933,1018.9916016326107,203.1706789247999,7.755538950942392,1.0,0.9999999999999999
121.0,121,934,311.619995014868,25.082160672915283,13.261785059625714,5.0,1.0
121.0,121,936,532.100371370103,402.4374619815969,9.77136677757192,2.0,1.0
121.0,121,937,925.3106379748407,1007.1229446638275,9.77136677757192,2.0,1.0
121.0,121,939,1161.9232289189106,135.7629332792507,9.77136677757192,2.0,1.0
121.0,121,941,51.58555570466105,952.1206522829192,11.185422719499032,3.0,1.0
121.0,121,947,415.61063579733553,70.03773627818802,7.755538950942392,1.0,1.0
121.0,121,949,1210.7512016006049,34.40738854962624,11.185422719499032,3.0,1.0
121.0,121,950,384.852720493353,627.8716664038561,13.261785059625712,5.0,1.0
121.0,121,951,98.54193275989383,321.9512533903926,13.261785059625714,5.0,1.0
121.0,121,952,187.11484562406287,184.78432999972213,7.755538950942392,1.0,1.0
121.0,121,953,587.8329468621553,137.86820396427183,9.77136677757192,2.0,1.0
121.0,121,955,473.33439995408287,416.05778425560214,11.185422719499034,3.0,1.0
121.0,121,956,1069.9632690260132,611.31764154738,9.77136677757192,2.0,1.0
121.0,121,957,265.0095376173267,538.7361649568402,12.311150689306297,4.0,0.9999999999999999
121.0,121,959,189.1771709709026,903.9394773106533,9.77136677757192,2.0,0.9999999999999999
121.0,121,961,276.49725259269957,180.55538019584344,9.77136677757192,2.0,0.9999999999999999
121.0,121,962,1308.2141258241982,855.580767229665,16.132171110904203,9.0,1.0
121.0,121,963,388.1613599165791,185.24329734604945,9.77136677757192,2.0,0.9999999999999999
121.0,121,965,863.7088592850789,483.82493882006537,7.755538950942392,1.0,0.9999999999999999
121.0,121,969,438.02717933039577,470.541280469695,9.77136677757192,2.0,1.0
121.0,121,971,1169.3839033773438,821.6805900186995,7.755538950942392,1.0,1.0
121.0,121,972,494.49436754010105,588.7858282457462,11.185422719499032,3.0,1.0
121.0,121,975,40.60208497504722,726.0879047234671,7.755538950942392,1.0,1.0
121.0,121,977,1029.0465000930233,145.83291028066606,7.755538950942392,1.0,0.9999999999999999
121.0,121,980,340.4826271022717,751.587198043468,9.771366777571922,2.0,1.0
121.0,121,981,986.6567426646665,403.8254009851862,7.755538950942392,1.0,1.0
121.0,121,983,922.2393132202737,529.3714484211743,7.755538950942392,1.0,1.0
121.0,121,985,1250.2021417233989,937.0461869966008,12.311150689306299,4.0,1.0
121.0,121,986,1163.6394675211502,776.0386171320243,13.261785059625714,5.0,1.0
121.0,121,987,1171.1696382175928,870.6610196312313,7.755538950942392,1.0,1.0
121.0,121,988,1132.5384492975293,606.123174142741,7.755538950942392,1.0,0.9999999999999999
121.0,121,989,531.3214279862588,945.9311186724786,12.311150689306297,4.0,1.0
121.0,121,995,37.8977254318984,14.271116062324666,14.092749536269185,6.0,0.9999999999999999
121.0,121,996,260.7176615179075,854.8559462004052,9.77136677757192,2.0,0.9999999999999999
121.0,121,998,6.166081319627985,975.9288377806068,7.755538950942392,1.0,0.9999999999999999
121.0,121,1000,169.569371165789,868.304566026709,9.77136677757192,2.0,1.0
122.0,122,1,104.94586389278456,933.9577351361071,7.755538950942392,1.0,1.0
122.0,122,3,950.5250021265036,306.49156941615104,13.261785059625714,5.0,0.9999999999999999
122.0,122,6,456.15923110552217,98.35925661162196,7.755538950942392,1.0,1.0
122.0,122,8,350.2817560285452,210.0449813748189,16.708802155803774,10.0,1.0
122.0,122,9,1071.4936592280906,415.4260110767319,9.77136677757192,2.0,1.0
122.0,122,10,1154.3291995882053,305.83885243897515,7.755538950942392,1.0,0.9999999999999999
122.0,122,11,851.7848891752145,939.7158243596191,9.77136677757192,2.0,1.0
122.0,122,15,1011.1851035012043,299.03334691076367,7.755538950942392,1.0,1.0
122.0,122,17,198.24075638576429,273.9002592342688,7.755538950942392,1.0,1.0
122.0,122,18,646.9974692772395,649.7683752099481,7.755538950942392,1.0,1.0
122.0,122,20,347.83861825565845,968.147115676262,9.77136677757192,2.0,0.9999999999999999
122.0,122,22,144.19743140519066,468.3377496223574,11.185422719499032,3.0,1.0
122.0,122,23,2.6661134681859435,819.674987882245,11.185422719499034,3.0,1.0
122.0,122,28,902.813710795605,899.289818924012,7.755538950942392,1.0,1.0
122.0,122,29,1096.9535155737217,5.473075016661789,13.261785059625714,5.0,1.0
122.0,122,31,965.6983063222877,152.82861294462177,7.755538950942392,1.0,0.9999999999999999
122.0,122,35,192.51656249675403,747.3566212756928,9.771366777571922,2.0,0.9999999999999999
122.0,122,37,863.2041109619065,911.3819780000484,9.771366777571922,2.0,1.0
122.0,122,38,963.5782866250403,721.049989984073,7.755538950942392,1.0,1.0
122.0,122,39,1330.5394656381611,1005.0132307940654,9.771366777571922,2.0,1.0
122.0,122,40,959.689942252175,927.1823124396172,9.77136677757192,2.0,1.0
122.0,122,41,431.1012295721625,283.7184730025561,11.185422719499034,3.0,1.0
122.0,122,43,781.6975896726639,820.4183237077187,7.755538950942392,1.0,1.0
122.0,122,44,742.8132730558063,59.03808745892958,12.311150689306299,4.0,1.0
122.0,122,45,881.7136910010951,960.688912203542,7.755538950942392,1.0,1.0
122.0,122,46,1146.3591256615468,352.96216329003033,7.755538950942392,1.0,1.0
122.0,122,51,1322.6940036582564,215.0929766926768,13.261785059625712,5.0,1.0
122.0,122,53,136.59581795473767,116.96907574936063,7.755538950942392,1.0,1.0
122.0,122,55,1248.673386600562,609.4732166413736,7.755538950942392,1.0,1.0
122.0,122,57,1058.6987314650366,725.7744694749838,12.311150689306295,4.0,1.0
122.0,122,59,37.434981558368364,140.94623772642123,7.755538950942392,1.0,1.0
122.0,122,60,55.86581181072986,231.06465910071415,9.77136677757192,2.0,1.0
122.0,122,61,885.0042633597009,1001.3967429511105,9.771366777571922,2.0,1.0
122.0,122,62,577.381971233331,1.6156226395476103,7.755538950942392,1.0,1.0
122.0,122,63,1133.9824236544216,632.7386550479193,7.755538950942392,1.0,1.0
122.0,122,65,692.8840823713116,834.9898887864834,7.755538950942392,1.0,0.9999999999999999
122.0,122,66,969.8967019754359,1011.8678014757093,9.771366777571922,2.0,1.0
122.0,122,67,1086.748719630603,255.4503042362367,13.261785059625712,5.0,1.0
122.0,122,68,1247.4450348446815,663.8867204192053,7.755538950942392,1.0,1.0
122.0,122,70,1153.4972418220286,473.0067111463428,7.755538950942392,1.0,1.0
122.0,122,71,771.8823000820854,786.7665810760508,11.185422719499034,3.0,1.0
122.0,122,73,533.5486788987271,305.6308513291693,7.755538950942392,1.0,1.0
122.0,122,77,427.8851646350855,833.1954574483196,13.261785059625714,5.0,1.0
122.0,122,78,1103.9460546704593,184.68946638665935,7.755538950942392,1.0,0.9999999999999999
122.0,122,79,827.2219903928993,231.7449906749172,9.77136677757192,2.0,1.0
122.0,122,80,1011.0031346181084,355.3852761333613,7.755538950942392,1.0,0.9999999999999999
122.0,122,81,617.2605226883866,7.579358834414204,11.185422719499034,3.0,1.0
122.0,122,83,1189.876811275784,420.4114126197374,7.755538950942392,1.0,1.0
122.0,122,85,116.54258934077372,792.7208226941013,7.755538950942392,1.0,1.0
122.0,122,86,1028.901461497223,515.6139489730344,9.77136677757192,2.0,1.0
122.0,122,87,697.9708518164653,127.73956002957257,7.755538950942392,1.0,1.0
122.0,122,88,70.43149241923727,498.50245875773203,9.77136677757192,2.0,1.0
122.0,122,90,816.6733301534333,414.13691118046887,7.755538950942392,1.0,1.0
122.0,122,92,1095.4957849865534,694.4026917932624,7.755538950942392,1.0,1.0
122.0,122,93,288.3020627109571,284.292082402902,9.77136677757192,2.0,0.9999999999999999
122.0,122,94,658.8574471019894,882.3319268773248,12.311150689306299,4.0,1.0
122.0,122,97,941.9227012869256,64.19724772081794,12.311150689306297,4.0,1.0
122.0,122,100,371.3202669165343,808.6499935222741,7.755538950942392,1.0,0.9999999999999999
122.0,122,103,216.92512112042428,11.013961980943188,7.755538950942392,1.0,1.0
122.0,122,104,382.9876843276315,579.6610843272109,9.771366777571922,2.0,1.0
122.0,122,107,442.2720723523568,137.35252516782884,7.755538950942392,1.0,1.0
122.0,122,110,651.1881673815253,617.4744012375029,7.755538950942392,1.0,1.0
122.0,122,116,1153.5246883955479,51.53665050850794,11.185422719499032,3.0,1.0
122.0,122,118,276.2371024903847,441.7918316095863,9.77136677757192,2.0,1.0
122.0,122,119,1048.2294247897105,564.6080133933955,11.185422719499032,3.0,1.0
122.0,122,121,108.34167856473013,227.88049478080853,14.09274953626919,6.0,1.0
122.0,122,122,855.196572202769,259.42584119494535,14.835812298463564,7.0,1.0
122.0,122,125,420.12516705873753,996.790623655829,11.185422719499034,3.0,0.9999999999999999
122.0,122,126,0.6173571602576606,467.6053069192265,7.755538950942392,1.0,0.9999999999999999
122.0,122,129,783.0545230150822,670.4244997100255,7.755538950942392,1.0,1.0
122.0,122,130,1203.7298283558232,437.47270812389587,7.755538950942392,1.0,1.0
122.0,122,131,1237.245256380612,305.3751501375865,9.771366777571922,2.0,1.0
122.0,122,132,1290.362025414032,173.26555657738066,13.261785059625714,5.0,1.0
122.0,122,134,119.72545712513681,828.684342458167,9.77136677757192,2.0,1.0
122.0,122,135,1007.7939652125381,595.634787288215,7.755538950942392,1.0,0.9999999999999999
122.0,122,138,480.2305288525487,1014.3868758858449,7.755538950942392,1.0,1.0
122.0,122,142,1295.383441022704,293.68420201156425,7.755538950942392,1.0,1.0
122.0,122,143,609.0245719279598,111.6031705008077,14.835812298463564,7.0,0.9999999999999999
122.0,122,144,1276.5976829934089,974.331085857948,9.77136677757192,2.0,1.0
122.0,122,145,125.19715687610551,864.499723595247,9.77136677757192,2.0,1.0
122.0,122,146,1064.8528090662032,531.139971277764,7.755538950942392,1.0,0.9999999999999999
122.0,122,148,552.743957928054,153.61893702589072,12.311150689306299,4.0,0.9999999999999999
122.0,122,149,168.50747784705888,977.2407055301198,7.755538950942392,1.0,1.0
122.0,122,150,703.3755799311091,381.89436642779935,12.311150689306299,4.0,1.0
122.0,122,151,468.174565080685,665.3929487144806,7.755538950942392,1.0,0.9999999999999999
122.0,122,152,1165.2502216530052,672.3492492034228,7.755538950942392,1.0,1.0
122.0,122,153,52.93205996135962,556.5096381436435,11.185422719499034,3.0,1.0
122.0,122,156,878.5584597935928,808.1171866704884,7.755538950942392,1.0,1.0
122.0,122,163,65.58638767202486,60.71393714234351,7.755538950942392,1.0,1.0
122.0,122,164,361.3729999653555,69.79841460568038,9.771366777571922,2.0,1.0
122.0,122,165,140.83993851129821,10.22132766301087,11.185422719499034,3.0,1.0
122.0,122,166,501.3756040397884,90.73652895424982,12.311150689306297,4.0,1.0
122.0,122,170,983.1781080451861,682.2767461832223,7.755538950942392,1.0,1.0
122.0,122,172,819.6888850633801,815.0356380594259,7.755538950942392,1.0,1.0
122.0,122,173,1341.209966727838,61.93728181405638,13.261785059625712,5.0,1.0
122.0,122,174,970.1207151214228,749.6706956644907,9.771366777571922,2.0,1.0
122.0,122,181,475.18561830219437,937.7671245912634,11.185422719499032,3.0,1.0
122.0,122,186,226.8105664260262,614.6361063312775,12.311150689306297,4.0,1.0
122.0,122,187,611.3316809104438,900.9999083537454,7.755538950942392,1.0,1.0
122.0,122,188,593.1480845330909,283.9168513934197,9.771366777571922,2.0,1.0
122.0,122,189,817.18336837911,923.728601309739,7.755538950942392,1.0,1.0
122.0,122,191,1072.590012550819,759.1195145180324,11.185422719499032,3.0,1.0
122.0,122,193,348.98774375751606,107.50741302978956,11.185422719499032,3.0,0.9999999999999999
122.0,122,199,201.90838430117938,541.2310326525244,16.132171110904203,9.0,0.9999999999999999
122.0,122,201,147.3196930192886,435.7084910397785,9.77136677757192,2.0,0.9999999999999999
122.0,122,208,1037.9921624730932,279.132589768721,9.77136677757192,2.0,1.0
122.0,122,210,105.3525503917638,1005.7267919679765,16.132171110904203,9.0,1.0
122.0,122,213,477.9544937012008,751.5671729336113,7.755538950942392,1.0,1.0
122.0,122,214,32.68549126283651,245.9994920773077,7.755538950942392,1.0,0.9999999999999999
122.0,122,215,347.2779964658774,421.8587899897749,12.311150689306297,4.0,0.9999999999999999
122.0,122,218,675.2135210871899,305.0526696887644,9.77136677757192,2.0,1.0
122.0,122,219,307.7270274614867,94.52529295424578,7.755538950942392,1.0,1.0
122.0,122,220,312.5827315906007,919.5162150220082,12.311150689306299,4.0,1.0
122.0,122,221,110.68032313677995,180.87998849736695,13.261785059625714,5.0,1.0
122.0,122,224,562.6242106018777,253.8518526065204,9.771366777571922,2.0,0.9999999999999999
122.0,122,228,898.1688300082026,27.049114796232942,12.311150689306299,4.0,1.0
122.0,122,230,1132.3022015120796,730.4104377133303,7.755538950942392,1.0,1.0
122.0,122,231,738.9442640603964,312.3528706756677,11.185422719499032,3.0,1.0
122.0,122,232,498.68024386684027,233.69362953271076,7.755538950942392,1.0,1.0
122.0,122,238,903.9053983570466,859.952231779831,7.755538950942392,1.0,1.0
122.0,122,241,1223.4047150666877,521.7156740629352,12.311150689306297,4.0,1.0
122.0,122,242,741.0650055558898,28.313956019999022,7.755538950942392,1.0,0.9999999999999999
122.0,122,243,76.53007485983535,691.3833637657985,7.755538950942392,1.0,1.0
122.0,122,245,734.1405922626084,803.6817556597005,11.185422719499034,3.0,1.0
122.0,122,247,386.51161363348774,215.32702173794647,7.755538950942392,1.0,1.0
122.0,122,248,465.6745104564479,195.3724522378839,9.77136677757192,2.0,0.9999999999999999
122.0,122,250,512.3906354681283,802.4148627556524,7.755538950942392,1.0,1.0
122.0,122,255,1337.000463139931,821.3295511293582,9.77136677757192,2.0,1.0
122.0,122,256,926.6522431346136,727.499710170524,7.755538950942392,1.0,1.0
122.0,122,259,745.2005728702615,167.84737060340143,13.26178505962571,5.0,1.0
122.0,122,260,1087.898820971648,804.8426644534185,7.755538950942392,1.0,0.9999999999999999
122.0,122,261,255.4515112072451,425.3906933601823,7.755538950942392,1.0,0.9999999999999999
122.0,122,262,846.1598963199696,992.5747876391426,11.185422719499034,3.0,1.0
122.0,122,263,99.89129761808064,145.01229159141764,11.185422719499034,3.0,1.0
122.0,122,264,943.5613756028955,815.3926105010523,7.755538950942392,1.0,1.0
122.0,122,265,6.700938444370328,443.6749757085005,7.755538950942392,1.0,1.0
122.0,122,268,1019.0126679453219,229.04583891798282,7.755538950942392,1.0,1.0
122.0,122,269,106.9861431261083,378.9809074470664,11.185422719499032,3.0,0.9999999999999999
122.0,122,273,621.2890738276985,585.122723512064,7.755538950942392,1.0,1.0
122.0,122,274,792.2646992739126,848.3039442286465,7.755538950942392,1.0,0.9999999999999999
122.0,122,275,1176.0633240542127,388.48477194055977,7.755538950942392,1.0,1.0
122.0,122,276,1095.600609098889,527.4396442069439,7.755538950942392,1.0,0.9999999999999999
122.0,122,278,1245.2219662984678,355.62067068327775,14.092749536269187,6.0,1.0
122.0,122,279,122.52711006717068,634.94758356242,13.261785059625714,5.0,0.9999999999999999
122.0,122,281,1188.6097451990618,545.0831637480446,12.311150689306299,4.0,1.0
122.0,122,283,684.6031091031709,586.4732586082667,14.09274953626919,6.0,1.0
122.0,122,284,83.58551622551737,801.2837174889577,7.755538950942392,1.0,1.0
122.0,122,285,860.0569216064315,639.5249660162996,7.755538950942392,1.0,1.0
122.0,122,286,1137.1193266924395,256.7006140288345,7.755538950942392,1.0,1.0
122.0,122,287,101.87191565775495,712.9222511655299,7.755538950942392,1.0,1.0
122.0,122,289,1239.0070840244534,822.1093149787584,13.261785059625714,5.0,0.9999999999999999
122.0,122,291,510.4598023649032,358.3372324670999,9.771366777571922,2.0,1.0
122.0,122,294,622.6287849100677,429.825154840078,7.755538950942392,1.0,1.0
122.0,122,295,51.02259611563559,754.2281795361062,12.311150689306297,4.0,1.0
122.0,122,300,343.2645353109577,660.431486874951,11.185422719499034,3.0,1.0
122.0,122,301,1114.8927357629168,42.65294532567435,9.77136677757192,2.0,1.0
122.0,122,302,644.3944998588206,985.3126997791785,7.755538950942392,1.0,0.9999999999999999
122.0,122,304,720.3249754247506,406.2802045807956,7.755538950942392,1.0,1.0
122.0,122,306,156.7499572950911,591.964143160171,7.755538950942392,1.0,1.0
122.0,122,307,979.0742500988993,487.9879749400767,12.311150689306297,4.0,1.0
122.0,122,309,818.4516059489018,193.63387099686992,7.755538950942392,1.0,1.0
122.0,122,314,173.85106999380946,150.63583415627429,7.755538950942392,1.0,1.0
122.0,122,318,1211.120771088896,608.7009987970763,11.185422719499032,3.0,0.9999999999999999
122.0,122,320,1243.9257970270296,112.20669314997693,9.77136677757192,2.0,1.0
122.0,122,322,864.082154925947,978.8574219272496,9.77136677757192,2.0,1.0
122.0,122,323,75.6146561823702,431.750591870111,9.77136677757192,2.0,0.9999999999999999
122.0,122,325,214.3814735766208,931.7317565040793,7.755538950942392,1.0,0.9999999999999999
122.0,122,326,200.4100596459196,477.94578441052755,9.77136677757192,2.0,1.0
122.0,122,327,912.8200942186503,473.84490858159586,7.755538950942392,1.0,1.0
122.0,122,330,408.9161893057893,860.9032202741117,11.185422719499034,3.0,1.0
122.0,122,331,136.27558658007658,722.4567966268818,15.511077901884784,8.0,1.0
122.0,122,333,618.2367450415259,36.45785293024233,9.77136677757192,2.0,1.0
122.0,122,334,1134.0638385715552,830.457829981433,7.755538950942392,1.0,1.0
122.0,122,337,592.4007095186854,934.6786427881494,9.77136677757192,2.0,1.0
122.0,122,339,824.0091535097899,88.19014799333446,7.755538950942392,1.0,1.0
122.0,122,340,891.6822593305229,661.2750883627298,9.771366777571922,2.0,1.0
122.0,122,341,989.0914697746643,608.026088321428,12.311150689306297,4.0,1.0
122.0,122,342,875.2599233537219,140.31380977734761,9.77136677757192,2.0,1.0
122.0,122,344,729.2342663794487,357.19434263579177,7.755538950942392,1.0,1.0
122.0,122,346,1187.5004775997293,631.4457049199993,7.755538950942392,1.0,1.0
122.0,122,348,405.7279971172092,662.8697396543248,7.755538950942392,1.0,0.9999999999999999
122.0,122,350,1244.198532463201,163.31377527480504,9.77136677757192,2.0,1.0
122.0,122,354,478.1531055514967,233.30240149075004,7.755538950942392,1.0,1.0
122.0,122,355,97.96505521171957,494.8517293691953,7.755538950942392,1.0,1.0
122.0,122,356,678.651629539945,1017.278164790461,7.755538950942392,1.0,0.9999999999999999
122.0,122,360,679.9259455456554,336.4039962186882,7.755538950942392,1.0,1.0
122.0,122,361,24.228661414196697,630.4285861746646,11.185422719499032,3.0,0.9999999999999999
122.0,122,362,996.3064089459809,703.8076197783485,7.755538950942392,1.0,1.0
122.0,122,363,603.0995742836244,507.2060170940609,7.755538950942392,1.0,1.0
122.0,122,364,1329.95090184546,422.0951186936023,7.755538950942392,1.0,1.0
122.0,122,365,116.55068874446037,73.29276449378324,7.755538950942392,1.0,0.9999999999999999
122.0,122,366,840.6491558284699,163.29602974102446,7.755538950942392,1.0,0.9999999999999999
122.0,122,367,1187.9353717147633,998.9881220381262,7.755538950942392,1.0,0.9999999999999999
122.0,122,368,1328.5108867071544,171.16617751014752,14.09274953626919,6.0,1.0
122.0,122,370,34.424361184619045,996.3424904847154,9.771366777571922,2.0,1.0
122.0,122,371,576.7360338321586,424.2044384294508,9.771366777571922,2.0,1.0
122.0,122,373,875.1090590154932,195.22571783454748,7.755538950942392,1.0,1.0
122.0,122,374,877.2573498003394,73.82651711455873,12.311150689306299,4.0,1.0
122.0,122,380,854.0479670487629,23.473483857483302,9.771366777571922,2.0,1.0
122.0,122,381,816.4416356693758,330.9402553631579,9.77136677757192,2.0,1.0
122.0,122,382,1343.0502016373457,274.8327042678793,12.311150689306297,4.0,1.0
122.0,122,383,931.2474725244394,504.6224142097087,9.771366777571922,2.0,1.0
122.0,122,385,697.7842253307796,543.0664454234086,9.771366777571922,2.0,0.9999999999999999
122.0,122,387,818.8874347401851,264.0850287453052,9.77136677757192,2.0,1.0
122.0,122,388,182.05845569768647,650.6980213755063,7.755538950942392,1.0,1.0
122.0,122,390,362.7971945010619,176.2189451409123,13.261785059625714,5.0,1.0
122.0,122,391,744.7270001768098,497.85464297177714,14.09274953626919,6.0,1.0
122.0,122,393,273.3177088630554,905.0987530221644,7.755538950942392,1.0,1.0
122.0,122,396,1042.2542293290064,353.6910191722459,9.77136677757192,2.0,1.0
122.0,122,399,527.6417790265763,613.0876849730811,11.185422719499032,3.0,1.0
122.0,122,400,224.3456350535892,377.21909862655787,7.755538950942392,1.0,1.0
122.0,122,403,644.1659923121694,539.8492116999769,7.755538950942392,1.0,1.0
122.0,122,405,762.1634689109849,375.76738846150795,12.311150689306297,4.0,1.0
122.0,122,406,255.4762110969862,790.0076427136737,14.092749536269183,6.0,1.0
122.0,122,409,575.1879809599913,872.0768644233389,12.311150689306299,4.0,1.0
122.0,122,410,573.217174774981,538.5470519590673,9.771366777571922,2.0,0.9999999999999999
122.0,122,412,752.289642042893,643.9022833264905,9.77136677757192,2.0,1.0
122.0,122,414,1209.7850038523288,498.1329231317606,11.185422719499034,3.0,1.0
122.0,122,415,1130.0571863140092,694.2616644715089,7.755538950942392,1.0,1.0
122.0,122,416,403.44545219410577,735.1868177930864,7.755538950942392,1.0,1.0
122.0,122,417,907.6923743970189,512.68424515859,11.185422719499034,3.0,1.0
122.0,122,418,539.7178368020665,684.4197349500083,9.77136677757192,2.0,1.0
122.0,122,419,336.126335051623,897.0485482923912,9.771366777571922,2.0,1.0
122.0,122,420,693.290962573291,966.9738387424086,9.771366777571922,2.0,1.0
122.0,122,421,989.3269532070894,334.79367372964253,11.185422719499034,3.0,1.0
122.0,122,422,154.79060196226507,668.2025673008972,7.755538950942392,1.0,1.0
122.0,122,428,1064.0373955484945,187.02389302136518,9.77136677757192,2.0,1.0
122.0,122,431,263.8149184349546,587.2193166865987,7.755538950942392,1.0,1.0
122.0,122,432,356.7427154461662,771.9317322266212,11.185422719499034,3.0,1.0
122.0,122,433,289.9224794702522,594.770795757954,9.77136677757192,2.0,0.9999999999999999
122.0,122,435,888.066312564693,231.25963167581702,7.755538950942392,1.0,1.0
122.0,122,436,301.2910071069563,661.9766787794637,9.77136677757192,2.0,1.0
122.0,122,438,867.1553833610583,713.7717902174521,7.755538950942392,1.0,1.0
122.0,122,439,525.7662459118391,861.3251678932257,12.311150689306299,4.0,1.0
122.0,122,441,948.8378507998475,430.2143998587039,12.311150689306297,4.0,1.0
122.0,122,442,501.4001084328768,327.7663963592315,7.755538950942392,1.0,1.0
122.0,122,443,214.48556938054094,741.6710329780092,7.755538950942392,1.0,0.9999999999999999
122.0,122,445,1048.3777024287836,28.814820563126606,7.755538950942392,1.0,0.9999999999999999
122.0,122,446,324.46092929253615,261.352065246257,7.755538950942392,1.0,1.0
122.0,122,449,1198.7837030619987,129.5980647184653,7.755538950942392,1.0,1.0
122.0,122,451,1331.836905204303,507.31493050798775,7.755538950942392,1.0,1.0
122.0,122,453,186.89099944337858,1012.5112733559673,7.755538950942392,1.0,0.9999999999999999
122.0,122,455,855.1899230912298,210.96764568532618,12.311150689306299,4.0,1.0
122.0,122,456,303.49975956315836,805.856936278194,11.185422719499032,3.0,0.9999999999999999
122.0,122,459,1307.0780305935514,353.9547486551604,11.185422719499034,3.0,1.0
122.0,122,461,152.0042418382806,59.88288780776376,9.77136677757192,2.0,1.0
122.0,122,462,1098.4284234077709,304.2812455517363,7.755538950942392,1.0,1.0
122.0,122,465,799.1794717914784,179.91281066745498,7.755538950942392,1.0,0.9999999999999999
122.0,122,468,1211.113051408271,912.4244069746252,11.185422719499032,3.0,1.0
122.0,122,469,1131.0938296019483,890.7936069050176,7.755538950942392,1.0,1.0
122.0,122,470,84.16509839790037,409.57133854777936,7.755538950942392,1.0,1.0
122.0,122,472,308.25956540774297,134.0521936790205,7.755538950942392,1.0,1.0
122.0,122,473,399.08806151282135,916.1689200011552,7.755538950942392,1.0,1.0
122.0,122,476,483.9112291481785,138.6730853686571,13.261785059625714,5.0,1.0
122.0,122,477,277.5557001593066,934.4399767614868,12.311150689306299,4.0,1.0
122.0,122,479,355.47369492893125,929.1873541747133,7.755538950942392,1.0,1.0
122.0,122,481,588.9545038518161,981.5105080537629,11.185422719499034,3.0,1.0
122.0,122,485,1047.4619681637257,681.7778826689939,7.755538950942392,1.0,1.0
122.0,122,486,406.77784381645597,128.5795164137763,7.755538950942392,1.0,1.0
122.0,122,487,1067.1236822190829,951.3533530137386,14.09274953626919,6.0,1.0
122.0,122,489,662.2464278338471,149.48906555860663,9.77136677757192,2.0,1.0
122.0,122,490,451.69194301526534,902.751129873568,9.77136677757192,2.0,1.0
122.0,122,491,653.63095280569,760.1269369197423,12.311150689306299,4.0,1.0
122.0,122,494,817.2560502149917,765.1191494000291,9.77136677757192,2.0,1.0
122.0,122,496,686.9291076726716,517.8229403850524,9.771366777571922,2.0,1.0
122.0,122,497,1195.0282377096535,775.2579717187824,9.771366777571922,2.0,1.0
122.0,122,498,418.65716442375657,487.0654856841406,7.755538950942392,1.0,1.0
122.0,122,500,539.4455934426089,188.51184059384954,7.755538950942392,1.0,0.9999999999999999
122.0,122,501,518.5187504393284,989.607451870364,12.311150689306299,4.0,1.0
122.0,122,503,545.1418190629335,34.6363686807038,14.835812298463559,7.0,1.0
122.0,122,504,990.7050432017389,201.56346746507097,7.755538950942392,1.0,0.9999999999999999
122.0,122,506,114.2479939291044,749.6910659614829,7.755538950942392,1.0,0.9999999999999999
122.0,122,507,1338.1208517345456,311.2277598299467,7.755538950942392,1.0,1.0
122.0,122,508,1169.3332975370802,517.9412313784046,12.311150689306299,4.0,1.0
122.0,122,509,1064.4588226347373,864.2457722557542,9.77136677757192,2.0,1.0
122.0,122,510,600.8805848053831,220.36742855203224,13.261785059625714,5.0,1.0
122.0,122,511,516.9143060633965,501.96288432511545,9.77136677757192,2.0,1.0
122.0,122,512,194.33657277465053,870.6604137834858,11.185422719499034,3.0,0.9999999999999999
122.0,122,513,1266.8210274223,587.3449455666167,16.70880215580377,10.0,0.9999999999999999
122.0,122,516,1220.2352596932606,385.1279979445153,11.185422719499032,3.0,1.0
122.0,122,517,904.029621630556,839.2943288840388,9.77136677757192,2.0,1.0
122.0,122,518,129.5546465796562,528.4605563992377,12.311150689306299,4.0,1.0
122.0,122,519,826.5520224681885,385.40462646937755,14.09274953626919,6.0,1.0
122.0,122,520,806.2411698779689,1014.4312775318058,11.185422719499034,3.0,1.0
122.0,122,521,836.0991865551272,47.11018716330334,14.09274953626919,6.0,0.9999999999999999
122.0,122,522,985.8180458592813,988.6129960166475,7.755538950942392,1.0,1.0
122.0,122,523,970.4212761405963,188.91497325270834,7.755538950942392,1.0,1.0
122.0,122,524,864.9065945389497,877.9689912007057,9.77136677757192,2.0,1.0
122.0,122,529,777.3671151593454,564.085033865379,7.755538950942392,1.0,0.9999999999999999
122.0,122,530,122.5431802712227,679.8829158103302,9.771366777571922,2.0,0.9999999999999999
122.0,122,533,834.7537412790532,873.5625387389226,11.185422719499034,3.0,1.0
122.0,122,535,843.4753072873285,136.0888308215437,7.755538950942392,1.0,1.0
122.0,122,536,343.63896375919984,487.1134098842774,7.755538950942392,1.0,1.0
122.0,122,538,549.227315471563,453.16013387308016,11.185422719499032,3.0,1.0
122.0,122,539,964.686063078078,227.2171949482807,9.771366777571922,2.0,1.0
122.0,122,540,306.00220873267284,546.6190132695817,7.755538950942392,1.0,1.0
122.0,122,543,904.5679543363124,400.4486981485303,11.185422719499034,3.0,1.0
122.0,122,546,1040.0638931441567,831.8288805821319,9.77136677757192,2.0,0.9999999999999999
122.0,122,547,495.5812914647889,253.75771104960376,7.755538950942392,1.0,1.0
122.0,122,548,891.5693420609149,446.32774215024426,12.311150689306299,4.0,0.9999999999999999
122.0,122,551,1248.4739491044975,764.899464601861,7.755538950942392,1.0,1.0
122.0,122,555,155.35085166573856,191.5552623758822,12.311150689306299,4.0,1.0
122.0,122,556,267.15537169450664,470.650252790314,7.755538950942392,1.0,1.0
122.0,122,557,601.2248383363825,319.23603874124655,12.311150689306299,4.0,0.9999999999999999
122.0,122,559,1073.5923812555127,79.74360735451185,7.755538950942392,1.0,1.0
122.0,122,561,1315.448452141628,886.8731239680877,7.755538950942392,1.0,1.0
122.0,122,562,183.68498160181116,232.88987191209512,11.185422719499032,3.0,1.0
122.0,122,563,442.5578745349862,412.5695629542188,7.755538950942392,1.0,0.9999999999999999
122.0,122,564,353.16024960733165,459.68588628398044,11.185422719499032,3.0,1.0
122.0,122,565,1212.2280159913425,753.4405646730031,9.771366777571922,2.0,1.0
122.0,122,568,1109.0076642233848,160.29256517752736,9.771366777571922,2.0,1.0
122.0,122,569,329.84495486139167,342.97839303677273,7.755538950942392,1.0,1.0
122.0,122,570,1314.319713367148,557.2051269927761,11.185422719499034,3.0,1.0
122.0,122,573,484.46824244819885,962.4618243090208,7.755538950942392,1.0,1.0
122.0,122,574,184.51358285582012,797.4140511624481,7.755538950942392,1.0,1.0
122.0,122,575,671.9775226382676,683.3208373128339,7.755538950942392,1.0,1.0
122.0,122,576,820.0530872501416,158.0846710838695,7.755538950942392,1.0,1.0
122.0,122,579,546.0596751037206,270.15446579792683,7.755538950942392,1.0,1.0
122.0,122,581,604.3231939907877,828.4032835553827,13.261785059625714,5.0,1.0
122.0,122,582,560.4495659050996,282.31713452700393,9.77136677757192,2.0,1.0
122.0,122,583,1225.3158770444718,255.00529104376045,11.185422719499034,3.0,1.0
122.0,122,584,1083.4732404427195,778.5668539611731,7.755538950942392,1.0,1.0
122.0,122,586,388.581292957553,1.305471454033459,7.755538950942392,1.0,1.0
122.0,122,587,1069.0238898670257,822.3765546147135,9.77136677757192,2.0,1.0
122.0,122,592,881.8469317232946,304.98532127809693,9.77136677757192,2.0,1.0
122.0,122,593,685.4257915805819,792.0228787526702,9.77136677757192,2.0,1.0
122.0,122,594,529.693689192817,898.0210356786077,11.185422719499034,3.0,1.0
122.0,122,598,595.510114605181,449.26572235589794,11.185422719499032,3.0,0.9999999999999999
122.0,122,600,535.9158287707373,531.3501705114102,12.311150689306297,4.0,1.0
122.0,122,602,161.6917845417826,314.62416216162615,7.755538950942392,1.0,1.0
122.0,122,605,792.6276530089028,37.948677363238694,14.835812298463564,7.0,0.9999999999999999
122.0,122,606,1218.1385169198472,632.6530943404779,9.771366777571922,2.0,1.0
122.0,122,607,1159.2990511941705,175.14435841186273,12.311150689306297,4.0,0.9999999999999999
122.0,122,608,937.472673151621,704.6073074352724,9.771366777571922,2.0,0.9999999999999999
122.0,122,609,996.5064877764624,856.3107253621364,7.755538950942392,1.0,1.0
122.0,122,612,349.3218453848693,315.60577330175767,14.09274953626919,6.0,0.9999999999999999
122.0,122,613,1258.9079183134643,726.2909718329043,7.755538950942392,1.0,1.0
122.0,122,614,399.54598935366295,767.2714203678895,12.311150689306299,4.0,0.9999999999999999
122.0,122,619,637.8421273571948,250.78749841601024,7.755538950942392,1.0,1.0
122.0,122,621,179.39016420957412,40.61650882076338,7.755538950942392,1.0,0.9999999999999999
122.0,122,622,262.11728456459144,43.97304095285243,7.755538950942392,1.0,1.0
122.0,122,625,577.5894815544414,744.0751147910681,7.755538950942392,1.0,1.0
122.0,122,626,900.2905100065105,176.85797668737618,7.755538950942392,1.0,0.9999999999999999
122.0,122,627,1254.472073578106,19.785032362858676,14.09274953626919,6.0,1.0
122.0,122,629,803.3651380962215,884.5957153084141,11.185422719499032,3.0,1.0
122.0,122,632,403.5072177862458,710.147379102633,9.771366777571922,2.0,1.0
122.0,122,633,1110.132598106591,86.78214129236027,9.77136677757192,2.0,1.0
122.0,122,636,675.4207944181062,931.8891458759744,12.311150689306299,4.0,1.0
122.0,122,638,77.14995675926762,229.58161367773874,7.755538950942392,1.0,1.0
122.0,122,640,41.96694196380606,451.54462046671307,7.755538950942392,1.0,1.0
122.0,122,641,155.86323639140045,923.9503031502978,7.755538950942392,1.0,0.9999999999999999
122.0,122,646,375.3334162784171,889.5129086177398,13.261785059625714,5.0,1.0
122.0,122,647,175.81883585115656,283.84060677206986,9.771366777571922,2.0,1.0
122.0,122,649,1116.9163641641067,115.80291712870007,9.77136677757192,2.0,1.0
122.0,122,654,1295.2830625764548,122.16692990575679,11.185422719499034,3.0,1.0
122.0,122,655,580.2669043397276,700.3540255687274,7.755538950942392,1.0,1.0
122.0,122,658,572.7994850209519,343.4470528864355,14.092749536269185,6.0,1.0
122.0,122,659,1296.0132903026517,963.5367444930922,9.771366777571922,2.0,0.9999999999999999
122.0,122,662,1132.2389081529602,966.3347188030991,7.755538950942392,1.0,1.0
122.0,122,665,1034.7982851649308,109.34688838478685,11.185422719499032,3.0,1.0
122.0,122,666,1227.6001924227724,1001.9557661225239,13.261785059625714,5.0,1.0
122.0,122,667,191.56194074448968,89.44020253926428,7.755538950942392,1.0,1.0
122.0,122,668,238.2824571749244,950.7362251781465,7.755538950942392,1.0,1.0
122.0,122,671,1030.6262931284898,86.74670697948075,7.755538950942392,1.0,1.0
122.0,122,672,803.8419005283781,983.4318261164253,7.755538950942392,1.0,1.0
122.0,122,674,1061.1769390782435,639.5205808659379,7.755538950942392,1.0,1.0
122.0,122,675,387.44393483812587,497.47122403999373,7.755538950942392,1.0,1.0
122.0,122,680,875.0223843373191,592.2155677888044,7.755538950942392,1.0,1.0
122.0,122,682,1218.5546913553035,80.6651191675792,7.755538950942392,1.0,1.0
122.0,122,684,1308.1860112701509,944.8986465964232,11.185422719499034,3.0,1.0
122.0,122,687,1206.2223727517496,284.59684047310236,12.311150689306297,4.0,1.0
122.0,122,688,236.72479425392353,486.88521916997206,7.755538950942392,1.0,1.0
122.0,122,689,435.7945351932521,613.3166750589193,7.755538950942392,1.0,1.0
122.0,122,694,1110.5204667799624,876.8400497192805,7.755538950942392,1.0,1.0
122.0,122,698,669.6773127443098,96.53966580918119,9.771366777571922,2.0,1.0
122.0,122,700,445.8510367338704,506.80605359440216,11.185422719499032,3.0,1.0
122.0,122,702,694.8118883552175,38.51023920544051,7.755538950942392,1.0,1.0
122.0,122,704,140.13420607786446,253.5092552313724,9.771366777571922,2.0,1.0
122.0,122,705,410.26816178663444,418.81401966213116,11.185422719499034,3.0,1.0
122.0,122,706,303.8408523918787,204.7051845693093,11.185422719499032,3.0,1.0
122.0,122,707,256.4466840747108,252.34032289084553,11.185422719499032,3.0,1.0
122.0,122,710,813.5836609853022,673.7460371054582,9.771366777571922,2.0,0.9999999999999999
122.0,122,717,519.1126997616801,656.0411406437017,14.09274953626919,6.0,1.0
122.0,122,718,432.8525108074351,160.4908311782081,9.771366777571922,2.0,0.9999999999999999
122.0,122,720,637.9024561139365,831.2107484490543,9.77136677757192,2.0,1.0
122.0,122,722,1006.1309456519928,784.0461533609024,13.261785059625714,5.0,0.9999999999999999
122.0,122,723,433.60208807116237,593.3876338180174,11.185422719499032,3.0,1.0
122.0,122,724,892.6286483875525,622.8208615211937,7.755538950942392,1.0,1.0
122.0,122,726,1267.3333993846084,55.743076280635314,9.771366777571922,2.0,1.0
122.0,122,728,1031.2008916110128,391.8200704141505,7.755538950942392,1.0,1.0
122.0,122,729,565.3801629880832,98.45711819915233,9.771366777571922,2.0,1.0
122.0,122,730,687.5113747157503,462.8895763175093,9.77136677757192,2.0,1.0
122.0,122,732,508.95172389726866,152.29013641609586,11.185422719499032,3.0,1.0
122.0,122,733,238.34154758149276,290.7013439825719,12.311150689306297,4.0,1.0
122.0,122,734,1338.0098634619403,21.6026014577988,7.755538950942392,1.0,0.9999999999999999
122.0,122,735,720.9718906464308,7.92559191135753,7.755538950942392,1.0,1.0
122.0,122,737,1095.1825681593637,491.2363964000761,13.26178505962571,5.0,1.0
122.0,122,740,1235.2214667773133,956.7091922749627,7.755538950942392,1.0,1.0
122.0,122,746,1275.9028418344853,389.2903384530855,9.77136677757192,2.0,1.0
122.0,122,747,635.4366201740323,743.1296404519778,11.185422719499034,3.0,0.9999999999999999
122.0,122,750,787.0325456825653,248.5479337002632,9.77136677757192,2.0,0.9999999999999999
122.0,122,752,1303.755127307071,702.4943928145973,9.771366777571922,2.0,1.0
122.0,122,753,641.6487632302791,478.5627308575721,9.771366777571922,2.0,1.0
122.0,122,754,549.80037716133,721.4431660696794,7.755538950942392,1.0,1.0
122.0,122,755,940.4574547703672,135.26538554480604,9.771366777571922,2.0,1.0
122.0,122,757,772.0304626753225,488.50966673182876,11.185422719499034,3.0,1.0
122.0,122,758,645.8141257219025,407.93585652126,9.77136677757192,2.0,1.0
122.0,122,759,49.52576897551781,617.6670286742226,11.185422719499032,3.0,1.0
122.0,122,760,156.3772994826061,1020.8326640299464,11.185422719499034,3.0,1.0
122.0,122,762,988.1180986605522,44.79105467742089,11.185422719499032,3.0,1.0
122.0,122,764,215.95913877942453,667.8581061592927,7.755538950942392,1.0,1.0
122.0,122,765,724.9687013144909,469.57259286662827,11.185422719499034,3.0,1.0
122.0,122,766,361.93254049792654,5.837761512813014,9.77136677757192,2.0,1.0
122.0,122,767,359.18140631019986,601.4225372688651,7.755538950942392,1.0,1.0
122.0,122,768,716.520232926896,642.4184017373609,14.835812298463562,7.0,1.0
122.0,122,769,10.391553449905622,688.7588540945541,12.311150689306299,4.0,0.9999999999999999
122.0,122,772,1031.4251267608695,913.0159357850672,7.755538950942392,1.0,1.0
122.0,122,773,925.5295890656155,648.8194854563543,7.755538950942392,1.0,1.0
122.0,122,774,66.36074373314345,844.7168167440328,11.185422719499034,3.0,1.0
122.0,122,776,1078.2646665996958,146.87733489342023,11.185422719499034,3.0,0.9999999999999999
122.0,122,777,390.9060036214776,334.1965606613702,7.755538950942392,1.0,1.0
122.0,122,780,235.36598895067857,690.0784401151521,11.185422719499032,3.0,1.0
122.0,122,781,427.0904950722778,198.4457136120664,7.755538950942392,1.0,1.0
122.0,122,782,147.75173070391838,568.4336592787231,11.185422719499032,3.0,1.0
122.0,122,783,169.76395737187505,701.0245173172423,14.09274953626919,6.0,0.9999999999999999
122.0,122,786,481.9087976905483,832.6309187145629,7.755538950942392,1.0,1.0
122.0,122,787,742.614833948529,855.9762734901362,11.185422719499032,3.0,0.9999999999999999
122.0,122,788,1127.4570613926885,400.06092360661756,7.755538950942392,1.0,0.9999999999999999
122.0,122,789,392.12402944998286,970.4839973512637,12.311150689306299,4.0,0.9999999999999999
122.0,122,790,708.5934681573233,915.9388710668973,11.185422719499034,3.0,1.0
122.0,122,791,922.3503860989714,948.5712277005614,12.311150689306299,4.0,1.0
122.0,122,792,566.6902711284002,772.2815743334147,15.511077901884784,8.0,0.9999999999999999
122.0,122,795,236.80329648542147,837.1892761201058,11.185422719499032,3.0,0.9999999999999999
122.0,122,796,239.1430915609523,318.1035924456082,7.755538950942392,1.0,1.0
122.0,122,798,1024.5969278376474,460.56824144980163,7.755538950942392,1.0,1.0
122.0,122,799,39.24199800315483,201.55353972673305,7.755538950942392,1.0,1.0
122.0,122,800,347.0760996515228,725.3133912724719,9.77136677757192,2.0,1.0
122.0,122,801,1235.5862702162551,96.05526452429606,7.755538950942392,1.0,1.0
122.0,122,805,717.1257427051868,976.8238071991178,9.77136677757192,2.0,1.0
122.0,122,806,381.19093102818624,682.4586358475559,9.771366777571922,2.0,1.0
122.0,122,809,1194.2402029093205,470.27446643357524,9.77136677757192,2.0,1.0
122.0,122,810,1052.1685079714186,149.021563049128,9.77136677757192,2.0,1.0
122.0,122,811,820.1380022434153,552.0045135527965,16.132171110904203,9.0,1.0
122.0,122,812,48.21690648869122,412.57403464624423,7.755538950942392,1.0,1.0
122.0,122,815,470.91496405762393,567.3154242485224,9.77136677757192,2.0,1.0
122.0,122,817,1191.2919345721118,731.123508008212,9.77136677757192,2.0,0.9999999999999999
122.0,122,818,276.16062945901297,1015.1737006171375,7.755538950942392,1.0,1.0
122.0,122,819,1024.3310775430637,944.2435509647001,7.755538950942392,1.0,1.0
122.0,122,820,1108.3854094565327,577.8168272676115,7.755538950942392,1.0,0.9999999999999999
122.0,122,821,1309.142678719244,37.25011607451832,13.261785059625714,5.0,1.0
122.0,122,823,467.7866384025379,691.0582238362305,7.755538950942392,1.0,1.0
122.0,122,826,979.057793302623,832.2118181247783,9.771366777571922,2.0,1.0
122.0,122,828,149.28555985779437,817.1238732149093,9.77136677757192,2.0,1.0
122.0,122,829,780.6105799402931,142.51561429503366,9.77136677757192,2.0,1.0
122.0,122,830,435.5304555589545,750.2205117837067,9.771366777571922,2.0,1.0
122.0,122,831,834.5846192683586,612.9583878448276,9.771366777571922,2.0,1.0
122.0,122,832,1043.6916920259341,465.30234779053654,11.185422719499034,3.0,1.0
122.0,122,833,450.85597736311365,325.94543078666584,12.311150689306299,4.0,1.0
122.0,122,837,950.5878606225446,637.3798239177139,11.185422719499034,3.0,1.0
122.0,122,838,301.61019532822843,312.3378699343862,7.755538950942392,1.0,0.9999999999999999
122.0,122,839,965.937306014067,93.18056880341261,7.755538950942392,1.0,1.0
122.0,122,840,746.28354109902,681.3652417858552,7.755538950942392,1.0,1.0
122.0,122,841,896.249190165312,582.210751688911,11.185422719499032,3.0,1.0
122.0,122,842,42.252616908999634,510.00759020427057,7.755538950942392,1.0,0.9999999999999999
122.0,122,843,935.6618904581316,906.2324128610803,7.755538950942392,1.0,1.0
122.0,122,845,1337.0171287312028,623.1284630679128,7.755538950942392,1.0,1.0
122.0,122,846,684.925314161311,436.9787057833392,9.77136677757192,2.0,1.0
122.0,122,848,592.6934628449691,628.2156029885853,13.261785059625714,5.0,1.0
122.0,122,851,1319.1734444446117,656.3313563141119,14.09274953626919,6.0,0.9999999999999999
122.0,122,853,475.613241617421,798.3076418867922,12.311150689306299,4.0,1.0
122.0,122,855,593.3391448028742,600.1656557888642,7.755538950942392,1.0,0.9999999999999999
122.0,122,857,747.9138879654035,889.9037486367242,9.771366777571922,2.0,1.0
122.0,122,859,891.574342202458,776.4545066998917,9.771366777571922,2.0,1.0
122.0,122,861,1001.2816037821377,71.86195771396635,7.755538950942392,1.0,1.0
122.0,122,862,307.1423855318062,576.5397043902267,9.771366777571922,2.0,1.0
122.0,122,865,841.0326363803651,105.05085711959414,7.755538950942392,1.0,1.0
122.0,122,866,934.3147148774993,14.411724049396442,9.77136677757192,2.0,0.9999999999999999
122.0,122,868,1297.8143859839558,808.6141750680245,14.092749536269187,6.0,1.0
122.0,122,869,1325.5047339793632,123.47803266484509,11.185422719499034,3.0,1.0
122.0,122,870,227.96299785281997,183.44376754749408,7.755538950942392,1.0,1.0
122.0,122,871,704.7218323447038,760.8970345735958,13.261785059625714,5.0,0.9999999999999999
122.0,122,872,1044.5480614744185,440.0864904924568,7.755538950942392,1.0,1.0
122.0,122,873,56.53948894824856,395.0303190588247,7.755538950942392,1.0,1.0
122.0,122,877,175.13691715559315,431.407723799251,7.755538950942392,1.0,0.9999999999999999
122.0,122,879,708.4849124751298,331.4816386355658,11.185422719499034,3.0,0.9999999999999999
122.0,122,882,288.9133924421267,637.0934798969613,7.755538950942392,1.0,1.0
122.0,122,883,6.036352217448381,142.37524547358285,9.77136677757192,2.0,1.0
122.0,122,884,657.6094800586932,337.7070703616043,11.185422719499034,3.0,1.0
122.0,122,886,79.87667393228108,652.577817469726,9.77136677757192,2.0,1.0
122.0,122,887,442.5384103216217,237.43773491005516,12.311150689306299,4.0,1.0
122.0,122,890,1269.008429169535,244.3779634740107,11.185422719499032,3.0,0.9999999999999999
122.0,122,892,343.16224075170675,45.654791244664914,7.755538950942392,1.0,1.0
122.0,122,894,1188.5895697029007,0.050573570017389935,11.185422719499034,3.0,1.0
122.0,122,896,233.167329089846,921.4945015923463,7.755538950942392,1.0,0.9999999999999999
122.0,122,897,734.9451067031655,580.9853224957918,9.77136677757192,2.0,0.9999999999999999
122.0,122,898,1071.4861349062442,295.6271911411824,11.185422719499034,3.0,1.0
122.0,122,899,1197.9332078437553,840.4427600751278,13.261785059625714,5.0,0.9999999999999999
122.0,122,901,1061.4739656113607,0.12565033019097882,11.185422719499032,3.0,1.0
122.0,122,903,282.0622041932408,373.6925330595564,16.708802155803774,10.0,1.0
122.0,122,905,711.5397590241847,873.5378908348987,12.311150689306299,4.0,1.0
122.0,122,907,1161.894912136514,918.808455642587,9.771366777571922,2.0,1.0
122.0,122,910,1275.5687150131562,790.6772056744838,9.77136677757192,2.0,1.0
122.0,122,912,427.76730406819314,898.6865757544543,7.755538950942392,1.0,0.9999999999999999
122.0,122,913,307.19155042608867,735.9428539153334,7.755538950942392,1.0,1.0
122.0,122,914,863.7181889013906,374.42544734516207,12.311150689306297,4.0,1.0
122.0,122,915,39.912196373109424,62.54094683410271,7.755538950942392,1.0,1.0
122.0,122,916,835.7954015118856,298.99676875175595,7.755538950942392,1.0,1.0
122.0,122,921,1226.668502192948,472.27118028913077,7.755538950942392,1.0,1.0
122.0,122,924,645.1399352384791,3.6613066627321658,9.77136677757192,2.0,0.9999999999999999
122.0,122,925,906.086488255147,350.3106334864288,12.311150689306299,4.0,1.0
122.0,122,926,236.92249556457827,88.53099795180772,14.092749536269185,6.0,0.9999999999999999
122.0,122,927,1255.8685001026138,84.76928519996113,14.09274953626919,6.0,1.0
122.0,122,932,1282.1193153659115,534.7206262777925,11.185422719499032,3.0,1.0
122.0,122,933,1018.0185314223844,202.94016999662114,7.755538950942392,1.0,1.0
122.0,122,934,310.6218600895393,25.021114208323752,13.261785059625714,5.0,0.9999999999999999
122.0,122,936,532.2675093472126,401.4515284662889,9.77136677757192,2.0,1.0
122.0,122,937,926.2524991985844,1007.4589467995471,9.77136677757192,2.0,1.0
122.0,122,939,1162.7386846029997,135.18411376741076,9.77136677757192,2.0,1.0
122.0,122,941,52.075799864764726,951.24906713878,11.185422719499032,3.0,0.9999999999999999
122.0,122,947,415.582870880917,69.03812179779257,7.755538950942392,1.0,1.0
122.0,122,949,1211.0946587436913,33.46822019897611,11.185422719499032,3.0,1.0
122.0,122,950,385.48548991475855,627.0973261302463,13.261785059625712,5.0,1.0
122.0,122,951,99.45826828751134,322.35166467997607,13.261785059625714,5.0,1.0
122.0,122,952,186.25484651362748,184.2740344676524,7.755538950942392,1.0,1.0
122.0,122,953,588.2411767329567,136.9553247977961,9.77136677757192,2.0,1.0
122.0,122,955,472.601370623232,415.3775872252408,11.185422719499034,3.0,1.0
122.0,122,956,1069.0793893485481,610.8499271946343,9.77136677757192,2.0,1.0
122.0,122,957,265.9376405379645,539.1084886986343,12.311150689306297,4.0,1.0
122.0,122,959,190.06533424065728,904.3990053361954,9.77136677757192,2.0,1.0
122.0,122,961,277.48364157493415,180.39095156170012,9.77136677757192,2.0,1.0
122.0,122,962,1308.7186704422613,854.7173816099195,16.132171110904203,9.0,1.0
122.0,122,963,388.0811190463273,186.24007284872857,9.77136677757192,2.0,0.9999999999999999
122.0,122,965,862.7215558784707,483.98378460471145,7.755538950942392,1.0,1.0
122.0,122,969,438.9812325545188,470.24164327984624,9.77136677757192,2.0,1.0
122.0,122,971,1169.5260639089352,820.6907464031432,7.755538950942392,1.0,1.0
122.0,122,972,494.39060941814375,589.7804308056302,11.185422719499032,3.0,1.0
122.0,122,975,41.58801276404019,725.920732970795,7.755538950942392,1.0,1.0
122.0,122,977,1028.0570451423816,145.97775123016208,7.755538950942392,1.0,0.9999999999999999
122.0,122,980,340.26677278561294,752.5636236238272,9.771366777571922,2.0,1.0
122.0,122,981,986.5044165092686,402.8370707051777,7.755538950942392,1.0,1.0
122.0,122,983,922.2336471885706,528.3714644732607,7.755538950942392,1.0,1.0
122.0,122,985,1249.3545028147853,936.5156134573016,12.311150689306299,4.0,1.0
122.0,122,986,1163.439941999532,777.0185097619706,13.261785059625714,5.0,1.0
122.0,122,987,1171.8848231879074,871.3599548630206,7.755538950942392,1.0,1.0
122.0,122,988,1131.538500893215,606.1333323271014,7.755538950942392,1.0,1.0
122.0,122,989,532.1479832301243,945.3682630703581,12.311150689306297,4.0,1.0
122.0,122,995,36.90969170666859,14.42535405313269,14.092749536269185,6.0,1.0
122.0,122,996,260.8207568465723,855.8506176804465,9.77136677757192,2.0,1.0
122.0,122,998,7.1406361244269005,975.7046884276224,7.755538950942392,1.0,1.0
122.0,122,1000,169.2096180112119,869.2376135430617,9.77136677757192,2.0,0.9999999999999999
126.0,126,1,104.2931621326934,934.4760406068873,7.755538950942392,1.0,1.0
126.0,126,3,953.6491470245903,304.5393608799551,13.261785059625714,5.0,1.0
126.0,126,6,457.4033221857596,100.91756306448772,7.755538950942392,1.0,1.0
126.0,126,8,348.3241914502092,211.28441671418594,16.708802155803774,10.0,0.9999999999999999
126.0,126,9,1072.0793501422158,416.73504678333944,9.77136677757192,2.0,1.0
126.0,126,10,1155.5389282315316,307.0216019750901,7.755538950942392,1.0,1.0
126.0,126,11,852.2386510997643,940.5494174196781,9.77136677757192,2.0,1.0
126.0,126,15,1011.1382391219566,297.98035067133577,7.755538950942392,1.0,1.0
126.0,126,17,198.48662116937547,275.04414802439334,7.755538950942392,1.0,1.0
126.0,126,18,645.8168781136116,651.2764948744305,7.755538950942392,1.0,0.9999999999999999
126.0,126,20,347.69416275192197,967.9875349816044,9.77136677757192,2.0,0.9999999999999999
126.0,126,22,144.3838748648984,464.61876392445737,11.185422719499032,3.0,1.0
126.0,126,23,0.6599770446003179,819.7700063848073,11.185422719499034,3.0,0.9999999999999999
126.0,126,28,904.8954050249426,898.5937700344161,7.755538950942392,1.0,1.0
126.0,126,29,1098.571322419525,7.006225489710768,13.261785059625714,5.0,0.9999999999999999
126.0,126,31,962.6595118111031,153.80130088243303,7.755538950942392,1.0,0.9999999999999999
126.0,126,35,193.56420359036534,745.9473732210425,9.771366777571922,2.0,1.0
126.0,126,37,864.8147252032876,911.9818405489273,9.771366777571922,2.0,0.9999999999999999
126.0,126,38,964.4998160405995,720.8291840802372,7.755538950942392,1.0,1.0
126.0,126,39,1329.779222053925,1004.5749715628268,9.771366777571922,2.0,0.9999999999999999
126.0,126,40,958.8329852286553,929.031720175084,9.77136677757192,2.0,1.0
126.0,126,41,431.9761408376372,283.5391032272649,11.185422719499034,3.0,1.0
126.0,126,43,782.2182090028625,819.4110873872321,7.755538950942392,1.0,0.9999999999999999
126.0,126,44,742.5644807387911,58.236682301977005,12.311150689306299,4.0,1.0
126.0,126,45,884.214782630606,960.8014574581408,7.755538950942392,1.0,1.0
126.0,126,46,1146.1714860829363,354.3199404720077,7.755538950942392,1.0,1.0
126.0,126,51,1322.842536050134,212.726661900278,13.261785059625712,5.0,0.9999999999999999
126.0,126,53,136.3640575447989,116.65722236129088,7.755538950942392,1.0,1.0
126.0,126,55,1247.04144808538,609.0878675933373,7.755538950942392,1.0,1.0
126.0,126,57,1058.606463055601,727.1950742881115,12.311150689306295,4.0,1.0
126.0,126,59,36.75171142138401,141.36128165467548,7.755538950942392,1.0,1.0
126.0,126,60,53.30897179439027,231.73170407366854,9.77136677757192,2.0,1.0
126.0,126,61,883.2291767531786,1000.3886109163134,9.771366777571922,2.0,1.0
126.0,126,62,577.825764146605,2.5847969519661844,7.755538950942392,1.0,1.0
126.0,126,63,1134.030357951637,631.1853455690433,7.755538950942392,1.0,1.0
126.0,126,65,691.6577770474984,833.5284860919066,7.755538950942392,1.0,0.9999999999999999
126.0,126,66,970.3782155585384,1011.4548952819559,9.771366777571922,2.0,1.0
126.0,126,67,1085.3024909208145,255.1147191469374,13.261785059625712,5.0,1.0
126.0,126,68,1246.3043016609467,663.9138350461075,7.755538950942392,1.0,1.0
126.0,126,70,1152.7743396454448,474.1918909335635,7.755538950942392,1.0,0.9999999999999999
126.0,126,71,772.9548793409509,786.3156799734406,11.185422719499034,3.0,1.0
126.0,126,73,533.8844949175112,307.0118824134636,7.755538950942392,1.0,1.0
126.0,126,77,429.9229064981241,835.497710704339,13.261785059625714,5.0,1.0
126.0,126,78,1103.3963068596909,183.50272737223816,7.755538950942392,1.0,1.0
126.0,126,79,827.3402432741982,228.62702381512273,9.77136677757192,2.0,1.0
126.0,126,80,1012.0819323317312,354.6498378965851,7.755538950942392,1.0,1.0
126.0,126,81,618.971156364023,8.254971012234709,11.185422719499034,3.0,0.9999999999999999
126.0,126,83,1187.1092466805799,421.2151310925885,7.755538950942392,1.0,1.0
126.0,126,85,115.1219955373902,794.8277684795161,7.755538950942392,1.0,1.0
126.0,126,86,1029.0091077556042,516.394858299243,9.77136677757192,2.0,1.0
126.0,126,87,698.0457207151768,128.6717348543151,7.755538950942392,1.0,1.0
126.0,126,88,67.90695295731858,498.68978866881434,9.77136677757192,2.0,1.0
126.0,126,90,818.4647565070221,414.93767906164913,7.755538950942392,1.0,1.0
126.0,126,92,1096.0854833553765,695.0580957724621,7.755538950942392,1.0,0.9999999999999999
126.0,126,93,290.24584334361043,282.93842805618584,9.77136677757192,2.0,1.0
126.0,126,94,659.3946282270638,881.7031813852568,12.311150689306299,4.0,1.0
126.0,126,97,940.794038648582,62.40726426830502,12.311150689306297,4.0,1.0
126.0,126,100,372.2702104455586,810.5214896866172,7.755538950942392,1.0,0.9999999999999999
126.0,126,103,214.75895596691086,11.947672313378263,7.755538950942392,1.0,1.0
126.0,126,104,381.243199683217,579.4894488886583,9.771366777571922,2.0,1.0
126.0,126,107,441.5987038449687,136.1486324562167,7.755538950942392,1.0,1.0
126.0,126,110,650.106374892851,617.8531148466919,7.755538950942392,1.0,0.9999999999999999
126.0,126,116,1153.5052239241336,52.4446410438851,11.185422719499032,3.0,0.9999999999999999
126.0,126,118,276.2370788562574,442.69636397671576,9.77136677757192,2.0,1.0
126.0,126,119,1047.0247987446721,564.1348612795017,11.185422719499032,3.0,1.0
126.0,126,121,109.90808111620146,228.35190808064158,14.09274953626919,6.0,1.0
126.0,126,122,855.7314474956745,259.3613465378929,14.835812298463564,7.0,1.0
126.0,126,125,420.1156274993439,996.1330719308414,11.185422719499034,3.0,1.0
126.0,126,126,1.798959352113601,466.9537629705591,7.755538950942392,1.0,0.9999999999999999
126.0,126,129,781.1644654468575,668.5658955268414,7.755538950942392,1.0,1.0
126.0,126,130,1204.537458857738,438.32913084771985,7.755538950942392,1.0,1.0
126.0,126,131,1239.725092211108,306.1395904865999,9.771366777571922,2.0,1.0
126.0,126,132,1293.0481913760075,173.506725708692,13.261785059625714,5.0,1.0
126.0,126,134,118.83780534347576,829.3322144129268,11.185422719499034,3.0,1.0
126.0,126,138,480.7179868395234,1013.9948755411929,7.755538950942392,1.0,1.0
126.0,126,142,1295.1044446485387,291.1830419917563,7.755538950942392,1.0,0.9999999999999999
126.0,126,143,607.4925603845356,110.39227123223175,14.835812298463564,7.0,1.0
126.0,126,144,1276.9503712423905,976.2936159268734,9.77136677757192,2.0,1.0
126.0,126,145,128.15534003805695,866.3645320965657,9.77136677757192,2.0,1.0
126.0,126,146,1062.3603833942225,532.0321318486224,7.755538950942392,1.0,0.9999999999999999
126.0,126,148,550.5095441924929,154.5904011733835,12.311150689306299,4.0,1.0
126.0,126,149,169.00013839056786,978.0338771317229,7.755538950942392,1.0,1.0
126.0,126,150,702.2422948728791,380.19846735556115,12.311150689306299,4.0,1.0
126.0,126,151,467.0116202277077,665.7741391453812,7.755538950942392,1.0,0.9999999999999999
126.0,126,152,1164.473447433597,671.8325360256567,7.755538950942392,1.0,1.0
126.0,126,153,51.05093671715965,556.183521023087,11.185422719499034,3.0,1.0
126.0,126,156,878.1349365505572,808.8307722833582,7.755538950942392,1.0,1.0
126.0,126,163,63.18903295695057,61.48962673089248,7.755538950942392,1.0,1.0
126.0,126,164,360.1519840702324,69.67398089299581,9.771366777571922,2.0,0.9999999999999999
126.0,126,165,140.5042826948501,7.5041676375623645,11.185422719499034,3.0,1.0
126.0,126,166,501.58548413989587,89.12623400792232,12.311150689306297,4.0,0.9999999999999999
126.0,126,170,982.42032315115,682.5149461667717,7.755538950942392,1.0,1.0
126.0,126,172,818.3402495657957,814.8452396719786,7.755538950942392,1.0,1.0
126.0,126,173,1341.5653122535853,64.66773454303375,13.261785059625712,5.0,0.9999999999999999
126.0,126,174,972.0027289743568,748.8459358380544,9.771366777571922,2.0,0.9999999999999999
126.0,126,181,474.3334066654944,937.1388844205525,11.185422719499032,3.0,1.0
126.0,126,186,228.029309347923,616.4423321718775,12.311150689306297,4.0,1.0
126.0,126,187,610.0971522589927,899.7706915171462,7.755538950942392,1.0,1.0
126.0,126,188,593.0922772314865,284.97013776817397,9.771366777571922,2.0,1.0
126.0,126,189,816.4544235471951,922.2517164998148,7.755538950942392,1.0,1.0
126.0,126,191,1071.3191331789978,761.4916837697102,11.185422719499032,3.0,1.0
126.0,126,193,350.3703789428915,106.40054993589949,11.185422719499032,3.0,0.9999999999999999
126.0,126,199,202.10690921051585,542.6267896650181,16.132171110904203,9.0,1.0
126.0,126,201,147.96006296130383,437.1539404205963,9.77136677757192,2.0,1.0
126.0,126,208,1035.939631237559,279.30392539136227,9.77136677757192,2.0,1.0
126.0,126,210,103.980393834898,1004.694256007381,16.132171110904203,9.0,0.9999999999999999
126.0,126,213,479.3163142868208,749.4139181932348,7.755538950942392,1.0,1.0
126.0,126,214,34.89795750551175,247.24793815729385,7.755538950942392,1.0,1.0
126.0,126,215,347.44145227593305,419.71171669840317,12.311150689306297,4.0,1.0
126.0,126,218,675.0968015206014,305.0776571314808,9.77136677757192,2.0,1.0
126.0,126,219,305.85320230712944,94.92737030139857,7.755538950942392,1.0,1.0
126.0,126,220,313.2184135831318,922.8230122012316,12.311150689306299,4.0,0.9999999999999999
126.0,126,221,110.69138319051999,180.79668354986785,13.261785059625714,5.0,1.0
126.0,126,224,561.8141545291084,251.55356965800442,9.771366777571922,2.0,1.0
126.0,126,228,899.6479220432002,26.3286058443352,12.311150689306299,4.0,0.9999999999999999
126.0,126,230,1132.9638436521986,730.4286082585015,7.755538950942392,1.0,1.0
126.0,126,231,739.4735753487956,313.3529547598345,11.185422719499032,3.0,1.0
126.0,126,232,499.16407209554256,235.55032070272838,7.755538950942392,1.0,0.9999999999999999
126.0,126,238,902.1999000091122,860.4240947327568,7.755538950942392,1.0,1.0
126.0,126,241,1222.966686317031,520.7056725562342,12.311150689306297,4.0,1.0
126.0,126,242,742.1651318691653,27.874007091282092,7.755538950942392,1.0,1.0
126.0,126,243,77.72152846226226,690.175595221646,7.755538950942392,1.0,1.0
126.0,126,245,734.5415313646698,803.0508130275822,11.185422719499034,3.0,1.0
126.0,126,247,387.0246563306074,213.67543008253173,7.755538950942392,1.0,1.0
126.0,126,248,464.62028027926726,194.80678110732637,9.77136677757192,2.0,1.0
126.0,126,250,514.0795800531581,803.5179444564934,7.755538950942392,1.0,0.9999999999999999
126.0,126,255,1338.2489691211972,820.0485256234077,9.77136677757192,2.0,1.0
126.0,126,256,927.0075112179372,728.2453002686186,7.755538950942392,1.0,1.0
126.0,126,259,747.3149248351582,166.94172282225196,13.26178505962571,5.0,1.0
126.0,126,260,1087.6307289138279,802.8975213796992,7.755538950942392,1.0,1.0
126.0,126,261,254.3903781680278,428.5297560913761,7.755538950942392,1.0,1.0
126.0,126,262,844.2370978963713,993.2479686746868,11.185422719499034,3.0,1.0
126.0,126,263,97.66683454412825,146.19224900819526,11.185422719499034,3.0,1.0
126.0,126,264,943.6374514336393,816.875599049515,7.755538950942392,1.0,0.9999999999999999
126.0,126,265,9.123091449524846,443.48602234219123,7.755538950942392,1.0,1.0
126.0,126,268,1017.3560187194105,229.1391820875407,7.755538950942392,1.0,1.0
126.0,126,269,106.58951036077755,381.34047085729577,11.185422719499032,3.0,1.0
126.0,126,273,620.5435808188145,587.264637326849,7.755538950942392,1.0,1.0
126.0,126,274,791.3847400157916,847.8476499959565,7.755538950942392,1.0,1.0
126.0,126,275,1174.0971048594156,388.1462071194436,7.755538950942392,1.0,1.0
126.0,126,276,1096.940442225976,524.933986339975,7.755538950942392,1.0,1.0
126.0,126,278,1245.614250469166,356.80938190850026,14.092749536269187,6.0,1.0
126.0,126,279,122.80680787688874,633.6627505960785,13.261785059625714,5.0,1.0
126.0,126,281,1187.1740117926342,543.6793111818789,12.311150689306299,4.0,1.0
126.0,126,283,682.7389332709541,585.1405439809893,14.09274953626919,6.0,1.0
126.0,126,284,82.09096702685905,803.646689112714,7.755538950942392,1.0,1.0
126.0,126,285,859.5434790638292,638.4281395004172,7.755538950942392,1.0,1.0
126.0,126,286,1136.3908389249566,256.3505575392762,7.755538950942392,1.0,1.0
126.0,126,287,103.25537095301961,715.4526979773977,7.755538950942392,1.0,1.0
126.0,126,289,1236.9184482326145,821.583388658464,13.261785059625714,5.0,1.0
126.0,126,291,507.75599395488507,359.7204602680046,9.771366777571922,2.0,1.0
126.0,126,294,625.2388375386838,429.6292477146113,7.755538950942392,1.0,1.0
126.0,126,295,51.84413376899869,756.4366330786935,12.311150689306297,4.0,1.0
126.0,126,300,340.5907200503424,660.35004144278,11.185422719499034,3.0,1.0
126.0,126,301,1114.5393616739755,43.402318255156835,9.77136677757192,2.0,1.0
126.0,126,302,644.9535802419819,983.7396639735235,7.755538950942392,1.0,1.0
126.0,126,304,719.9770345613751,407.87322919017583,7.755538950942392,1.0,1.0
126.0,126,306,156.11398499063603,590.5049222306734,7.755538950942392,1.0,1.0
126.0,126,307,980.0577647225887,489.5605883470915,12.311150689306297,4.0,1.0
126.0,126,309,820.2586148664715,194.39206084650223,7.755538950942392,1.0,0.9999999999999999
126.0,126,314,174.83514055980118,149.91622491183043,7.755538950942392,1.0,1.0
126.0,126,318,1210.51486401582,607.0738549611477,11.185422719499032,3.0,1.0
126.0,126,320,1244.079609841877,113.1704345505878,9.77136677757192,2.0,1.0
126.0,126,322,865.7757300663847,978.0141966285129,9.77136677757192,2.0,1.0
126.0,126,323,74.86038684423636,431.13247981563063,9.77136677757192,2.0,1.0
126.0,126,325,212.0517540740223,931.398163844539,7.755538950942392,1.0,1.0
126.0,126,326,200.07139350502808,478.650322307869,9.77136677757192,2.0,1.0
126.0,126,327,915.103949408732,473.1694841459909,7.755538950942392,1.0,1.0
126.0,126,330,408.9468211892146,860.3014244590565,11.185422719499034,3.0,1.0
126.0,126,331,136.07254507914666,720.1931573569133,15.511077901884784,8.0,1.0
126.0,126,333,619.3354504697012,38.817187390029304,9.77136677757192,2.0,1.0
126.0,126,334,1135.5890396055843,830.2185311496927,7.755538950942392,1.0,1.0
126.0,126,337,595.0421827211848,934.1724384530721,9.77136677757192,2.0,1.0
126.0,126,339,824.1234523013555,89.8010812913343,7.755538950942392,1.0,0.9999999999999999
126.0,126,340,891.7849695686604,663.4370849886863,9.771366777571922,2.0,1.0
126.0,126,341,994.8997032086003,603.8067874955531,13.26178505962571,5.0,1.0
126.0,126,342,875.0521618232243,138.44451454488495,9.77136677757192,2.0,1.0
126.0,126,344,730.7551195509236,357.9060279363035,7.755538950942392,1.0,0.9999999999999999
126.0,126,346,1186.3812506118088,634.1031008509473,7.755538950942392,1.0,1.0
126.0,126,348,406.66686306823334,664.1196982757513,7.755538950942392,1.0,1.0
126.0,126,350,1242.9231570589523,162.80176403842776,9.77136677757192,2.0,1.0
126.0,126,354,478.20623583059245,232.99338338994588,7.755538950942392,1.0,0.9999999999999999
126.0,126,355,97.71619070355,494.47877961285366,7.755538950942392,1.0,1.0
126.0,126,356,679.9154861823998,1018.7176999308289,7.755538950942392,1.0,0.9999999999999999
126.0,126,360,681.6613131933848,334.20221794810453,7.755538950942392,1.0,0.9999999999999999
126.0,126,361,25.90653905935857,632.0222931580954,11.185422719499032,3.0,1.0
126.0,126,362,996.315555281894,703.5429762063349,7.755538950942392,1.0,1.0
126.0,126,363,603.4240579966402,506.4382345654647,7.755538950942392,1.0,0.9999999999999999
126.0,126,364,1332.1785451939527,421.3765126957989,7.755538950942392,1.0,1.0
126.0,126,365,115.89316908827793,74.9892733312768,7.755538950942392,1.0,1.0
126.0,126,366,841.898129526916,160.73337325971443,7.755538950942392,1.0,1.0
126.0,126,367,1187.047391103161,1000.5805097684839,7.755538950942392,1.0,1.0
126.0,126,368,1326.4570325187105,170.51341577006397,14.09274953626919,6.0,1.0
126.0,126,370,33.653947147026564,997.1912851736238,9.771366777571922,2.0,1.0
126.0,126,371,577.7602742297724,425.1814460057433,9.771366777571922,2.0,1.0
126.0,126,373,876.6143366276309,193.70639539818745,7.755538950942392,1.0,0.9999999999999999
126.0,126,374,877.5512330173311,73.6164073992668,12.311150689306299,4.0,1.0
126.0,126,380,852.7822571416837,23.889524799045716,9.771366777571922,2.0,1.0
126.0,126,381,814.9732315430688,330.5011959955388,9.77136677757192,2.0,0.9999999999999999
126.0,126,382,1342.4279660340344,273.7459060974237,12.311150689306297,4.0,1.0
126.0,126,383,932.8257314900984,502.8109688937309,9.771366777571922,2.0,1.0
126.0,126,385,700.1141734542115,544.8984344790443,9.771366777571922,2.0,1.0
126.0,126,387,818.8839320288489,265.6471331603777,9.77136677757192,2.0,0.9999999999999999
126.0,126,388,181.5187178695416,651.6190211088568,7.755538950942392,1.0,1.0
126.0,126,390,364.12536192177663,177.62004695500886,13.261785059625714,5.0,1.0
126.0,126,391,744.0259483315366,499.11793029733275,14.09274953626919,6.0,1.0
126.0,126,393,273.4900619111601,906.7807902140402,7.755538950942392,1.0,1.0
126.0,126,396,1043.6771246942888,354.98316024651325,9.77136677757192,2.0,1.0
126.0,126,399,524.658507785135,613.4361009107243,11.185422719499032,3.0,0.9999999999999999
126.0,126,400,225.49284750312071,376.2731082867259,7.755538950942392,1.0,1.0
126.0,126,403,645.559123962334,542.4818500578727,7.755538950942392,1.0,1.0
126.0,126,405,762.2791629518565,376.2821183809746,12.311150689306297,4.0,1.0
126.0,126,406,255.86316100503794,789.8610497705682,14.092749536269183,6.0,1.0
126.0,126,409,573.7758989728719,872.4317493588761,12.311150689306299,4.0,0.9999999999999999
126.0,126,410,571.562345422886,539.0670518944432,9.771366777571922,2.0,1.0
126.0,126,412,750.9812116181016,642.0162371638927,9.77136677757192,2.0,1.0
126.0,126,414,1210.562443094694,498.97588216742895,11.185422719499034,3.0,1.0
126.0,126,415,1129.5414388316478,694.6726679242549,7.755538950942392,1.0,1.0
126.0,126,416,407.04514928777127,734.613995859836,7.755538950942392,1.0,1.0
126.0,126,417,907.9885591836506,513.7231966134514,11.185422719499034,3.0,1.0
126.0,126,418,539.2201403526186,681.3739955142902,9.77136677757192,2.0,0.9999999999999999
126.0,126,419,335.99427347316197,896.8572760930612,9.771366777571922,2.0,1.0
126.0,126,420,691.9664217434629,966.1037561365409,9.771366777571922,2.0,0.9999999999999999
126.0,126,421,987.0330399450963,335.75887979834187,11.185422719499034,3.0,1.0
126.0,126,422,156.74976456232534,668.5403571357664,7.755538950942392,1.0,0.9999999999999999
126.0,126,428,1061.991330204993,187.06847246118141,9.77136677757192,2.0,0.9999999999999999
126.0,126,431,263.89746036264415,587.7844571607011,7.755538950942392,1.0,1.0
126.0,126,432,355.1777885200902,772.7637181178428,11.185422719499034,3.0,0.9999999999999999
126.0,126,433,286.6230369997973,594.5272494894987,9.77136677757192,2.0,0.9999999999999999
126.0,126,435,887.3455153672463,231.4081566219127,7.755538950942392,1.0,0.9999999999999999
126.0,126,436,299.44055765144213,662.2928540299599,9.77136677757192,2.0,1.0
126.0,126,438,866.541668418228,716.1553342472967,7.755538950942392,1.0,0.9999999999999999
126.0,126,439,525.6319975141537,861.1054087804823,12.311150689306299,4.0,1.0
126.0,126,441,949.5508863981809,431.0810194044896,12.311150689306297,4.0,1.0
126.0,126,442,500.8193846258363,325.1838022525713,7.755538950942392,1.0,0.9999999999999999
126.0,126,443,216.40856747749245,741.5797762750409,7.755538950942392,1.0,1.0
126.0,126,445,1046.55957287411,32.001758379364496,7.755538950942392,1.0,0.9999999999999999
126.0,126,446,326.11520186224715,261.31709232507313,7.755538950942392,1.0,0.9999999999999999
126.0,126,449,1200.2581585843777,127.82653555897983,7.755538950942392,1.0,1.0
126.0,126,451,1335.1044204273542,506.5659955619574,7.755538950942392,1.0,1.0
126.0,126,453,188.57077169130153,1013.6008549190492,7.755538950942392,1.0,1.0
126.0,126,455,852.8861070914096,210.3795635879875,12.311150689306299,4.0,1.0
126.0,126,456,303.3303283693384,808.2734036843818,11.185422719499032,3.0,1.0
126.0,126,459,1305.3308091682673,353.1377263090431,11.185422719499034,3.0,1.0
126.0,126,461,154.429694975983,60.72640374799778,9.77136677757192,2.0,1.0
126.0,126,462,1096.4824204248614,307.49172099644505,7.755538950942392,1.0,1.0
126.0,126,465,798.8097621313892,179.03509436409115,7.755538950942392,1.0,1.0
126.0,126,468,1210.3468794175528,911.2131128544116,11.185422719499032,3.0,1.0
126.0,126,469,1131.099133498682,887.6313618849861,7.755538950942392,1.0,1.0
126.0,126,470,84.54809058229684,407.85202112381967,7.755538950942392,1.0,0.9999999999999999
126.0,126,472,308.84236344167635,133.70745996617111,7.755538950942392,1.0,1.0
126.0,126,473,399.26694780009217,917.6801859389744,7.755538950942392,1.0,1.0
126.0,126,476,483.0093747095468,139.87360299305078,13.261785059625714,5.0,1.0
126.0,126,477,276.5639516118184,933.5954812590664,12.311150689306299,4.0,1.0
126.0,126,479,356.92763860515765,928.4778381877073,7.755538950942392,1.0,1.0
126.0,126,481,589.2546542812422,978.7413577154203,11.185422719499034,3.0,0.9999999999999999
126.0,126,485,1048.4378512563078,680.9086479955199,7.755538950942392,1.0,0.9999999999999999
126.0,126,486,407.2317209060121,128.22873767721998,7.755538950942392,1.0,1.0
126.0,126,487,1067.5642181643668,949.825893039165,14.09274953626919,6.0,1.0
126.0,126,489,660.3249280191154,150.87623508641082,9.77136677757192,2.0,0.9999999999999999
126.0,126,490,454.12820824150117,903.8310373592024,9.77136677757192,2.0,1.0
126.0,126,491,644.4784400001581,753.1129544815249,14.835812298463562,7.0,0.9999999999999999
126.0,126,494,817.4543091911837,764.2776189541323,9.77136677757192,2.0,1.0
126.0,126,496,684.9899948963318,517.4457783019303,9.771366777571922,2.0,1.0
126.0,126,497,1195.0712677972845,775.5924217163349,9.771366777571922,2.0,1.0
126.0,126,498,417.8233624616377,485.9565848022902,7.755538950942392,1.0,0.9999999999999999
126.0,126,500,537.6656668379048,190.15295883938813,7.755538950942392,1.0,1.0
126.0,126,501,517.0739591221682,988.3006830963234,12.311150689306299,4.0,0.9999999999999999
126.0,126,503,544.5379054996777,34.40393340946814,15.511077901884784,8.0,1.0
126.0,126,504,990.1782401173589,202.48041963066262,7.755538950942392,1.0,0.9999999999999999
126.0,126,506,114.87068079254566,748.1227487196143,7.755538950942392,1.0,1.0
126.0,126,507,1339.3830406735526,312.08777768297824,7.755538950942392,1.0,1.0
126.0,126,508,1169.5992231957334,516.7965438543213,12.311150689306299,4.0,1.0
126.0,126,509,1063.3710965543294,861.6352585088305,9.77136677757192,2.0,1.0
126.0,126,510,602.1249723548474,221.5843132277039,13.261785059625714,5.0,0.9999999999999999
126.0,126,511,517.5978657465874,500.5350259632894,9.77136677757192,2.0,1.0
126.0,126,512,196.26084548650877,871.0273930560318,11.185422719499034,3.0,1.0
126.0,126,513,1267.599563446845,585.2431555657404,17.248164218530714,11.0,1.0
126.0,126,516,1218.3342586934843,387.4728230960051,11.185422719499032,3.0,1.0
126.0,126,517,903.7426100317015,837.9360972862225,9.77136677757192,2.0,1.0
126.0,126,518,129.52942187903412,529.4531673718373,12.311150689306299,4.0,1.0
126.0,126,519,825.7350165001307,385.439490924931,14.09274953626919,6.0,0.9999999999999999
126.0,126,520,806.4937740517469,1013.8365629138956,11.185422719499034,3.0,1.0
126.0,126,521,836.8722727643158,48.35693848211357,14.09274953626919,6.0,1.0
126.0,126,522,989.0921029610918,986.8066621695838,7.755538950942392,1.0,1.0
126.0,126,523,970.0129893583165,189.2289883734066,7.755538950942392,1.0,1.0
126.0,126,524,864.5834174297809,879.3022032312856,9.77136677757192,2.0,1.0
126.0,126,529,779.4864272581402,566.5254117129282,7.755538950942392,1.0,0.9999999999999999
126.0,126,530,122.1072187518218,678.3517409479767,9.771366777571922,2.0,0.9999999999999999
126.0,126,533,833.3078061710274,874.1143317680406,11.185422719499034,3.0,0.9999999999999999
126.0,126,535,840.9776101138918,133.14543961928786,7.755538950942392,1.0,1.0
126.0,126,536,345.8865342412429,489.45941784271133,7.755538950942392,1.0,1.0
126.0,126,538,550.3529641312913,452.1114135019523,11.185422719499032,3.0,0.9999999999999999
126.0,126,539,965.4154075103933,227.7942002290893,9.771366777571922,2.0,1.0
126.0,126,540,305.7713373662491,546.858522177073,7.755538950942392,1.0,1.0
126.0,126,543,902.817389848732,401.2234770330148,11.185422719499034,3.0,0.9999999999999999
126.0,126,546,1038.659475043466,833.3269212695415,9.77136677757192,2.0,1.0
126.0,126,547,495.5594537031951,252.91554685892976,7.755538950942392,1.0,0.9999999999999999
126.0,126,548,890.1703980698761,447.7672312552523,12.311150689306299,4.0,1.0
126.0,126,551,1247.902415823227,761.9983334533132,7.755538950942392,1.0,1.0
126.0,126,555,154.5489656391067,189.376345852297,12.311150689306299,4.0,0.9999999999999999
126.0,126,556,264.98983223748377,472.8383106911341,7.755538950942392,1.0,1.0
126.0,126,557,600.380171471126,318.623506693887,12.311150689306299,4.0,1.0
126.0,126,559,1072.3988812474788,79.67461325403191,7.755538950942392,1.0,1.0
126.0,126,561,1314.6329862553628,887.3312550042372,7.755538950942392,1.0,1.0
126.0,126,562,184.32997825404323,233.18205469025298,11.185422719499032,3.0,1.0
126.0,126,563,441.2997701963064,411.89717159152906,7.755538950942392,1.0,1.0
126.0,126,564,352.30659944122823,460.6485786088412,11.185422719499032,3.0,1.0
126.0,126,565,1213.5152138721303,754.7822577345149,9.771366777571922,2.0,1.0
126.0,126,568,1109.938597834239,162.39235872264004,9.771366777571922,2.0,1.0
126.0,126,569,329.1550182259562,339.9121994696199,7.755538950942392,1.0,1.0
126.0,126,570,1313.3223415599398,558.4946087987028,11.185422719499034,3.0,0.9999999999999999
126.0,126,573,484.3143872187924,963.5825852561443,7.755538950942392,1.0,1.0
126.0,126,574,187.57539402566823,795.7835963786436,7.755538950942392,1.0,1.0
126.0,126,575,670.5088992284911,683.3039095447492,7.755538950942392,1.0,0.9999999999999999
126.0,126,576,821.243095508474,157.0687727573046,7.755538950942392,1.0,1.0
126.0,126,579,543.2324826499577,269.4911335409209,7.755538950942392,1.0,1.0
126.0,126,581,606.4330277512228,828.3344426776509,13.261785059625714,5.0,0.9999999999999999
126.0,126,582,559.4468118401837,280.31269797173616,9.77136677757192,2.0,1.0
126.0,126,583,1227.3703386343814,254.5731754795851,11.185422719499034,3.0,0.9999999999999999
126.0,126,584,1083.4520786299026,779.7968200527544,7.755538950942392,1.0,1.0
126.0,126,586,388.55193281213195,1.4789005012260699,7.755538950942392,1.0,1.0
126.0,126,587,1068.8897631809643,826.036439658331,9.77136677757192,2.0,0.9999999999999999
126.0,126,592,882.4925744500828,304.71822941153675,9.77136677757192,2.0,1.0
126.0,126,593,685.9150014097921,792.7465125106374,9.77136677757192,2.0,1.0
126.0,126,594,528.455404363605,896.4902511916976,11.185422719499034,3.0,1.0
126.0,126,598,592.7142385809343,451.6502514229671,11.185422719499032,3.0,1.0
126.0,126,600,534.9924168461836,528.7965220224673,12.311150689306297,4.0,1.0
126.0,126,602,160.13785118788522,317.0335708300016,7.755538950942392,1.0,1.0
126.0,126,605,793.0721387356523,38.246858081910304,14.835812298463564,7.0,1.0
126.0,126,606,1217.0753299255105,633.974443639663,9.771366777571922,2.0,1.0
126.0,126,607,1160.2776563196915,174.2529510130607,12.311150689306297,4.0,0.9999999999999999
126.0,126,608,935.337492817748,705.1310349043054,9.771366777571922,2.0,1.0
126.0,126,609,996.816289302965,855.9005088646768,7.755538950942392,1.0,1.0
126.0,126,612,351.3305494686304,315.4408128087689,14.09274953626919,6.0,1.0
126.0,126,613,1257.968433452804,724.5618655049651,7.755538950942392,1.0,1.0
126.0,126,614,397.3125980462314,766.4560418589474,12.311150689306299,4.0,1.0
126.0,126,619,639.3583369203169,250.00876471313094,7.755538950942392,1.0,1.0
126.0,126,621,179.4765745418375,42.83888175859367,7.755538950942392,1.0,0.9999999999999999
126.0,126,622,262.69451433588756,43.821673455915516,7.755538950942392,1.0,1.0
126.0,126,625,578.0914554385866,744.9014409358269,7.755538950942392,1.0,1.0
126.0,126,626,900.4826215163022,175.44063431461322,7.755538950942392,1.0,1.0
126.0,126,627,1252.3096209816736,21.127197186768697,14.09274953626919,6.0,1.0
126.0,126,629,803.893585273459,882.8504264317604,11.185422719499032,3.0,1.0
126.0,126,632,402.02818765611687,707.2329596061468,9.771366777571922,2.0,1.0
126.0,126,633,1109.5669495701156,84.620108770244,9.77136677757192,2.0,1.0
126.0,126,636,676.2239945610769,931.9924611771991,12.311150689306299,4.0,1.0
126.0,126,638,76.70678246565036,226.7105816415225,7.755538950942392,1.0,1.0
126.0,126,640,40.768269820954124,451.7342291459,7.755538950942392,1.0,1.0
126.0,126,641,156.4782423397579,923.2553802127574,7.755538950942392,1.0,1.0
126.0,126,646,376.0201142489256,890.440980980372,13.261785059625714,5.0,1.0
126.0,126,647,175.35398878410396,282.7865768377479,9.771366777571922,2.0,1.0
126.0,126,649,1117.1211712121324,112.3307656898794,9.77136677757192,2.0,1.0
126.0,126,654,1296.7364085040856,119.35572284000789,11.185422719499034,3.0,0.9999999999999999
126.0,126,655,578.9756656396399,701.5768436711753,7.755538950942392,1.0,1.0
126.0,126,658,572.5844490970402,344.9102606547503,14.835812298463564,7.0,1.0
126.0,126,659,1295.0051401337737,962.4825437254318,9.771366777571922,2.0,1.0
126.0,126,662,1133.1827231436473,968.1019850029992,7.755538950942392,1.0,0.9999999999999999
126.0,126,665,1034.4330855898695,110.3019496366103,11.185422719499032,3.0,1.0
126.0,126,666,1229.4257332800278,1002.3601729222104,13.261785059625714,5.0,1.0
126.0,126,667,191.16582860865768,90.60821222970029,7.755538950942392,1.0,1.0
126.0,126,668,236.6154297727539,952.6062192037994,7.755538950942392,1.0,1.0
126.0,126,671,1028.9404776147958,85.94493943243025,7.755538950942392,1.0,1.0
126.0,126,672,802.7727928535668,983.0447163554747,7.755538950942392,1.0,0.9999999999999999
126.0,126,674,1060.6020781288978,640.7105916756483,7.755538950942392,1.0,1.0
126.0,126,675,387.0809605831029,496.34723652885106,7.755538950942392,1.0,1.0
126.0,126,680,875.7641576395506,589.543691084515,7.755538950942392,1.0,1.0
126.0,126,682,1218.057690542859,83.50444072582366,7.755538950942392,1.0,1.0
126.0,126,684,1307.1201716262876,941.6329134166044,11.185422719499034,3.0,1.0
126.0,126,687,1206.1918754037174,284.30822412309084,12.311150689306297,4.0,1.0
126.0,126,688,236.20474672263043,488.2405970787738,7.755538950942392,1.0,1.0
126.0,126,689,436.0250530873371,615.0844200792332,7.755538950942392,1.0,1.0
126.0,126,694,1109.2361881642119,877.1717363054149,7.755538950942392,1.0,1.0
126.0,126,698,672.6790489305782,97.35314549429344,9.771366777571922,2.0,1.0
126.0,126,700,444.99001595421447,510.12702040159303,11.185422719499032,3.0,1.0
126.0,126,702,693.5497687059556,35.69358418456026,7.755538950942392,1.0,1.0
126.0,126,704,139.84955649142293,254.16459934814898,9.771366777571922,2.0,1.0
126.0,126,705,409.5905664206483,418.48183376501515,11.185422719499034,3.0,1.0
126.0,126,706,302.7325817179178,203.56293861855886,11.185422719499032,3.0,1.0
126.0,126,707,254.4200550712802,250.47762773862044,11.185422719499032,3.0,1.0
126.0,126,710,814.3363138436181,675.1557594773042,9.771366777571922,2.0,1.0
126.0,126,717,515.8195800918917,654.5308448838922,14.09274953626919,6.0,1.0
126.0,126,718,431.5313637830611,158.4984594661714,9.771366777571922,2.0,1.0
126.0,126,720,636.7158019041102,830.4926379563866,9.77136677757192,2.0,1.0
126.0,126,722,1007.6375538286349,786.1068290986414,13.261785059625714,5.0,1.0
126.0,126,723,431.83772212648887,592.8124116194477,11.185422719499032,3.0,1.0
126.0,126,724,891.4578399817401,621.859055240967,7.755538950942392,1.0,0.9999999999999999
126.0,126,726,1269.149713606597,54.438246072478165,9.771366777571922,2.0,1.0
126.0,126,728,1030.760652808171,392.84235189063133,7.755538950942392,1.0,1.0
126.0,126,729,565.4203356940906,97.08818232197345,9.771366777571922,2.0,1.0
126.0,126,730,688.254070227642,465.32941895094774,9.77136677757192,2.0,1.0
126.0,126,732,507.7224947500498,151.6847781275243,11.185422719499032,3.0,1.0
126.0,126,733,238.267024929669,291.6299651105054,12.311150689306297,4.0,1.0
126.0,126,734,1336.2073955728995,22.36635161677536,7.755538950942392,1.0,1.0
126.0,126,735,719.9633394273362,6.977502417454961,7.755538950942392,1.0,1.0
126.0,126,737,1096.8763763674474,490.20807119998904,13.26178505962571,5.0,0.9999999999999999
126.0,126,740,1234.244197885317,958.180243739608,7.755538950942392,1.0,1.0
126.0,126,746,1272.4566283322638,389.1527010708986,9.77136677757192,2.0,1.0
126.0,126,750,787.7039762995746,248.90798531343623,9.77136677757192,2.0,0.9999999999999999
126.0,126,752,1301.407704443722,702.3214264747315,9.771366777571922,2.0,1.0
126.0,126,753,642.0896421118873,478.32175338016447,9.771366777571922,2.0,1.0
126.0,126,754,551.3573649991383,720.3786225141375,7.755538950942392,1.0,1.0
126.0,126,755,937.867091523262,135.9847566932422,9.771366777571922,2.0,1.0
126.0,126,757,768.6807334855948,490.1647302314596,11.185422719499034,3.0,1.0
126.0,126,758,646.2435042552074,409.2806156442004,9.77136677757192,2.0,1.0
126.0,126,759,50.83563208106963,618.0346811940827,11.185422719499032,3.0,1.0
126.0,126,760,154.55305668617473,1021.8236348996148,11.185422719499034,3.0,1.0
126.0,126,762,990.418884721043,44.63717415142061,11.185422719499032,3.0,1.0
126.0,126,764,217.32359028052613,668.7117523398839,7.755538950942392,1.0,1.0
126.0,126,765,725.674696394275,466.6736882197659,11.185422719499034,3.0,1.0
126.0,126,766,361.2566113697077,2.303040589134551,9.77136677757192,2.0,1.0
126.0,126,767,357.8007403002846,601.4075568389322,7.755538950942392,1.0,0.9999999999999999
126.0,126,768,715.2399812954924,640.9351762464679,15.511077901884784,8.0,1.0
126.0,126,769,9.494197581653781,690.566584104908,12.311150689306299,4.0,1.0
126.0,126,772,1030.1941540257474,911.3400277858699,7.755538950942392,1.0,1.0
126.0,126,773,925.8859616842174,648.6159043951126,9.771366777571922,2.0,1.0
126.0,126,774,65.83218073601407,844.1882836443884,11.185422719499034,3.0,1.0
126.0,126,776,1079.4867799079052,144.6530422832857,12.311150689306299,4.0,0.9999999999999999
126.0,126,777,389.2638870085273,335.0229494128332,7.755538950942392,1.0,1.0
126.0,126,780,234.2196240612983,689.485092666567,11.185422719499032,3.0,1.0
126.0,126,781,427.9091190946894,199.43563929388688,7.755538950942392,1.0,1.0
126.0,126,782,151.17066858656244,569.5786185818217,11.185422719499032,3.0,1.0
126.0,126,783,166.0841514707571,702.4302198313451,14.09274953626919,6.0,0.9999999999999999
126.0,126,786,481.24577600990034,831.5154548008421,7.755538950942392,1.0,1.0
126.0,126,787,740.7889518535993,857.3999737031874,11.185422719499032,3.0,0.9999999999999999
126.0,126,788,1130.4990974952582,399.63744378510916,7.755538950942392,1.0,1.0
126.0,126,789,392.7472092150882,971.1336583678573,12.311150689306299,4.0,1.0
126.0,126,790,706.8186191591,915.4931519784277,11.185422719499034,3.0,1.0
126.0,126,791,921.4145188444355,950.4828997059324,12.311150689306299,4.0,1.0
126.0,126,792,567.192295582064,772.2597842367611,15.511077901884784,8.0,1.0
126.0,126,795,235.85685742478174,835.395292624706,11.185422719499032,3.0,1.0
126.0,126,796,241.8962465377749,318.0522493956922,7.755538950942392,1.0,1.0
126.0,126,799,39.61647148220152,200.52209613713592,7.755538950942392,1.0,1.0
126.0,126,800,346.6569010377315,725.1590603170307,9.77136677757192,2.0,0.9999999999999999
126.0,126,805,716.7109372503572,977.503082985491,9.77136677757192,2.0,1.0
126.0,126,806,379.9707434663082,681.5536548853402,9.771366777571922,2.0,1.0
126.0,126,809,1195.5545714161235,471.63980275548266,9.77136677757192,2.0,1.0
126.0,126,810,1052.9753918923257,149.49217410489015,9.77136677757192,2.0,1.0
126.0,126,811,821.2281920404354,553.8840054479383,16.132171110904203,9.0,1.0
126.0,126,812,49.26512787672766,411.4873783556019,7.755538950942392,1.0,0.9999999999999999
126.0,126,815,473.1940829674163,566.6459754176956,9.77136677757192,2.0,0.9999999999999999
126.0,126,817,1188.9379348617306,728.4567727392699,9.77136677757192,2.0,1.0
126.0,126,818,275.4529327271677,1017.0143634535566,7.755538950942392,1.0,1.0
126.0,126,819,1026.7818278706673,946.3158845461652,7.755538950942392,1.0,1.0
126.0,126,820,1106.391146228794,578.2449701924986,7.755538950942392,1.0,1.0
126.0,126,821,1309.713000306885,38.084043471191464,13.261785059625714,5.0,1.0
126.0,126,823,467.6028413690727,689.001756997879,7.755538950942392,1.0,1.0
126.0,126,826,980.0846365202459,831.5364011221894,9.771366777571922,2.0,1.0
126.0,126,828,147.74089752805793,816.1589289036104,9.77136677757192,2.0,0.9999999999999999
126.0,126,829,781.9617886917348,141.02169129863756,9.77136677757192,2.0,1.0
126.0,126,830,435.399094374202,749.3714635155061,9.771366777571922,2.0,1.0
126.0,126,831,833.8076890889548,610.3773842682502,9.771366777571922,2.0,1.0
126.0,126,832,1038.3603371857819,462.6643603373234,12.311150689306297,4.0,1.0
126.0,126,833,450.9906747880198,328.0924930949259,12.311150689306299,4.0,1.0
126.0,126,837,950.2030229187741,638.9874551180577,11.185422719499034,3.0,1.0
126.0,126,838,300.98394271844387,312.3595922874105,7.755538950942392,1.0,1.0
126.0,126,839,965.8637761829015,90.93275089584034,7.755538950942392,1.0,1.0
126.0,126,840,748.0342444226095,682.3222250419095,7.755538950942392,1.0,1.0
126.0,126,841,896.1082388521538,581.784750944675,11.185422719499032,3.0,1.0
126.0,126,842,40.62600477714792,512.021677387105,7.755538950942392,1.0,1.0
126.0,126,843,935.6821139190541,906.2944312712727,7.755538950942392,1.0,1.0
126.0,126,845,1336.2617282122737,622.5034618746622,7.755538950942392,1.0,1.0
126.0,126,846,685.8273845276883,438.6145343450044,9.77136677757192,2.0,1.0
126.0,126,848,592.5301134765674,627.8695455156831,13.261785059625714,5.0,1.0
126.0,126,851,1320.0821675446746,658.5976105062161,14.09274953626919,6.0,1.0
126.0,126,853,474.7368548947529,799.9732889468713,12.311150689306299,4.0,1.0
126.0,126,855,591.4125554946908,600.4848824920842,7.755538950942392,1.0,1.0
126.0,126,857,746.9859247416891,890.585387133981,9.771366777571922,2.0,1.0
126.0,126,859,890.1296415696835,776.5206450185345,9.771366777571922,2.0,1.0
126.0,126,861,1000.0756108453721,70.07032274008857,7.755538950942392,1.0,0.9999999999999999
126.0,126,862,307.32767702840766,576.8107035063996,9.771366777571922,2.0,1.0
126.0,126,865,840.7938821162132,104.95724016426112,7.755538950942392,1.0,1.0
126.0,126,866,934.0777195985956,12.747811576384272,9.77136677757192,2.0,0.9999999999999999
126.0,126,868,1298.4764015167657,807.1266890318198,14.092749536269187,6.0,1.0
126.0,126,869,1327.1306476749155,123.37027747931809,11.185422719499034,3.0,1.0
126.0,126,870,227.95167705651164,181.62161180854991,7.755538950942392,1.0,0.9999999999999999
126.0,126,871,708.2827604437331,761.914939564149,13.261785059625714,5.0,1.0
126.0,126,872,1045.1708971373519,442.6207491997123,7.755538950942392,1.0,1.0
126.0,126,873,59.4794004927388,394.8190905629645,7.755538950942392,1.0,0.9999999999999999
126.0,126,877,175.9827625741933,433.2499209400035,7.755538950942392,1.0,1.0
126.0,126,879,708.5012611310483,330.75202625641043,11.185422719499034,3.0,1.0
126.0,126,882,289.2632105816167,635.103052286467,7.755538950942392,1.0,1.0
126.0,126,883,7.42097053668952,141.27699019155764,9.77136677757192,2.0,0.9999999999999999
126.0,126,884,657.2227872430914,339.7065804485249,11.185422719499034,3.0,1.0
126.0,126,886,81.39300271019489,653.7071402223845,9.77136677757192,2.0,1.0
126.0,126,887,439.79523180139427,238.97636059017628,12.311150689306299,4.0,1.0
126.0,126,890,1268.8679630477152,244.40860029636508,11.185422719499032,3.0,0.9999999999999999
126.0,126,892,343.00084973594454,47.03759316296787,7.755538950942392,1.0,1.0
126.0,126,894,1189.1625664563298,1.9272957645547433,11.185422719499034,3.0,1.0
126.0,126,896,233.23469342120023,922.6904600988578,7.755538950942392,1.0,1.0
126.0,126,897,736.3656530081453,579.506584066267,9.77136677757192,2.0,0.9999999999999999
126.0,126,898,1071.9200953894178,293.67602818910564,11.185422719499034,3.0,1.0
126.0,126,899,1197.6189551083992,839.5293090743397,13.261785059625714,5.0,0.9999999999999999
126.0,126,901,1060.5110318477834,1024.6082704090172,11.185422719499032,3.0,1.0
126.0,126,903,282.1345257210251,374.07106401261655,16.708802155803774,10.0,1.0
126.0,126,905,712.1360405013841,875.442326727924,12.311150689306299,4.0,1.0
126.0,126,907,1163.1869877417264,919.5880004421055,9.771366777571922,2.0,1.0
126.0,126,910,1274.6453812008924,791.0521771932814,9.77136677757192,2.0,1.0
126.0,126,912,429.86876023077565,900.2319387500215,7.755538950942392,1.0,1.0
126.0,126,913,307.3181991222449,736.446499093536,7.755538950942392,1.0,0.9999999999999999
126.0,126,914,863.9075633472568,375.16244420886136,12.311150689306297,4.0,1.0
126.0,126,915,38.5869181591719,63.293583572547,7.755538950942392,1.0,1.0
126.0,126,916,836.0413100771035,298.61311456475437,7.755538950942392,1.0,0.9999999999999999
126.0,126,921,1227.202549907514,471.9820542310966,7.755538950942392,1.0,1.0
126.0,126,924,645.7288465306249,3.751812176141271,9.77136677757192,2.0,1.0
126.0,126,925,906.3745645532712,348.95212602893804,12.311150689306299,4.0,1.0
126.0,126,926,234.1277259093654,88.96407580518557,14.092749536269185,6.0,1.0
126.0,126,927,1251.0666913978591,84.98824971274634,14.835812298463562,7.0,0.9999999999999999
126.0,126,932,1282.99842436772,533.0437513037361,11.185422719499032,3.0,1.0
126.0,126,933,1020.216503509974,201.70639316619793,7.755538950942392,1.0,1.0
126.0,126,934,309.61934438224097,26.504218433263404,14.09274953626919,6.0,1.0
126.0,126,936,531.1318814513844,400.44049779596423,9.77136677757192,2.0,1.0
126.0,126,937,927.6540490149849,1006.0599906675808,9.77136677757192,2.0,1.0
126.0,126,939,1161.7883199822993,134.6504231712537,9.77136677757192,2.0,1.0
126.0,126,941,52.707402795839535,952.9815034376109,11.185422719499032,3.0,1.0
126.0,126,947,417.7351929500505,68.91641391342807,7.755538950942392,1.0,1.0
126.0,126,949,1209.528546272512,33.327415047692746,11.185422719499032,3.0,1.0
126.0,126,950,387.55471543356845,629.3779039600653,13.261785059625712,5.0,1.0
126.0,126,951,98.07531087071516,323.57037477312724,13.261785059625714,5.0,1.0
126.0,126,952,184.41345189088295,183.5325958283854,7.755538950942392,1.0,1.0
126.0,126,953,586.0792931513597,136.01608835276224,9.77136677757192,2.0,1.0
126.0,126,955,472.92630476428053,413.1680185433394,11.185422719499034,3.0,1.0
126.0,126,956,1068.1279725343552,610.9967866799382,9.77136677757192,2.0,1.0
126.0,126,957,266.82183442774027,535.3831092648707,12.311150689306297,4.0,1.0
126.0,126,959,186.77097783183717,904.894877787284,9.77136677757192,2.0,1.0
126.0,126,961,276.87675898196926,179.57650436333844,9.77136677757192,2.0,1.0
126.0,126,962,1308.032768496093,853.8815519813031,16.132171110904203,9.0,1.0
126.0,126,963,386.3490633422116,187.48214122932166,9.77136677757192,2.0,1.0
126.0,126,965,863.8348099179517,483.5279090347747,7.755538950942392,1.0,1.0
126.0,126,969,439.38015263094223,468.91593914760483,9.77136677757192,2.0,1.0
126.0,126,971,1171.1641654397188,821.4752924213082,7.755538950942392,1.0,1.0
126.0,126,972,494.85052357281296,590.7504352079939,11.185422719499032,3.0,1.0
126.0,126,975,39.86537631601526,726.7763257359502,7.755538950942392,1.0,1.0
126.0,126,977,1030.530194965332,145.69749736167984,7.755538950942392,1.0,0.9999999999999999
126.0,126,980,338.8285428714279,751.9418627125515,9.771366777571922,2.0,1.0
126.0,126,981,985.4962977470238,401.72893154601985,7.755538950942392,1.0,1.0
126.0,126,983,920.9604032139172,528.4578838394797,7.755538950942392,1.0,1.0
126.0,126,985,1249.8016093959452,938.8168784258271,12.311150689306299,4.0,0.9999999999999999
126.0,126,986,1162.512266456246,777.9315068168926,13.261785059625714,5.0,1.0
126.0,126,987,1168.7454390738462,871.8978404319447,7.755538950942392,1.0,0.9999999999999999
126.0,126,988,1130.1796722808108,604.6814038536407,7.755538950942392,1.0,1.0
126.0,126,989,531.9324003573604,948.8761373509574,12.311150689306297,4.0,1.0
126.0,126,995,36.9563613805198,15.519080006457505,14.092749536269185,6.0,1.0
126.0,126,996,261.47770964714454,856.4792825404854,9.77136677757192,2.0,1.0
126.0,126,998,4.345515425399684,976.982751916818,7.755538950942392,1.0,1.0
126.0,126,1000,171.263821312769,869.9597472585782,9.77136677757192,2.0,0.9999999999999999
132.0,132,1,104.68383397979383,936.8389275667688,7.755538950942392,1.0,1.0
132.0,132,3,952.8210135157077,301.48050236440895,13.261785059625714,5.0,1.0
132.0,132,6,457.103144829225,101.48564395334537,7.755538950942392,1.0,0.9999999999999999
132.0,132,8,346.8152872324708,211.198561443573,16.708802155803774,10.0,1.0
132.0,132,9,1074.4471487615285,416.87823211540734,9.77136677757192,2.0,1.0
132.0,132,10,1150.6704681004958,305.771734491805,7.755538950942392,1.0,1.0
132.0,132,11,853.9390620827247,943.2067994189308,9.77136677757192,2.0,1.0
132.0,132,15,1010.2731650553758,297.1751715391381,7.755538950942392,1.0,1.0
132.0,132,17,200.73667653986067,274.20648515801406,7.755538950942392,1.0,1.0
132.0,132,18,646.0444493003763,651.5697039951164,7.755538950942392,1.0,1.0
132.0,132,20,348.31615939134264,968.5549039353796,9.77136677757192,2.0,1.0
132.0,132,22,145.0107248707851,464.4069271781475,11.185422719499032,3.0,1.0
132.0,132,23,1339.3483428095158,820.9317947322477,13.261785059625712,5.0,0.9999999999999999
132.0,132,28,908.4651031025477,899.8016317103045,7.755538950942392,1.0,1.0
132.0,132,29,1100.327043645204,6.2174948983872484,13.261785059625714,5.0,1.0
132.0,132,31,961.6663772406991,152.03483005312498,7.755538950942392,1.0,1.0
132.0,132,35,194.35730961696598,746.7009371119597,9.771366777571922,2.0,0.9999999999999999
132.0,132,37,865.5325753886215,913.3021753559052,9.771366777571922,2.0,1.0
132.0,132,38,964.6256807910682,720.7053046227077,7.755538950942392,1.0,1.0
132.0,132,39,1330.4116390113838,1002.3147407893713,9.771366777571922,2.0,1.0
132.0,132,40,960.2681991088762,929.5640612291617,9.77136677757192,2.0,1.0
132.0,132,41,431.72135176414014,284.83016357428676,11.185422719499034,3.0,1.0
132.0,132,43,779.7877423245928,819.443893727092,7.755538950942392,1.0,0.9999999999999999
132.0,132,44,744.2459296830199,57.060228261115256,12.311150689306299,4.0,1.0
132.0,132,45,887.8156990233111,959.2545866512739,7.755538950942392,1.0,0.9999999999999999
132.0,132,46,1146.104540360425,356.9085965900456,7.755538950942392,1.0,1.0
132.0,132,51,1318.8248575700004,211.6426123838797,13.261785059625712,5.0,1.0
132.0,132,53,134.43455787090684,118.20050444371591,7.755538950942392,1.0,0.9999999999999999
132.0,132,55,1246.9851791802078,607.2630764749259,7.755538950942392,1.0,1.0
132.0,132,57,1059.795865736616,723.7731867404807,13.261785059625714,5.0,1.0
132.0,132,59,35.563799656080356,140.4116475392401,7.755538950942392,1.0,1.0
132.0,132,60,52.69062759435305,232.8352706668089,9.77136677757192,2.0,1.0
132.0,132,61,882.1421189483101,1002.6587579828835,9.771366777571922,2.0,1.0
132.0,132,62,577.3813710732986,0.8675469567759745,7.755538950942392,1.0,1.0
132.0,132,63,1133.308658538611,633.2193777025874,7.755538950942392,1.0,1.0
132.0,132,65,692.0267331574687,834.846858739869,7.755538950942392,1.0,0.9999999999999999
132.0,132,66,971.1238269887637,1010.0914893581631,9.771366777571922,2.0,1.0
132.0,132,67,1083.7630147980879,253.76537202367567,13.261785059625712,5.0,0.9999999999999999
132.0,132,68,1245.84092379309,661.7875182930655,7.755538950942392,1.0,1.0
132.0,132,70,1155.1560993312075,477.93252185107406,7.755538950942392,1.0,1.0
132.0,132,71,773.8516024348856,786.574245071807,11.185422719499034,3.0,1.0
132.0,132,73,536.6993734778054,306.2961323905137,7.755538950942392,1.0,1.0
132.0,132,77,429.9933638280737,835.4146737189897,13.261785059625714,5.0,1.0
132.0,132,78,1102.7004150125174,183.347826960883,7.755538950942392,1.0,1.0
132.0,132,79,831.2841307006447,228.43047459403206,9.77136677757192,2.0,0.9999999999999999
132.0,132,80,1011.8718579761556,353.26626162038264,7.755538950942392,1.0,1.0
132.0,132,81,622.4015989156748,8.28530255417228,11.185422719499034,3.0,1.0
132.0,132,83,1189.6754186683995,420.2023418940541,7.755538950942392,1.0,0.9999999999999999
132.0,132,85,115.26480460281651,794.9752633041707,7.755538950942392,1.0,1.0
132.0,132,86,1028.7966064182158,517.6671077277284,9.77136677757192,2.0,1.0
132.0,132,87,697.6751018811403,131.1537355702312,7.755538950942392,1.0,1.0
132.0,132,88,67.39507021488444,496.81862371719103,9.77136677757192,2.0,0.9999999999999999
132.0,132,90,815.5807515994167,414.577924457444,7.755538950942392,1.0,1.0
132.0,132,92,1095.6909743758831,696.7683987286225,7.755538950942392,1.0,1.0
132.0,132,93,287.3368663149741,280.966417058219,9.77136677757192,2.0,1.0
132.0,132,94,660.9655762598481,878.7242335458754,12.311150689306299,4.0,1.0
132.0,132,97,940.2871968567666,66.54981049667354,12.311150689306297,4.0,1.0
132.0,132,100,371.049795075333,813.6695413639327,7.755538950942392,1.0,1.0
132.0,132,103,217.020832335556,12.17475403398427,7.755538950942392,1.0,1.0
132.0,132,104,377.36668641096946,580.1221758873255,9.771366777571922,2.0,1.0
132.0,132,107,442.85486331470355,136.2198951650499,7.755538950942392,1.0,1.0
132.0,132,110,652.2560018829174,618.2304616569296,7.755538950942392,1.0,1.0
132.0,132,116,1155.3504880633782,54.259306968389446,11.185422719499032,3.0,1.0
132.0,132,118,276.66232395700735,442.6861256575705,9.77136677757192,2.0,1.0
132.0,132,119,1045.5835233518933,566.1717455956524,11.185422719499032,3.0,1.0
132.0,132,121,112.00805178704138,230.2707416789074,14.09274953626919,6.0,1.0
132.0,132,122,851.9862895358137,259.25753511290304,14.835812298463564,7.0,1.0
132.0,132,125,419.435975600663,994.7461356120687,12.311150689306299,4.0,1.0
132.0,132,126,1343.0893153022982,468.7195897018897,7.755538950942392,1.0,1.0
132.0,132,129,781.7282283894602,669.0786461904834,7.755538950942392,1.0,1.0
132.0,132,130,1204.3680821677867,440.0198582328168,7.755538950942392,1.0,1.0
132.0,132,131,1241.7660058072854,309.1422650690689,9.771366777571922,2.0,1.0
132.0,132,132,1289.376575590037,173.1143020170264,13.261785059625714,5.0,1.0
132.0,132,134,117.63238997475551,831.8107157447703,11.185422719499034,3.0,1.0
132.0,132,138,479.28852040539283,1015.3976583675185,7.755538950942392,1.0,1.0
132.0,132,142,1295.3882949417832,292.00404326848917,7.755538950942392,1.0,0.9999999999999999
132.0,132,143,607.2756083726048,109.97239173765972,14.835812298463564,7.0,1.0
132.0,132,144,1277.1117371855712,975.7545719191953,9.77136677757192,2.0,1.0
132.0,132,145,126.08661357389894,865.0554443563999,9.77136677757192,2.0,1.0
132.0,132,146,1063.2353386572547,531.9647656427128,7.755538950942392,1.0,0.9999999999999999
132.0,132,148,551.7388623653889,154.50203351892705,12.311150689306299,4.0,1.0
132.0,132,149,169.9057497612107,976.4339567165847,7.755538950942392,1.0,1.0
132.0,132,150,702.3601785694466,378.5289199752854,12.311150689306299,4.0,1.0
132.0,132,151,466.95640020327426,666.3863665690747,7.755538950942392,1.0,1.0
132.0,132,152,1163.4409506421011,669.2251249127503,7.755538950942392,1.0,1.0
132.0,132,153,53.43456039890665,554.8876688898487,11.185422719499034,3.0,1.0
132.0,132,156,877.3644376908723,808.8689876602998,7.755538950942392,1.0,1.0
132.0,132,163,65.84329150478293,60.99412229709079,7.755538950942392,1.0,1.0
132.0,132,164,360.93298094900143,69.8873850940235,9.771366777571922,2.0,1.0
132.0,132,165,139.26317586258025,5.795610891889379,12.311150689306299,4.0,1.0
132.0,132,166,504.1159915108638,88.07570530352258,12.311150689306297,4.0,1.0
132.0,132,170,980.8224599465588,684.0007140703846,7.755538950942392,1.0,0.9999999999999999
132.0,132,172,817.4481571610801,814.2477057963894,7.755538950942392,1.0,0.9999999999999999
132.0,132,173,1341.9046111823288,65.03353913672811,13.261785059625712,5.0,0.9999999999999999
132.0,132,174,972.9548027373429,749.3626889662314,9.771366777571922,2.0,1.0
132.0,132,181,473.8587994521176,938.0598613064051,11.185422719499032,3.0,1.0
132.0,132,186,227.53488337926547,615.9059944972514,12.311150689306297,4.0,1.0
132.0,132,187,608.1768952080383,901.2283082774027,7.755538950942392,1.0,1.0
132.0,132,188,592.9754610060791,284.07668300516883,9.771366777571922,2.0,1.0
132.0,132,189,818.23898931691,919.9483461873473,7.755538950942392,1.0,1.0
132.0,132,191,1070.9872370423584,760.5534162793123,11.185422719499032,3.0,1.0
132.0,132,193,352.54865791632903,108.91044766387392,11.185422719499032,3.0,1.0
132.0,132,199,203.26035524896955,540.9646396499278,16.708802155803774,10.0,0.9999999999999999
132.0,132,201,150.58710009062594,436.30104072033873,9.77136677757192,2.0,0.9999999999999999
132.0,132,208,1035.8917931364797,279.6461666075339,9.77136677757192,2.0,1.0
132.0,132,210,106.02665502786505,1008.0852742567031,16.132171110904203,9.0,0.9999999999999999
132.0,132,213,481.2317093107054,748.9160874693141,7.755538950942392,1.0,1.0
132.0,132,214,32.27680688875611,245.80867672448153,7.755538950942392,1.0,1.0
132.0,132,215,346.95749918864794,421.0048188734467,12.311150689306297,4.0,1.0
132.0,132,218,676.7511326111894,302.78914368905777,9.77136677757192,2.0,0.9999999999999999
132.0,132,219,304.1501552412211,91.38225515969614,7.755538950942392,1.0,1.0
132.0,132,220,314.7379774435408,922.0601549083791,12.311150689306299,4.0,1.0
132.0,132,221,113.2529097606249,183.37481082848186,14.09274953626919,6.0,1.0
132.0,132,224,559.8410689182505,253.13540434407759,9.771366777571922,2.0,0.9999999999999999
132.0,132,228,897.7147712047621,28.686897578243773,12.311150689306299,4.0,1.0
132.0,132,230,1130.5942208078277,730.4794954977086,7.755538950942392,1.0,0.9999999999999999
132.0,132,231,741.6108679868762,314.3323012285756,11.185422719499032,3.0,0.9999999999999999
132.0,132,232,502.8279688918223,234.35500023927844,7.755538950942392,1.0,0.9999999999999999
132.0,132,238,903.2236572233954,860.196261530516,7.755538950942392,1.0,0.9999999999999999
132.0,132,241,1223.2067338431295,520.1220683171381,12.311150689306297,4.0,1.0
132.0,132,242,742.6003944462361,31.319714231253794,7.755538950942392,1.0,1.0
132.0,132,243,80.10924245369756,689.8917780186316,7.755538950942392,1.0,1.0
132.0,132,245,733.7971692976568,803.275381492158,11.185422719499034,3.0,1.0
132.0,132,247,387.36562926218,213.03424792914737,7.755538950942392,1.0,1.0
132.0,132,248,464.50979894989075,195.84596833773534,9.77136677757192,2.0,1.0
132.0,132,250,512.6533365610055,803.6787571779462,7.755538950942392,1.0,1.0
132.0,132,256,926.1708142305339,726.3230425064974,7.755538950942392,1.0,1.0
132.0,132,259,748.4707851268959,170.0250929756312,13.26178505962571,5.0,1.0
132.0,132,260,1089.0374817647255,800.4302197422945,7.755538950942392,1.0,1.0
132.0,132,261,255.26234826672152,428.1718650675833,7.755538950942392,1.0,1.0
132.0,132,262,844.047169825599,991.8193245571961,11.185422719499034,3.0,1.0
132.0,132,263,95.00311568363205,146.2903992215137,12.311150689306299,4.0,1.0
132.0,132,264,945.2024596150219,815.0150014976122,7.755538950942392,1.0,1.0
132.0,132,265,9.886348017137351,442.0776362903825,7.755538950942392,1.0,1.0
132.0,132,268,1015.3182389072108,230.2621975539988,7.755538950942392,1.0,1.0
132.0,132,269,108.70196186617446,384.1835162605073,11.185422719499032,3.0,1.0
132.0,132,273,621.1166830148147,586.3027600553035,7.755538950942392,1.0,1.0
132.0,132,274,789.7773792679847,849.5604002702848,7.755538950942392,1.0,1.0
132.0,132,275,1175.4472001170955,387.69631221120517,7.755538950942392,1.0,1.0
132.0,132,276,1098.579615185318,524.6655165455701,7.755538950942392,1.0,1.0
132.0,132,278,1246.4834391702063,356.5649617111037,14.092749536269187,6.0,1.0
132.0,132,279,123.0568473205636,634.5162234832408,13.261785059625714,5.0,0.9999999999999999
132.0,132,281,1184.769248804089,542.839057684522,12.311150689306299,4.0,1.0
132.0,132,283,683.6003074659601,584.9457565019283,14.09274953626919,6.0,0.9999999999999999
132.0,132,284,84.84406475548627,800.985564242203,7.755538950942392,1.0,1.0
132.0,132,285,857.8141304930231,637.6817130230958,7.755538950942392,1.0,1.0
132.0,132,286,1133.7522396962456,256.9504333295985,7.755538950942392,1.0,1.0
132.0,132,287,101.92331235276382,714.9858944972318,7.755538950942392,1.0,1.0
132.0,132,289,1238.0689168130998,818.4689751331828,13.261785059625714,5.0,1.0
132.0,132,291,508.1470820122583,359.7031520047879,9.771366777571922,2.0,1.0
132.0,132,294,627.5006343741479,427.44528720172036,7.755538950942392,1.0,1.0
132.0,132,295,53.47200975632186,755.5911967821507,12.311150689306297,4.0,1.0
132.0,132,300,339.60918632816475,659.8704185672842,11.185422719499034,3.0,1.0
132.0,132,301,1112.5707527639966,46.5101300199706,9.77136677757192,2.0,1.0
132.0,132,302,646.4359863812509,984.9540688650259,7.755538950942392,1.0,1.0
132.0,132,304,718.0891621021736,407.59548778267236,7.755538950942392,1.0,1.0
132.0,132,307,980.6725125175004,490.4083108932396,12.311150689306297,4.0,1.0
132.0,132,309,818.0399407872728,194.89646044873137,7.755538950942392,1.0,1.0
132.0,132,314,175.59350324394083,150.8024402849169,7.755538950942392,1.0,1.0
132.0,132,318,1210.5222486912012,609.7508859038235,11.185422719499032,3.0,1.0
132.0,132,320,1246.6616058187267,114.30952296382982,9.77136677757192,2.0,1.0
132.0,132,322,865.2441089550647,979.1858508926242,9.77136677757192,2.0,1.0
132.0,132,323,72.87902489790721,434.0076266330483,9.77136677757192,2.0,1.0
132.0,132,325,212.43054320053855,932.319022340645,7.755538950942392,1.0,1.0
132.0,132,326,196.77468025762957,481.4419265397021,9.77136677757192,2.0,1.0
132.0,132,327,915.2842518909354,473.99482833284776,7.755538950942392,1.0,1.0
132.0,132,330,409.25107099108993,858.1591198252198,11.185422719499034,3.0,1.0
132.0,132,331,134.67379892056476,716.8083918119013,15.511077901884784,8.0,0.9999999999999999
132.0,132,333,619.6033574072399,38.29190127514768,9.77136677757192,2.0,1.0
132.0,132,334,1136.193569943998,828.9658598118726,7.755538950942392,1.0,1.0
132.0,132,337,595.2590968889206,933.6509958043105,9.77136677757192,2.0,1.0
132.0,132,339,822.7800214696987,92.14670731590292,7.755538950942392,1.0,1.0
132.0,132,340,891.0714681522427,665.0695468766312,9.771366777571922,2.0,1.0
132.0,132,341,996.729182421787,603.534542902132,13.26178505962571,5.0,1.0
132.0,132,342,875.2223909376901,137.40872508114597,9.77136677757192,2.0,1.0
132.0,132,344,729.1035340815574,356.68616448133315,7.755538950942392,1.0,1.0
132.0,132,346,1185.3240654455958,632.1463920445331,7.755538950942392,1.0,1.0
132.0,132,348,408.1133236164843,667.2449297059776,7.755538950942392,1.0,1.0
132.0,132,350,1242.4755599205826,163.93640725291147,9.77136677757192,2.0,1.0
132.0,132,354,477.06213372403613,234.1343720783838,7.755538950942392,1.0,1.0
132.0,132,355,96.25257518494203,493.2235141418649,7.755538950942392,1.0,1.0
132.0,132,356,679.6155575415784,1019.2843012196017,7.755538950942392,1.0,1.0
132.0,132,360,683.0643811528628,333.2308088338957,7.755538950942392,1.0,1.0
132.0,132,361,25.975341761642376,631.3909971612377,11.185422719499032,3.0,1.0
132.0,132,362,996.0462472061257,702.2178076157363,7.755538950942392,1.0,1.0
132.0,132,363,601.4750645250058,505.8462889857563,7.755538950942392,1.0,1.0
132.0,132,364,1332.8204925527318,421.1825865598559,7.755538950942392,1.0,1.0
132.0,132,365,116.09307458749821,71.24244073282851,7.755538950942392,1.0,1.0
132.0,132,366,842.1797758201898,156.256606389724,7.755538950942392,1.0,0.9999999999999999
132.0,132,367,1183.285723008461,997.8833142330525,7.755538950942392,1.0,1.0
132.0,132,368,1329.108902189097,169.9057429763508,14.09274953626919,6.0,1.0
132.0,132,370,32.73234763709325,999.3946893760815,9.771366777571922,2.0,0.9999999999999999
132.0,132,371,580.0443722059142,425.24610767393796,9.771366777571922,2.0,0.9999999999999999
132.0,132,373,874.5764476112458,194.23430369070763,7.755538950942392,1.0,1.0
132.0,132,374,877.9414798930267,73.84528912618147,12.311150689306299,4.0,1.0
132.0,132,380,852.115130800128,23.009027078221813,9.771366777571922,2.0,1.0
132.0,132,381,818.5013313516,332.1317155096952,9.77136677757192,2.0,1.0
132.0,132,382,1341.9462431370055,274.3263237698717,12.311150689306297,4.0,1.0
132.0,132,383,931.826438416381,502.41324447635856,9.771366777571922,2.0,1.0
132.0,132,385,699.335329448966,546.4940170971153,9.771366777571922,2.0,1.0
132.0,132,387,817.2235329548835,264.30332457898623,9.77136677757192,2.0,1.0
132.0,132,388,179.08255179520557,650.9548145813161,7.755538950942392,1.0,1.0
132.0,132,390,362.6772010778557,177.4611657116709,13.261785059625714,5.0,1.0
132.0,132,391,742.9998569316366,497.2355054029532,14.09274953626919,6.0,1.0
132.0,132,393,272.3737735502126,904.630477746031,7.755538950942392,1.0,1.0
132.0,132,396,1043.285049578675,353.25075626471437,9.77136677757192,2.0,1.0
132.0,132,399,526.7898214689087,611.619738805063,11.185422719499032,3.0,1.0
132.0,132,400,223.79691544667372,376.6210785394334,7.755538950942392,1.0,0.9999999999999999
132.0,132,403,648.2622109179551,541.6618443024012,7.755538950942392,1.0,0.9999999999999999
132.0,132,405,759.6310501606895,377.00184180330064,12.311150689306297,4.0,1.0
132.0,132,406,255.72759614484175,790.0676536359471,14.092749536269183,6.0,1.0
132.0,132,409,574.7910806020071,873.1836135845072,12.311150689306299,4.0,1.0
132.0,132,410,570.7826322839227,535.7810772867148,9.771366777571922,2.0,1.0
132.0,132,412,749.7949955470135,643.8787712168181,9.77136677757192,2.0,1.0
132.0,132,414,1208.4996761152752,500.4705382858281,11.185422719499034,3.0,1.0
132.0,132,415,1131.7435440789222,692.479083856519,7.755538950942392,1.0,0.9999999999999999
132.0,132,416,409.1588788002697,735.2318509886189,7.755538950942392,1.0,1.0
132.0,132,417,907.9809399817243,512.4848614694089,11.185422719499034,3.0,1.0
132.0,132,418,538.8062643326542,682.0288961689791,9.77136677757192,2.0,0.9999999999999999
132.0,132,419,333.6012260817969,895.7245052032612,9.771366777571922,2.0,1.0
132.0,132,420,689.2317162150088,965.0629741033715,9.771366777571922,2.0,1.0
132.0,132,421,985.2292341160681,335.1585383055252,11.185422719499034,3.0,1.0
132.0,132,422,157.08888910207955,669.1001363851913,7.755538950942392,1.0,1.0
132.0,132,428,1061.6119656738788,187.8836874074049,9.77136677757192,2.0,1.0
132.0,132,431,265.8540919496962,590.9917089538721,7.755538950942392,1.0,1.0
132.0,132,432,356.48929697083395,773.5582437656998,11.185422719499034,3.0,1.0
132.0,132,433,286.9765401162533,594.6410234068436,9.77136677757192,2.0,1.0
132.0,132,435,886.7842353951668,228.75752494356513,7.755538950942392,1.0,1.0
132.0,132,436,303.76771796711415,660.7198330565191,9.77136677757192,2.0,1.0
132.0,132,438,870.0437121824756,716.6035481097217,7.755538950942392,1.0,1.0
132.0,132,439,525.9602406326587,859.0109819469894,12.311150689306299,4.0,1.0
132.0,132,441,952.1912245507384,429.8151316278823,12.311150689306297,4.0,1.0
132.0,132,442,501.5830508116208,324.9292028652273,7.755538950942392,1.0,0.9999999999999999
132.0,132,443,215.4230989668596,741.5107352983409,7.755538950942392,1.0,1.0
132.0,132,445,1045.0240804961675,33.68932730586246,7.755538950942392,1.0,0.9999999999999999
132.0,132,446,327.6136530996603,259.09472920413157,7.755538950942392,1.0,0.9999999999999999
132.0,132,449,1199.185996430436,128.70409452388512,7.755538950942392,1.0,0.9999999999999999
132.0,132,451,1337.6264366518699,509.30443433055996,7.755538950942392,1.0,1.0
132.0,132,453,185.94726056708623,1013.2319151869092,7.755538950942392,1.0,0.9999999999999999
132.0,132,455,853.2475365482665,207.7396046387835,12.311150689306299,4.0,1.0
132.0,132,456,303.061456703149,807.4698582404448,11.185422719499032,3.0,1.0
132.0,132,459,1306.0640144759964,350.6732199046874,11.185422719499034,3.0,1.0
132.0,132,461,155.8023340950837,63.90808974909316,9.77136677757192,2.0,1.0
132.0,132,462,1093.4487268618723,308.13170882968393,7.755538950942392,1.0,1.0
132.0,132,465,800.8601370666587,180.73079398222046,7.755538950942392,1.0,1.0
132.0,132,468,1211.3858133634799,910.2820802555913,11.185422719499032,3.0,1.0
132.0,132,469,1131.1605093804808,886.623068793471,7.755538950942392,1.0,1.0
132.0,132,470,84.82111944654537,409.0858129310998,7.755538950942392,1.0,1.0
132.0,132,472,309.01838643281485,131.1420314965746,7.755538950942392,1.0,1.0
132.0,132,473,398.9547614370515,918.3116089370728,7.755538950942392,1.0,1.0
132.0,132,476,493.2618408581595,144.0462636987508,15.51107790188478,8.0,0.9999999999999999
132.0,132,477,273.48164781660984,932.1834455728365,12.311150689306299,4.0,1.0
132.0,132,479,359.0084794846477,929.6127139765147,7.755538950942392,1.0,1.0
132.0,132,481,588.9770654000872,978.393442975124,11.185422719499034,3.0,0.9999999999999999
132.0,132,485,1047.3649102157524,681.1184575618328,7.755538950942392,1.0,0.9999999999999999
132.0,132,486,407.0622432776526,126.84650912451039,7.755538950942392,1.0,1.0
132.0,132,487,1067.907474251279,949.517432317044,14.835812298463564,7.0,1.0
132.0,132,489,658.6071310229033,151.8409043844366,9.77136677757192,2.0,1.0
132.0,132,490,453.56519973083846,903.6276681263182,9.77136677757192,2.0,1.0
132.0,132,491,643.9240646884579,751.6778820848161,14.835812298463562,7.0,1.0
132.0,132,494,817.5926423760488,764.0228541588205,9.77136677757192,2.0,1.0
132.0,132,496,686.1607364858093,513.8997467783461,9.771366777571922,2.0,1.0
132.0,132,497,1195.686684258464,773.0404088462329,9.771366777571922,2.0,1.0
132.0,132,498,417.4123000439402,484.3632352946202,7.755538950942392,1.0,1.0
132.0,132,500,532.8666556974625,191.75948194224694,7.755538950942392,1.0,1.0
132.0,132,501,517.0658047654846,989.899564277472,13.261785059625714,5.0,1.0
132.0,132,503,544.7245817733112,37.40175336611319,15.511077901884784,8.0,0.9999999999999999
132.0,132,504,988.9536522027842,204.63291318125457,7.755538950942392,1.0,1.0
132.0,132,506,112.52961663075138,752.2927558903282,7.755538950942392,1.0,1.0
132.0,132,507,1339.0607041842234,310.63138380974397,7.755538950942392,1.0,0.9999999999999999
132.0,132,508,1170.2662851364946,517.6701540325794,12.311150689306299,4.0,0.9999999999999999
132.0,132,509,1063.3816191081078,865.2199824834306,9.77136677757192,2.0,1.0
132.0,132,510,601.6688425290154,222.06252709191102,13.261785059625714,5.0,1.0
132.0,132,511,518.0356542343618,500.57779920089735,9.77136677757192,2.0,1.0
132.0,132,512,200.6859739256136,871.6758184514523,11.185422719499034,3.0,1.0
132.0,132,513,1266.4205570790448,582.5607023303496,17.248164218530714,11.0,1.0
132.0,132,516,1220.277089553199,385.8084107601955,11.185422719499032,3.0,1.0
132.0,132,517,904.9101234998146,837.1545193609096,9.77136677757192,2.0,1.0
132.0,132,518,127.19267425173706,529.3060000314383,12.311150689306299,4.0,1.0
132.0,132,519,827.461503400305,384.52329286345645,14.09274953626919,6.0,1.0
132.0,132,520,807.4833524225154,1017.7452307384716,11.185422719499034,3.0,0.9999999999999999
132.0,132,521,837.1082864702884,49.16935689141485,14.09274953626919,6.0,1.0
132.0,132,522,985.6484149553596,988.8161705888231,7.755538950942392,1.0,0.9999999999999999
132.0,132,523,967.5008524338541,189.01725014230456,7.755538950942392,1.0,0.9999999999999999
132.0,132,524,865.0966871728983,876.4440995184998,9.77136677757192,2.0,1.0
132.0,132,529,777.6108943669183,563.1625770076313,7.755538950942392,1.0,1.0
132.0,132,530,119.60201981963094,679.6217929242193,9.771366777571922,2.0,1.0
132.0,132,533,833.9122086844351,874.5029779871844,11.185422719499034,3.0,0.9999999999999999
132.0,132,535,840.1356019388978,132.12098841878867,7.755538950942392,1.0,1.0
132.0,132,536,348.89107524241666,488.51356784224237,7.755538950942392,1.0,1.0
132.0,132,538,551.6802922162246,452.5721958696193,11.185422719499032,3.0,1.0
132.0,132,539,966.623421492892,227.68219941962641,9.771366777571922,2.0,0.9999999999999999
132.0,132,540,305.5573380946001,546.9294436814445,7.755538950942392,1.0,1.0
132.0,132,543,901.5968415786939,399.2927476562618,11.185422719499034,3.0,1.0
132.0,132,546,1037.3227996599182,831.9770367708127,9.77136677757192,2.0,1.0
132.0,132,547,493.7735504501039,252.86574846651874,7.755538950942392,1.0,1.0
132.0,132,548,891.8853012832192,446.90417313087175,12.311150689306299,4.0,1.0
132.0,132,551,1248.0201311763017,760.1114419962586,7.755538950942392,1.0,1.0
132.0,132,555,154.65421544717012,189.31859158550097,12.311150689306299,4.0,1.0
132.0,132,556,265.0740654403456,473.4775645572111,7.755538950942392,1.0,1.0
132.0,132,557,599.9354649127148,316.8265962283842,12.311150689306299,4.0,0.9999999999999999
132.0,132,559,1076.4392135727442,79.08785950157079,7.755538950942392,1.0,1.0
132.0,132,561,1313.903175435486,888.1389504726945,7.755538950942392,1.0,1.0
132.0,132,562,182.14380169427577,235.8546376469002,11.185422719499032,3.0,1.0
132.0,132,563,438.6196698089459,411.5376658837932,7.755538950942392,1.0,1.0
132.0,132,564,354.8533824740561,460.5702097689417,11.185422719499032,3.0,1.0
132.0,132,565,1213.7104139292646,753.6676164645346,9.771366777571922,2.0,1.0
132.0,132,568,1110.38171961002,165.2667524423208,9.771366777571922,2.0,1.0
132.0,132,569,326.00418968500065,336.8223069600837,7.755538950942392,1.0,1.0
132.0,132,570,1308.3888687451083,560.6700967472417,11.185422719499034,3.0,1.0
132.0,132,573,485.43593841681604,961.1614665900997,7.755538950942392,1.0,1.0
132.0,132,574,188.26059970393337,792.9203638485673,7.755538950942392,1.0,1.0
132.0,132,575,672.3750118077896,679.7961706522987,7.755538950942392,1.0,0.9999999999999999
132.0,132,576,822.142982570457,154.49589300845105,7.755538950942392,1.0,0.9999999999999999
132.0,132,579,540.8097703616359,271.91549484435575,7.755538950942392,1.0,1.0
132.0,132,581,605.4201100020731,829.2930535245604,13.261785059625714,5.0,1.0
132.0,132,582,561.2515221041652,280.16954483880704,9.77136677757192,2.0,1.0
132.0,132,583,1227.6061940697869,257.7940901086015,11.185422719499034,3.0,1.0
132.0,132,584,1081.1642690895324,780.907900349881,7.755538950942392,1.0,1.0
132.0,132,586,388.78005198467395,2.9955211422720653,7.755538950942392,1.0,1.0
132.0,132,587,1073.274524361982,827.1349122462053,9.77136677757192,2.0,1.0
132.0,132,592,884.732738102338,305.51028369393,9.77136677757192,2.0,1.0
132.0,132,593,691.807476020839,792.2706025806135,9.77136677757192,2.0,1.0
132.0,132,594,529.7841077394932,899.0987733209383,11.185422719499034,3.0,1.0
132.0,132,598,591.7318620221636,452.27003232892037,11.185422719499032,3.0,1.0
132.0,132,600,533.0463961226416,528.2012708370494,12.311150689306297,4.0,0.9999999999999999
132.0,132,602,161.10513172579746,316.13938279510114,7.755538950942392,1.0,1.0
132.0,132,605,791.7921806017927,39.87183412576328,14.835812298463564,7.0,1.0
132.0,132,606,1215.8826424266572,632.3438013104809,9.771366777571922,2.0,1.0
132.0,132,607,1161.0496082543557,174.61103557813908,12.311150689306297,4.0,1.0
132.0,132,608,936.6207832461431,705.7533590750526,9.771366777571922,2.0,0.9999999999999999
132.0,132,609,998.4626952038844,854.9039258368875,7.755538950942392,1.0,0.9999999999999999
132.0,132,612,349.79073531885194,317.2130577744134,14.09274953626919,6.0,1.0
132.0,132,613,1261.3752139792316,722.3395851680376,7.755538950942392,1.0,1.0
132.0,132,614,396.94408451373033,762.2826992141536,12.311150689306299,4.0,0.9999999999999999
132.0,132,619,639.3767654327053,250.16651278002533,7.755538950942392,1.0,1.0
132.0,132,621,181.3898456612089,42.545240232927995,7.755538950942392,1.0,1.0
132.0,132,622,263.2327049987006,43.555040635174365,7.755538950942392,1.0,1.0
132.0,132,625,577.6975860315175,745.6645127082711,7.755538950942392,1.0,1.0
132.0,132,626,898.838554755159,176.59564167440033,7.755538950942392,1.0,1.0
132.0,132,627,1253.2905578499208,23.650852192451506,14.09274953626919,6.0,1.0
132.0,132,629,802.2977157859686,883.6847538259349,11.185422719499032,3.0,0.9999999999999999
132.0,132,632,405.7002069979325,709.2501254669778,9.771366777571922,2.0,1.0
132.0,132,633,1107.4461297829557,83.27112240582974,9.77136677757192,2.0,1.0
132.0,132,636,677.4343689073331,928.1966637442885,12.311150689306299,4.0,1.0
132.0,132,638,76.750085794923,228.58351306781717,7.755538950942392,1.0,1.0
132.0,132,640,40.687556706565246,449.9981941618451,7.755538950942392,1.0,0.9999999999999999
132.0,132,641,156.92039839994524,923.2479791486782,7.755538950942392,1.0,1.0
132.0,132,646,376.8843970897177,892.4138884964508,13.261785059625714,5.0,1.0
132.0,132,647,176.70944806543997,283.7929427117566,9.771366777571922,2.0,1.0
132.0,132,649,1118.0548434714888,114.79538595509972,9.77136677757192,2.0,1.0
132.0,132,654,1295.6568136856733,119.73515428685616,11.185422719499034,3.0,1.0
132.0,132,655,580.1028364978288,699.0524531069666,7.755538950942392,1.0,1.0
132.0,132,658,569.7915921442966,347.2476857781785,14.835812298463564,7.0,1.0
132.0,132,659,1294.46123283618,963.8820474312568,9.771366777571922,2.0,1.0
132.0,132,662,1133.2866026299262,968.0663870682852,7.755538950942392,1.0,1.0
132.0,132,665,1035.1934563394595,111.32975162968745,11.185422719499032,3.0,1.0
132.0,132,666,1230.474748773134,1004.1288909864898,13.261785059625714,5.0,1.0
132.0,132,667,186.90086658898036,89.5553741756131,7.755538950942392,1.0,1.0
132.0,132,668,236.57116652586672,950.1460216200745,7.755538950942392,1.0,0.9999999999999999
132.0,132,671,1027.905963363945,87.14787001532855,7.755538950942392,1.0,1.0
132.0,132,672,802.2700044688111,983.4402450114434,7.755538950942392,1.0,0.9999999999999999
132.0,132,674,1060.3693752145145,640.8568365760129,7.755538950942392,1.0,1.0
132.0,132,675,387.2989431458745,495.77653624820493,7.755538950942392,1.0,1.0
132.0,132,682,1217.21566895976,82.82840552536291,7.755538950942392,1.0,1.0
132.0,132,684,1307.9399738734917,940.6313140842004,11.185422719499034,3.0,1.0
132.0,132,687,1207.5782757018346,283.6436001193998,12.311150689306297,4.0,1.0
132.0,132,688,238.98188757685773,491.06257406050577,7.755538950942392,1.0,1.0
132.0,132,689,432.8500108517688,613.5499390047163,7.755538950942392,1.0,0.9999999999999999
132.0,132,694,1108.1774031154223,880.5833364042477,7.755538950942392,1.0,0.9999999999999999
132.0,132,698,672.8845126314017,97.95375682026564,9.771366777571922,2.0,1.0
132.0,132,700,445.30669607103266,507.8645714086421,11.185422719499032,3.0,1.0
132.0,132,702,692.9575417026034,37.659599823360665,7.755538950942392,1.0,0.9999999999999999
132.0,132,704,141.83597384055818,253.5460617867135,9.771366777571922,2.0,1.0
132.0,132,705,412.72833666292814,415.5940760009644,12.311150689306299,4.0,0.9999999999999999
132.0,132,706,301.70372747666704,204.5109437909919,11.185422719499032,3.0,1.0
132.0,132,707,254.87491907292727,249.99915101452427,11.185422719499032,3.0,1.0
132.0,132,710,815.5659344265002,671.3586302577132,9.771366777571922,2.0,1.0
132.0,132,717,517.4047443055055,653.2066813454038,14.09274953626919,6.0,1.0
132.0,132,718,432.85966853786186,160.40990781293496,9.771366777571922,2.0,1.0
132.0,132,720,637.9559365103964,832.0355451209479,9.77136677757192,2.0,1.0
132.0,132,722,1004.5852238466953,785.7995284495141,13.261785059625714,5.0,1.0
132.0,132,723,429.57269655238173,591.8435680154323,11.185422719499032,3.0,1.0
132.0,132,724,893.1941835600443,620.8937350616101,7.755538950942392,1.0,1.0
132.0,132,726,1271.1339970566269,52.97441640219818,9.771366777571922,2.0,1.0
132.0,132,728,1030.8613413821827,392.62026709502646,7.755538950942392,1.0,1.0
132.0,132,729,566.0480156322686,100.72827663928864,9.771366777571922,2.0,1.0
132.0,132,730,689.4854464165443,465.69110630859353,9.77136677757192,2.0,1.0
132.0,132,733,238.94925360994608,290.88305598530593,12.311150689306297,4.0,1.0
132.0,132,734,1331.7630836697922,22.68312582831816,7.755538950942392,1.0,0.9999999999999999
132.0,132,735,722.1297903644239,4.367249945501612,7.755538950942392,1.0,1.0
132.0,132,737,1098.9921149651682,486.6510314138906,13.26178505962571,5.0,0.9999999999999999
132.0,132,740,1235.9945159151941,957.6676084922616,7.755538950942392,1.0,1.0
132.0,132,746,1270.9091750639416,387.5730673608488,9.77136677757192,2.0,1.0
132.0,132,750,788.3074736450109,249.40960420387438,9.77136677757192,2.0,0.9999999999999999
132.0,132,752,1302.9714202376301,702.2273986367185,9.771366777571922,2.0,1.0
132.0,132,753,643.1168881610807,478.9514147332903,9.771366777571922,2.0,1.0
132.0,132,754,552.6582222467268,722.7334416994585,7.755538950942392,1.0,1.0
132.0,132,755,938.4401083531423,133.47695274787176,9.771366777571922,2.0,1.0
132.0,132,757,769.9510438062499,490.29735506247084,11.185422719499034,3.0,1.0
132.0,132,758,644.5179883874393,408.7541534562721,9.77136677757192,2.0,1.0
132.0,132,759,53.56979703063149,619.5612001601606,11.185422719499032,3.0,1.0
132.0,132,760,154.60392674387091,1021.8046579488744,11.185422719499034,3.0,1.0
132.0,132,762,989.9481604737402,45.344297435828054,11.185422719499032,3.0,1.0
132.0,132,764,216.3618692948049,668.5842896375914,7.755538950942392,1.0,1.0
132.0,132,765,727.245764137448,464.66023179744207,11.185422719499034,3.0,1.0
132.0,132,766,358.18785273119806,0.35941443987123206,11.185422719499034,3.0,1.0
132.0,132,767,361.71514040094627,601.4667591746306,7.755538950942392,1.0,1.0
132.0,132,768,713.8855240930739,639.6502325825115,15.511077901884784,8.0,0.9999999999999999
132.0,132,769,5.362648551925458,687.1531909999222,12.311150689306299,4.0,1.0
132.0,132,772,1031.307410003787,910.0923192024687,7.755538950942392,1.0,1.0
132.0,132,773,926.7984461690215,651.076907026275,9.771366777571922,2.0,1.0
132.0,132,774,67.51737022992077,840.7033861628047,11.185422719499034,3.0,1.0
132.0,132,776,1069.2674136331345,147.16259492136763,14.092749536269187,6.0,1.0
132.0,132,777,391.0108879066603,336.4899460247892,7.755538950942392,1.0,1.0
132.0,132,780,238.21416298474057,686.4421142059407,11.185422719499032,3.0,1.0
132.0,132,781,427.24379425675806,201.96461605628082,7.755538950942392,1.0,1.0
132.0,132,782,151.62099462872555,574.1360325692815,12.311150689306297,4.0,1.0
132.0,132,783,167.70037932719848,701.2372079459104,14.09274953626919,6.0,1.0
132.0,132,786,479.05258376583953,829.8029312533422,7.755538950942392,1.0,1.0
132.0,132,787,738.4130678097107,858.9433573874148,11.185422719499032,3.0,1.0
132.0,132,788,1130.5131447671329,401.64593666043,7.755538950942392,1.0,1.0
132.0,132,789,396.344448511368,970.0211638709164,12.311150689306299,4.0,1.0
132.0,132,790,707.6953073955187,914.3236943237334,11.185422719499034,3.0,1.0
132.0,132,791,921.5468467692307,950.3106370798719,12.311150689306299,4.0,1.0
132.0,132,792,566.1100011448236,769.726944745172,15.511077901884784,8.0,1.0
132.0,132,795,239.19327677199766,836.5518795859234,11.185422719499032,3.0,0.9999999999999999
132.0,132,796,241.54843306028636,316.5593040808977,7.755538950942392,1.0,1.0
132.0,132,799,40.08179353509267,201.173413171452,7.755538950942392,1.0,0.9999999999999999
132.0,132,800,346.4042686834932,724.9857659894262,9.77136677757192,2.0,1.0
132.0,132,805,718.8648321612405,976.9653567495158,9.77136677757192,2.0,0.9999999999999999
132.0,132,806,380.1641404975862,681.0982266966029,9.771366777571922,2.0,1.0
132.0,132,809,1195.5994055752558,473.25941869989157,9.77136677757192,2.0,1.0
132.0,132,811,821.7260378071807,553.449577309923,16.132171110904203,9.0,1.0
132.0,132,812,46.773758336249415,409.56495222262316,7.755538950942392,1.0,1.0
132.0,132,815,472.0689323300414,564.8384090048767,9.77136677757192,2.0,0.9999999999999999
132.0,132,817,1188.705094241668,729.1784038940885,9.77136677757192,2.0,1.0
132.0,132,818,274.35308608103537,1015.3543916833764,7.755538950942392,1.0,1.0
132.0,132,819,1028.3622781565132,946.1339002668914,7.755538950942392,1.0,1.0
132.0,132,820,1103.0395384104652,577.9539675627133,7.755538950942392,1.0,1.0
132.0,132,821,1312.4001073997667,37.611485626660546,13.261785059625714,5.0,1.0
132.0,132,823,464.88728669324723,687.5038795499131,7.755538950942392,1.0,1.0
132.0,132,826,980.3226670169302,828.9957198197923,9.771366777571922,2.0,1.0
132.0,132,828,148.15505394913018,815.8388047292746,9.77136677757192,2.0,1.0
132.0,132,829,781.7349477175757,142.2447561695612,9.77136677757192,2.0,1.0
132.0,132,830,434.34583035355604,749.3164699140738,9.771366777571922,2.0,1.0
132.0,132,831,831.9339497948778,611.686816057648,9.771366777571922,2.0,1.0
132.0,132,832,1039.6390174816518,463.506175539078,12.311150689306297,4.0,0.9999999999999999
132.0,132,833,450.7200258758444,329.1666238396151,12.311150689306299,4.0,1.0
132.0,132,837,951.8141195249979,640.6558362704262,11.185422719499034,3.0,1.0
132.0,132,838,301.63600955133154,311.4067155556994,7.755538950942392,1.0,1.0
132.0,132,839,968.6032384371376,91.09233276703908,7.755538950942392,1.0,1.0
132.0,132,840,748.4100021230383,678.8825145439303,7.755538950942392,1.0,1.0
132.0,132,841,891.1723825501023,586.3779181684816,12.311150689306297,4.0,1.0
132.0,132,842,40.495375459085125,508.3778035271366,7.755538950942392,1.0,0.9999999999999999
132.0,132,843,935.0606820861757,908.4800314293561,7.755538950942392,1.0,1.0
132.0,132,845,1336.7794487152685,624.083381983145,7.755538950942392,1.0,1.0
132.0,132,846,687.2885978287364,439.7966495090411,9.77136677757192,2.0,1.0
132.0,132,848,592.5643290975688,627.5956760506303,13.261785059625714,5.0,1.0
132.0,132,851,1318.7803420819037,656.994196568374,14.09274953626919,6.0,1.0
132.0,132,853,471.97304551895854,799.8766412062278,12.311150689306299,4.0,0.9999999999999999
132.0,132,855,590.8538552931834,601.1652145529715,7.755538950942392,1.0,1.0
132.0,132,857,745.3266377509516,890.0339552096799,9.771366777571922,2.0,1.0
132.0,132,859,890.7554938129882,777.9068038571882,9.771366777571922,2.0,0.9999999999999999
132.0,132,861,997.9322072537572,71.88925103835835,7.755538950942392,1.0,0.9999999999999999
132.0,132,862,308.08321006293846,577.048614796278,9.771366777571922,2.0,1.0
132.0,132,865,845.1647244240867,102.76179222362815,7.755538950942392,1.0,1.0
132.0,132,866,935.0213572151379,9.635836554481983,9.77136677757192,2.0,0.9999999999999999
132.0,132,868,1297.6765396528235,804.8556108409688,14.092749536269187,6.0,1.0
132.0,132,869,1326.7953966874538,119.99235996145057,11.185422719499034,3.0,1.0
132.0,132,870,229.58954279476046,180.02039753847177,7.755538950942392,1.0,1.0
132.0,132,871,704.2181940399096,759.4980445560824,13.261785059625714,5.0,0.9999999999999999
132.0,132,872,1044.4655784748134,442.15777264113024,7.755538950942392,1.0,1.0
132.0,132,873,59.382163359983046,395.3408547964272,7.755538950942392,1.0,1.0
132.0,132,877,174.54417564831084,433.44242511237695,7.755538950942392,1.0,1.0
132.0,132,879,705.5130928158244,330.5467841402512,11.185422719499034,3.0,1.0
132.0,132,882,291.54880751399253,637.2519665615956,7.755538950942392,1.0,1.0
132.0,132,883,8.32351031850221,139.17017836926465,9.77136677757192,2.0,1.0
132.0,132,884,658.7982753311072,337.91862436789097,11.185422719499034,3.0,1.0
132.0,132,886,80.54477728062167,649.911783861421,9.77136677757192,2.0,1.0
132.0,132,887,440.05354870072136,237.6569100016976,12.311150689306299,4.0,1.0
132.0,132,890,1265.673092965209,244.97212662742137,11.185422719499032,3.0,1.0
132.0,132,892,343.5613892794096,48.8556646364556,7.755538950942392,1.0,1.0
132.0,132,894,1190.9279651561624,1023.3669796296014,11.185422719499034,3.0,1.0
132.0,132,896,232.12007788192952,925.8378284096833,7.755538950942392,1.0,1.0
132.0,132,897,739.2328557039485,580.8129247136155,9.77136677757192,2.0,1.0
132.0,132,898,1071.2681368944257,294.58009642386304,11.185422719499034,3.0,1.0
132.0,132,899,1194.8267883985816,836.8713268709695,13.261785059625714,5.0,1.0
132.0,132,901,1060.8969755129517,1020.9219088490455,11.185422719499032,3.0,0.9999999999999999
132.0,132,903,280.8528272254763,373.173343254822,16.708802155803774,10.0,1.0
132.0,132,905,711.3911516085201,874.4080081416183,12.311150689306299,4.0,1.0
132.0,132,907,1164.672019695029,919.9052941000762,9.771366777571922,2.0,1.0
132.0,132,910,1273.7906719450941,788.7926138694687,9.77136677757192,2.0,0.9999999999999999
132.0,132,912,430.4346532793904,900.194094546191,7.755538950942392,1.0,1.0
132.0,132,913,305.8699136881705,736.5296411514189,7.755538950942392,1.0,1.0
132.0,132,914,864.7461520746674,373.05516085398006,12.311150689306297,4.0,1.0
132.0,132,915,37.15061918258555,62.23428173792304,7.755538950942392,1.0,1.0
132.0,132,916,835.5133179325672,301.4256498190408,7.755538950942392,1.0,1.0
132.0,132,921,1225.819735659933,473.42080390307717,7.755538950942392,1.0,0.9999999999999999
132.0,132,924,642.8677762858889,1.9180293729886848,9.77136677757192,2.0,1.0
132.0,132,925,907.1810652380718,347.56555965138784,12.311150689306299,4.0,1.0
132.0,132,926,234.61920974254357,87.8404482880545,14.092749536269185,6.0,0.9999999999999999
132.0,132,927,1250.7806348351673,87.46611249642228,14.835812298463562,7.0,1.0
132.0,132,932,1279.5919504356145,533.1381352197193,12.311150689306299,4.0,1.0
132.0,132,933,1022.0101707046708,199.9577741219433,7.755538950942392,1.0,0.9999999999999999
132.0,132,934,309.4761207819287,27.419499034398974,14.09274953626919,6.0,1.0
132.0,132,936,529.0380050117993,402.8435127488801,9.77136677757192,2.0,1.0
132.0,132,937,930.2069694827235,1006.9111829116463,9.77136677757192,2.0,1.0
132.0,132,939,1164.123536318937,136.39346663608717,9.77136677757192,2.0,1.0
132.0,132,941,51.88925820229879,951.097511655214,11.185422719499032,3.0,1.0
132.0,132,947,417.2195828179338,66.23654133433669,7.755538950942392,1.0,1.0
132.0,132,949,1212.848630306081,36.642062821892395,11.185422719499032,3.0,0.9999999999999999
132.0,132,950,386.44448036030127,630.5543452468402,13.261785059625712,5.0,1.0
132.0,132,951,96.2615213868862,324.752464066534,13.261785059625714,5.0,1.0
132.0,132,952,186.9474441929707,182.03002979814946,7.755538950942392,1.0,1.0
132.0,132,953,585.5514840204945,137.3748953172563,9.77136677757192,2.0,1.0
132.0,132,955,472.20801463521457,412.2588628854571,11.185422719499034,3.0,1.0
132.0,132,956,1066.159165237483,609.5464927254898,9.77136677757192,2.0,1.0
132.0,132,957,267.93918457200704,531.3763387120525,12.311150689306297,4.0,0.9999999999999999
132.0,132,959,187.79835725723964,904.1674294800137,9.77136677757192,2.0,1.0
132.0,132,961,276.4728637397465,181.32054712306837,9.77136677757192,2.0,1.0
132.0,132,962,1304.4407222840318,854.3165503007181,16.132171110904203,9.0,1.0
132.0,132,963,386.8890569127342,186.33658131366153,9.77136677757192,2.0,1.0
132.0,132,965,861.6328752222221,483.74270816751516,7.755538950942392,1.0,1.0
132.0,132,969,442.5936124886291,467.83323938645054,9.77136677757192,2.0,1.0
132.0,132,971,1170.1371783702505,819.8333813292919,7.755538950942392,1.0,1.0
132.0,132,972,495.0205120479001,588.5884600561047,11.185422719499032,3.0,0.9999999999999999
132.0,132,975,39.20153277790451,727.0820044500657,7.755538950942392,1.0,1.0
132.0,132,977,1029.498993661881,145.06565717929158,7.755538950942392,1.0,1.0
132.0,132,980,337.83244423131737,755.5956063145768,9.771366777571922,2.0,1.0
132.0,132,981,986.0204072064901,403.8330040577178,7.755538950942392,1.0,1.0
132.0,132,983,921.3767863046,528.3233688438563,7.755538950942392,1.0,1.0
132.0,132,985,1246.950265721749,937.0308181457776,12.311150689306299,4.0,1.0
132.0,132,986,1161.9904860595473,780.9236192666484,13.261785059625714,5.0,0.9999999999999999
132.0,132,987,1168.6975971796583,873.1650790104231,7.755538950942392,1.0,1.0
132.0,132,988,1128.9769148475084,603.1922632820838,7.755538950942392,1.0,1.0
132.0,132,989,532.9730670594809,949.9731361654465,12.311150689306297,4.0,1.0
132.0,132,995,36.96628840892605,14.878034556998218,14.092749536269185,6.0,0.9999999999999999
132.0,132,996,260.2110328568896,856.0128549788014,9.77136677757192,2.0,1.0
132.0,132,998,4.046669020146944,976.6346225875564,7.755538950942392,1.0,1.0
132.0,132,1000,173.99462896583054,871.0032838583518,9.77136677757192,2.0,1.0
133.0,133,1,105.68004505861073,936.925895873884,7.755538950942392,1.0,0.9999999999999999
133.0,133,3,953.19996608831,300.55508627003945,13.261785059625714,5.0,1.0
133.0,133,6,457.39964268207416,102.44067747278638,7.755538950942392,1.0,1.0
133.0,133,8,347.1829058523675,210.26858480391735,16.708802155803774,10.0,1.0
133.0,133,9,1074.1332854504471,417.82770029389303,9.77136677757192,2.0,0.9999999999999999
133.0,133,10,1149.8066856762991,306.27559947734085,7.755538950942392,1.0,1.0
133.0,133,11,854.6612782392987,942.5151319965495,9.77136677757192,2.0,0.9999999999999999
133.0,133,15,1010.9044735159446,297.9507033744706,7.755538950942392,1.0,1.0
133.0,133,17,201.36999343982544,274.9803777243429,7.755538950942392,1.0,1.0
133.0,133,18,646.3460484745087,652.5231388057681,7.755538950942392,1.0,1.0
133.0,133,20,349.20299106647417,969.0169965451272,9.77136677757192,2.0,1.0
133.0,133,22,144.19150464209707,464.9804062247641,11.185422719499032,3.0,1.0
133.0,133,23,1338.3888698420583,821.2135954148557,13.261785059625712,5.0,1.0
133.0,133,28,907.9893446414171,898.9220557404971,7.755538950942392,1.0,1.0
133.0,133,29,1101.1732372146746,5.684619262815022,13.261785059625714,5.0,1.0
133.0,133,31,960.837613621096,151.47523121214837,7.755538950942392,1.0,0.9999999999999999
133.0,133,35,193.902551581894,745.8103220831523,9.771366777571922,2.0,1.0
133.0,133,37,866.2171430221683,914.0311247060662,9.771366777571922,2.0,1.0
133.0,133,38,965.001546223866,719.7786303668724,7.755538950942392,1.0,1.0
133.0,133,39,1329.5687427383689,1001.7766647046608,9.771366777571922,2.0,1.0
133.0,133,40,959.2787002676776,929.708602030552,9.77136677757192,2.0,1.0
133.0,133,41,432.0485196928766,283.8851973598609,11.185422719499034,3.0,1.0
133.0,133,43,778.8051447353898,819.6296408069949,7.755538950942392,1.0,0.9999999999999999
133.0,133,44,745.1959659631648,57.372367759430524,12.311150689306299,4.0,1.0
133.0,133,45,887.1531203094669,958.5055943629555,7.755538950942392,1.0,1.0
133.0,133,46,1145.1072198440854,356.83544067649007,7.755538950942392,1.0,0.9999999999999999
133.0,133,51,1318.2145765621415,210.85042737300998,13.261785059625712,5.0,0.9999999999999999
133.0,133,53,134.28916162000235,117.21113093981413,7.755538950942392,1.0,1.0
133.0,133,55,1246.263840372626,607.9556588344159,7.755538950942392,1.0,1.0
133.0,133,57,1058.8251732717183,724.013511809067,13.261785059625714,5.0,1.0
133.0,133,59,36.18565514036041,141.19477955663618,7.755538950942392,1.0,1.0
133.0,133,60,53.54181668288141,233.36012982465056,9.77136677757192,2.0,1.0
133.0,133,61,881.6899897301697,1001.7668055345412,9.771366777571922,2.0,1.0
133.0,133,62,578.1197251716737,1.5419602020585925,7.755538950942392,1.0,1.0
133.0,133,63,1134.1826329107712,632.7334056902171,7.755538950942392,1.0,1.0
133.0,133,65,691.1117109657079,834.4434552339532,7.755538950942392,1.0,1.0
133.0,133,66,971.2799117574398,1009.1037456945604,9.771366777571922,2.0,1.0
133.0,133,67,1083.9304263767606,254.7512591182896,13.261785059625712,5.0,0.9999999999999999
133.0,133,68,1245.0504413256872,661.1750336249074,7.755538950942392,1.0,1.0
133.0,133,70,1156.0329688925997,477.4517934742293,7.755538950942392,1.0,0.9999999999999999
133.0,133,71,774.585776927939,785.8952842380693,11.185422719499034,3.0,1.0
133.0,133,73,535.7893248047901,305.8816309879309,7.755538950942392,1.0,1.0
133.0,133,77,430.12127815379705,836.4064589403329,13.261785059625714,5.0,0.9999999999999999
133.0,133,78,1103.1156828414212,182.43812776319314,7.755538950942392,1.0,1.0
133.0,133,79,832.2809081794674,228.35025827579216,9.77136677757192,2.0,1.0
133.0,133,80,1011.2443889994807,354.04490318317676,9.771366777571922,2.0,1.0
133.0,133,81,622.1324998391946,9.248415053851046,11.185422719499034,3.0,1.0
133.0,133,83,1189.3997696982328,419.2410835285529,7.755538950942392,1.0,1.0
133.0,133,85,114.31136590996137,794.6736764029852,7.755538950942392,1.0,0.9999999999999999
133.0,133,86,1029.6471341013107,517.1411774469029,9.77136677757192,2.0,0.9999999999999999
133.0,133,87,698.3986102116104,131.8440512195833,7.755538950942392,1.0,1.0
133.0,133,88,66.44114345721333,497.11866328291376,9.77136677757192,2.0,1.0
133.0,133,90,815.7137497104876,415.5690407485277,7.755538950942392,1.0,1.0
133.0,133,92,1096.155572236829,695.8828769459403,7.755538950942392,1.0,1.0
133.0,133,93,286.38234367187965,280.66827862758646,9.77136677757192,2.0,1.0
133.0,133,94,661.288550962172,877.7778259478191,12.311150689306299,4.0,0.9999999999999999
133.0,133,97,939.3009652771865,66.71518060110267,12.311150689306297,4.0,1.0
133.0,133,100,370.77203899368396,814.6301929964754,7.755538950942392,1.0,1.0
133.0,133,103,217.38710866846867,13.105260158600354,7.755538950942392,1.0,1.0
133.0,133,104,377.5349805727412,579.1364390689437,9.771366777571922,2.0,1.0
133.0,133,107,441.94108235379883,136.6261024464815,7.755538950942392,1.0,1.0
133.0,133,110,652.5357133090735,619.190545777243,7.755538950942392,1.0,1.0
133.0,133,116,1154.35255615018,54.323586798976436,11.185422719499032,3.0,1.0
133.0,133,118,276.66526782488967,441.68612999075896,9.77136677757192,2.0,1.0
133.0,133,119,1046.4849175386166,565.738746149762,11.185422719499032,3.0,1.0
133.0,133,121,111.0407592408428,230.52440509776923,14.09274953626919,6.0,1.0
133.0,133,122,851.9474719147669,260.25678142502846,14.835812298463564,7.0,0.9999999999999999
133.0,133,125,418.9711508449215,995.6315383150518,12.311150689306299,4.0,1.0
133.0,133,126,1342.5087154411815,469.5337787470574,7.755538950942392,1.0,1.0
133.0,133,129,781.1113172567218,669.8656790070187,7.755538950942392,1.0,1.0
133.0,133,130,1205.3535256221346,439.8498547084912,7.755538950942392,1.0,0.9999999999999999
133.0,133,131,1241.5918743399259,310.1269874827852,9.771366777571922,2.0,1.0
133.0,133,132,1288.4960729987702,173.58834335148183,13.261785059625714,5.0,1.0
133.0,133,134,118.04358754822204,832.722261989113,11.185422719499034,3.0,1.0
133.0,133,138,478.6105549935546,1014.6625645637417,7.755538950942392,1.0,1.0
133.0,133,142,1296.0092630854735,291.2202074664734,7.755538950942392,1.0,1.0
133.0,133,143,606.3518922903407,110.35546953572009,14.835812298463564,7.0,1.0
133.0,133,144,1276.2159026531967,975.3101841486553,9.77136677757192,2.0,0.9999999999999999
133.0,133,145,126.7739746598146,864.3291284901483,9.77136677757192,2.0,1.0
133.0,133,146,1063.2073599212479,530.9651571241759,7.755538950942392,1.0,1.0
133.0,133,148,552.4594498234267,155.19539757576777,12.311150689306299,4.0,1.0
133.0,133,149,169.85961710187988,977.4328920386868,7.755538950942392,1.0,1.0
133.0,133,150,702.193115675733,379.5148662159822,12.311150689306299,4.0,1.0
133.0,133,151,466.40681042388417,667.2218012310261,7.755538950942392,1.0,0.9999999999999999
133.0,133,152,1164.34089169455,668.7891133279072,7.755538950942392,1.0,0.9999999999999999
133.0,133,153,53.83555079907039,553.9715866342752,11.185422719499034,3.0,1.0
133.0,133,156,877.2393405030023,809.8611321525926,7.755538950942392,1.0,1.0
133.0,133,163,64.8639228381964,60.79204059354361,7.755538950942392,1.0,1.0
133.0,133,164,359.98873181514085,70.21661688653985,9.771366777571922,2.0,1.0
133.0,133,165,139.00494007803763,6.76169281366499,12.311150689306299,4.0,1.0
133.0,133,166,505.0213796807422,87.65112049239029,12.311150689306297,4.0,0.9999999999999999
133.0,133,170,980.8616347745436,684.9999464421842,7.755538950942392,1.0,1.0
133.0,133,172,818.4186498521096,814.0065752577628,7.755538950942392,1.0,1.0
133.0,133,173,1342.0898805452784,64.05085136171904,13.261785059625712,5.0,1.0
133.0,133,174,972.167458665784,748.7461751277971,9.771366777571922,2.0,0.9999999999999999
133.0,133,181,473.46872034761316,937.1390799576425,11.185422719499032,3.0,1.0
133.0,133,186,227.03256043253188,615.0413144077472,12.311150689306297,4.0,1.0
133.0,133,187,608.9170685806216,900.5558922019563,7.755538950942392,1.0,1.0
133.0,133,188,592.329575014992,283.3132491268811,9.771366777571922,2.0,1.0
133.0,133,189,817.2835106920487,919.6532858588835,7.755538950942392,1.0,1.0
133.0,133,191,1070.0986275045411,760.0947518166602,11.185422719499032,3.0,1.0
133.0,133,193,352.86625670579343,107.96222247493895,11.185422719499032,3.0,1.0
133.0,133,199,202.9659641167322,541.9203246719198,16.708802155803774,10.0,0.9999999999999999
133.0,133,201,151.58278228474393,436.3938683472415,9.77136677757192,2.0,1.0
133.0,133,208,1035.397016413966,280.51518674243215,9.77136677757192,2.0,1.0
133.0,133,210,105.63824005239564,1009.0067588234925,16.132171110904203,9.0,1.0
133.0,133,213,480.2634166830443,748.666268760613,7.755538950942392,1.0,1.0
133.0,133,214,31.466434822654826,246.3945923450983,7.755538950942392,1.0,1.0
133.0,133,215,346.9341039303119,422.00454516693276,12.311150689306297,4.0,1.0
133.0,133,218,675.8021661276216,302.47376675098997,9.77136677757192,2.0,1.0
133.0,133,219,304.3962013771942,92.35151327752271,7.755538950942392,1.0,1.0
133.0,133,220,315.44632928068626,921.3542953792852,12.311150689306299,4.0,1.0
133.0,133,221,112.25710909285664,183.28326286251715,14.09274953626919,6.0,1.0
133.0,133,224,560.0795933336987,254.10654084490284,9.771366777571922,2.0,1.0
133.0,133,228,897.544336916686,29.672266622535307,12.311150689306299,4.0,1.0
133.0,133,230,1129.5959278603457,730.5379008999216,7.755538950942392,1.0,1.0
133.0,133,231,741.6822630931874,315.3297493419102,11.185422719499032,3.0,1.0
133.0,133,232,501.8995937140768,233.98335588058862,7.755538950942392,1.0,0.9999999999999999
133.0,133,238,903.9065746335782,859.4657659378742,7.755538950942392,1.0,1.0
133.0,133,241,1223.3069486614859,521.117034140763,12.311150689306297,4.0,1.0
133.0,133,242,742.6142750952421,32.3196178904046,7.755538950942392,1.0,1.0
133.0,133,243,79.45400429487904,689.1363556498682,7.755538950942392,1.0,1.0
133.0,133,245,732.798913331544,803.2163473823546,11.185422719499034,3.0,1.0
133.0,133,247,387.90328337188276,213.87741342791955,7.755538950942392,1.0,1.0
133.0,133,248,463.8327515263881,196.58190772812594,9.77136677757192,2.0,1.0
133.0,133,250,511.7183371147192,804.0334063502901,7.755538950942392,1.0,1.0
133.0,133,256,925.179586341477,726.1908786992133,7.755538950942392,1.0,1.0
133.0,133,259,749.0060836314855,169.18043001859797,13.26178505962571,5.0,0.9999999999999999
133.0,133,260,1088.1113693543427,800.8074674107233,7.755538950942392,1.0,1.0
133.0,133,261,254.26732309159783,428.0722412708776,7.755538950942392,1.0,1.0
133.0,133,262,843.418100781683,992.5966739882672,11.185422719499034,3.0,1.0
133.0,133,263,95.9456161688277,146.6246040021587,12.311150689306299,4.0,1.0
133.0,133,264,944.2664827994377,814.6629398543041,7.755538950942392,1.0,1.0
133.0,133,265,10.87039637226268,442.2555374842378,7.755538950942392,1.0,1.0
133.0,133,268,1014.3183723868683,230.27853589841325,7.755538950942392,1.0,1.0
133.0,133,269,107.73135049010457,383.9428639041014,11.185422719499032,3.0,1.0
133.0,133,273,620.8121452750537,585.3502597849301,7.755538950942392,1.0,1.0
133.0,133,274,789.1161782918285,848.8101914532677,7.755538950942392,1.0,1.0
133.0,133,275,1174.7115827789455,388.373709533176,7.755538950942392,1.0,1.0
133.0,133,276,1098.940085735667,525.598287140267,7.755538950942392,1.0,1.0
133.0,133,278,1247.4699801158863,356.72847612177424,14.092749536269187,6.0,0.9999999999999999
133.0,133,279,123.32809556292827,635.478732907098,13.261785059625714,5.0,0.9999999999999999
133.0,133,281,1184.875266496265,541.8446934409243,12.311150689306299,4.0,1.0
133.0,133,283,684.5893931750729,585.0930978064857,14.09274953626919,6.0,1.0
133.0,133,284,84.61129104649487,801.9580951673681,7.755538950942392,1.0,1.0
133.0,133,285,856.95896392228,638.2000663160183,7.755538950942392,1.0,1.0
133.0,133,286,1134.1540589119702,256.0347143127192,7.755538950942392,1.0,1.0
133.0,133,287,102.88706557005105,714.7190991896109,7.755538950942392,1.0,1.0
133.0,133,289,1237.4372074326166,819.2441804341253,13.261785059625714,5.0,1.0
133.0,133,291,507.3035984268601,360.2403069555831,9.771366777571922,2.0,1.0
133.0,133,294,627.7703522433651,426.48234781057215,7.755538950942392,1.0,1.0
133.0,133,295,53.07185080767373,754.6747510304465,12.311150689306297,4.0,1.0
133.0,133,300,339.9712174607063,658.9382525632535,11.185422719499034,3.0,1.0
133.0,133,301,1111.571020181657,46.487005059241156,9.77136677757192,2.0,1.0
133.0,133,302,646.7458502672539,984.0032879374978,7.755538950942392,1.0,1.0
133.0,133,304,717.5194342557235,406.7736543561319,7.755538950942392,1.0,1.0
133.0,133,307,979.6739358590416,490.35497556553486,12.311150689306297,4.0,0.9999999999999999
133.0,133,309,818.1932295227621,195.88464189136837,7.755538950942392,1.0,1.0
133.0,133,314,174.61506015596572,150.5959236425035,7.755538950942392,1.0,1.0
133.0,133,318,1209.5685412596915,610.0516218928292,11.185422719499032,3.0,1.0
133.0,133,320,1245.692493296524,114.55614193980273,9.77136677757192,2.0,1.0
133.0,133,322,866.067584444274,979.7532027399566,9.77136677757192,2.0,1.0
133.0,133,323,72.76115297905277,433.0145978264442,9.77136677757192,2.0,1.0
133.0,133,325,212.7147176977595,931.3602497632685,7.755538950942392,1.0,0.9999999999999999
133.0,133,326,195.84224487246664,481.80326329744486,9.77136677757192,2.0,1.0
133.0,133,327,915.718431466643,473.0940019921814,7.755538950942392,1.0,1.0
133.0,133,330,409.481167664108,857.1859520487978,11.185422719499034,3.0,1.0
133.0,133,331,134.60312403183212,717.8058912154613,15.511077901884784,8.0,1.0
133.0,133,333,620.1534058250024,37.45676850838725,9.77136677757192,2.0,0.9999999999999999
133.0,133,334,1135.4409298149997,828.307427707384,7.755538950942392,1.0,1.0
133.0,133,337,595.8783876815597,934.4361575164133,9.77136677757192,2.0,1.0
133.0,133,339,821.8044909210291,92.36657124794365,7.755538950942392,1.0,1.0
133.0,133,340,890.3291932159734,664.3994514215008,9.771366777571922,2.0,1.0
133.0,133,341,997.6375290995016,603.1163248811374,13.26178505962571,5.0,1.0
133.0,133,342,875.8899688222363,136.66418511038228,9.77136677757192,2.0,1.0
133.0,133,344,729.6821384729011,357.5017728176796,7.755538950942392,1.0,1.0
133.0,133,346,1186.1931122328715,631.6516621368808,7.755538950942392,1.0,1.0
133.0,133,348,407.9301000354883,666.2618584372656,7.755538950942392,1.0,1.0
133.0,133,350,1242.9330762130353,163.04720601464177,9.77136677757192,2.0,1.0
133.0,133,354,476.0837468670442,234.3411549550092,7.755538950942392,1.0,0.9999999999999999
133.0,133,355,97.25175268889558,493.1829639804206,7.755538950942392,1.0,1.0
133.0,133,356,678.6760323919141,1019.6267811360178,7.755538950942392,1.0,0.9999999999999999
133.0,133,360,683.5388517964166,332.3505375073119,7.755538950942392,1.0,1.0
133.0,133,361,26.096034047023306,632.3836871290773,11.185422719499032,3.0,1.0
133.0,133,362,996.7771317162905,702.9003087752966,7.755538950942392,1.0,1.0
133.0,133,363,602.2527639109522,505.2176526321316,7.755538950942392,1.0,1.0
133.0,133,364,1332.3355640650575,422.05714036714386,7.755538950942392,1.0,0.9999999999999999
133.0,133,365,116.99803311426776,70.81694095042306,7.755538950942392,1.0,1.0
133.0,133,366,843.1569953080964,156.0443752128071,7.755538950942392,1.0,1.0
133.0,133,367,1182.2869657637132,997.9331536357754,7.755538950942392,1.0,0.9999999999999999
133.0,133,368,1329.7474024390544,170.6753645916947,14.09274953626919,6.0,1.0
133.0,133,370,33.718794307188816,999.2306071800414,9.771366777571922,2.0,1.0
133.0,133,371,579.0728186957583,425.4829278101253,9.771366777571922,2.0,1.0
133.0,133,373,875.2723215014377,193.51613969206292,7.755538950942392,1.0,1.0
133.0,133,374,876.9416193955425,73.86199198733685,12.311150689306299,4.0,1.0
133.0,133,380,852.2370888220066,22.01649181894916,9.771366777571922,2.0,1.0
133.0,133,381,817.5915521089034,331.7166230747383,9.77136677757192,2.0,1.0
133.0,133,382,1341.06559493287,273.8525530019334,12.311150689306297,4.0,1.0
133.0,133,383,930.863023080588,502.68125733194347,9.771366777571922,2.0,0.9999999999999999
133.0,133,385,699.1259585212256,547.4718533894552,9.771366777571922,2.0,0.9999999999999999
133.0,133,387,818.1970244357792,264.5320478541978,9.77136677757192,2.0,1.0
133.0,133,388,178.14965819088349,650.5946624981416,7.755538950942392,1.0,1.0
133.0,133,390,363.58190635429514,177.0351277288775,13.261785059625714,5.0,1.0
133.0,133,391,742.8103970438078,496.25361694141395,14.09274953626919,6.0,1.0
133.0,133,393,272.5351143589112,905.6173764963842,7.755538950942392,1.0,1.0
133.0,133,396,1043.5813192298112,352.2956519281021,9.77136677757192,2.0,0.9999999999999999
133.0,133,399,525.7993731267342,611.7576231097672,11.185422719499032,3.0,1.0
133.0,133,400,224.79679868722337,376.6363594185952,7.755538950942392,1.0,1.0
133.0,133,403,647.271575950542,541.7983813352474,7.755538950942392,1.0,1.0
133.0,133,405,760.5002411220886,376.50736523902077,12.311150689306297,4.0,1.0
133.0,133,406,256.3173215985178,790.875257430692,14.092749536269183,6.0,0.9999999999999999
133.0,133,409,575.788244824939,873.1083572724485,12.311150689306299,4.0,1.0
133.0,133,410,571.7822560039963,535.8085075303574,9.771366777571922,2.0,0.9999999999999999
133.0,133,412,750.5201700199624,644.5673363798805,9.77136677757192,2.0,1.0
133.0,133,414,1209.2230116914916,499.7800416209704,11.185422719499034,3.0,1.0
133.0,133,415,1132.7191166718173,692.698761156193,7.755538950942392,1.0,0.9999999999999999
133.0,133,416,408.66698449281336,736.1025059089474,7.755538950942392,1.0,0.9999999999999999
133.0,133,417,908.0037518380536,511.4851216936618,11.185422719499034,3.0,1.0
133.0,133,418,537.8222596985661,682.2070390332566,9.77136677757192,2.0,1.0
133.0,133,419,332.902298715459,896.4396978602313,9.771366777571922,2.0,1.0
133.0,133,420,689.810529171629,964.2475137663541,9.771366777571922,2.0,1.0
133.0,133,421,984.7655815697067,334.2725211971957,11.185422719499034,3.0,1.0
133.0,133,422,157.6284594525231,669.942076903828,7.755538950942392,1.0,1.0
133.0,133,428,1061.4782108128122,188.87470185590755,9.77136677757192,2.0,1.0
133.0,133,431,266.4859303754312,591.7668090788655,7.755538950942392,1.0,1.0
133.0,133,432,355.5907668336321,773.9971555934511,11.185422719499034,3.0,1.0
133.0,133,433,286.16129593176805,595.2201407694421,9.77136677757192,2.0,1.0
133.0,133,435,885.8733019626309,228.34497157551627,7.755538950942392,1.0,0.9999999999999999
133.0,133,436,304.76320775342276,660.6249642768535,9.77136677757192,2.0,0.9999999999999999
133.0,133,438,869.9507709627036,717.5992197070204,7.755538950942392,1.0,0.9999999999999999
133.0,133,439,525.953986025584,860.0109623867432,12.311150689306299,4.0,1.0
133.0,133,441,952.9962468677633,429.22188710064927,12.311150689306297,4.0,1.0
133.0,133,442,502.40850203179855,325.4936763217397,7.755538950942392,1.0,1.0
133.0,133,443,215.27192984575575,742.4992432127375,7.755538950942392,1.0,1.0
133.0,133,445,1044.0789683185906,33.36258127023875,7.755538950942392,1.0,1.0
133.0,133,446,327.3283463388233,260.0531654577346,7.755538950942392,1.0,1.0
133.0,133,449,1198.658171539239,127.8547413086484,7.755538950942392,1.0,0.9999999999999999
133.0,133,451,1338.5387303078985,509.71397100189705,7.755538950942392,1.0,1.0
133.0,133,453,184.9576622975161,1013.3757736759316,7.755538950942392,1.0,1.0
133.0,133,455,852.2475649551029,207.73206720778444,12.311150689306299,4.0,1.0
133.0,133,456,303.9166475492466,807.9881714823659,11.185422719499032,3.0,1.0
133.0,133,459,1305.3913297578483,349.93329067160494,11.185422719499034,3.0,1.0
133.0,133,461,154.85120862749537,64.21689445259501,9.77136677757192,2.0,1.0
133.0,133,462,1092.5863826500868,307.6253863431203,7.755538950942392,1.0,1.0
133.0,133,465,799.8605724575425,180.7602997816919,7.755538950942392,1.0,0.9999999999999999
133.0,133,468,1210.716085735989,909.5394734249094,11.185422719499032,3.0,0.9999999999999999
133.0,133,469,1131.730273453256,887.44487710529,7.755538950942392,1.0,1.0
133.0,133,470,83.85952172349414,408.8113501485177,7.755538950942392,1.0,0.9999999999999999
133.0,133,472,308.0877196846511,130.77616348230939,7.755538950942392,1.0,1.0
133.0,133,473,398.61278161940913,919.2513162342273,7.755538950942392,1.0,1.0
133.0,133,476,493.1827158258714,143.04939899917247,15.51107790188478,8.0,1.0
133.0,133,477,272.892948319924,931.3750936058061,12.311150689306299,4.0,0.9999999999999999
133.0,133,479,358.60566364648685,928.6974329264941,7.755538950942392,1.0,1.0
133.0,133,481,589.853514600817,977.911948636071,11.185422719499034,3.0,1.0
133.0,133,485,1047.730322723223,680.1876118714072,7.755538950942392,1.0,1.0
133.0,133,486,406.43143987565145,126.07056642815726,7.755538950942392,1.0,1.0
133.0,133,487,1068.4006538802905,948.6475048180373,14.835812298463564,7.0,1.0
133.0,133,489,657.6130537074791,151.7322292218689,9.77136677757192,2.0,1.0
133.0,133,490,452.9799540543019,904.4385241542882,9.77136677757192,2.0,0.9999999999999999
133.0,133,491,644.7494675872579,751.113337972587,14.835812298463562,7.0,0.9999999999999999
133.0,133,494,818.5706125810422,764.2315986872403,9.77136677757192,2.0,1.0
133.0,133,496,687.1360177283763,514.1207139657221,9.771366777571922,2.0,1.0
133.0,133,497,1196.5575687461317,772.5489210954802,9.771366777571922,2.0,1.0
133.0,133,498,417.52702456287983,485.35663263946975,7.755538950942392,1.0,1.0
133.0,133,500,533.6039089711774,191.08386547530966,7.755538950942392,1.0,1.0
133.0,133,501,517.6991886038877,990.6734020597298,13.261785059625714,5.0,0.9999999999999999
133.0,133,503,544.2497676712748,38.28183948036978,16.132171110904203,9.0,0.9999999999999999
133.0,133,504,989.9390579454453,204.80313516083012,7.755538950942392,1.0,1.0
133.0,133,506,111.70116667159758,751.7326927999732,7.755538950942392,1.0,1.0
133.0,133,507,1339.7464550747675,309.9035474846558,7.755538950942392,1.0,0.9999999999999999
133.0,133,508,1171.2653340947966,517.7137565430106,12.311150689306299,4.0,1.0
133.0,133,509,1062.705595152774,864.4831028380237,9.77136677757192,2.0,1.0
133.0,133,510,602.6663933453375,222.13247256249352,13.261785059625714,5.0,1.0
133.0,133,511,518.8759970853733,501.1198544496994,9.77136677757192,2.0,0.9999999999999999
133.0,133,512,201.653469948195,871.9287046833614,11.185422719499034,3.0,1.0
133.0,133,513,1267.0311260163928,581.7687392171016,17.248164218530714,11.0,1.0
133.0,133,516,1220.5570000258876,384.84838465259264,11.185422719499032,3.0,1.0
133.0,133,517,904.9701767238935,836.1563241844648,9.77136677757192,2.0,1.0
133.0,133,518,126.3687479312555,528.7393030944272,12.311150689306299,4.0,0.9999999999999999
133.0,133,519,827.3975976181923,385.52124879986474,14.835812298463564,7.0,1.0
133.0,133,520,808.2305813945569,1017.0806640651109,11.185422719499034,3.0,1.0
133.0,133,521,837.5805013586214,50.05084035651029,14.09274953626919,6.0,1.0
133.0,133,522,986.0197220944575,987.8876604873944,7.755538950942392,1.0,1.0
133.0,133,523,968.3812368985386,188.5429894604617,7.755538950942392,1.0,1.0
133.0,133,524,865.8443176567646,877.1082144630643,9.77136677757192,2.0,1.0
133.0,133,529,778.6103296633042,563.1289750978945,7.755538950942392,1.0,1.0
133.0,133,530,118.60272182884474,679.6592565814175,9.771366777571922,2.0,1.0
133.0,133,533,834.4996221935636,873.6936910360396,11.185422719499034,3.0,0.9999999999999999
133.0,133,535,840.9132502525521,131.4922888877958,7.755538950942392,1.0,1.0
133.0,133,536,347.8916129990566,488.4807772323429,7.755538950942392,1.0,0.9999999999999999
133.0,133,538,550.6890818711881,452.70449119037033,11.185422719499032,3.0,1.0
133.0,133,539,966.5313332792152,226.68644856680137,9.771366777571922,2.0,1.0
133.0,133,540,306.4861636621633,547.2999609752931,7.755538950942392,1.0,0.9999999999999999
133.0,133,543,900.6188399792546,399.08415026535226,11.185422719499034,3.0,0.9999999999999999
133.0,133,546,1036.3228907771993,831.9905358915119,9.77136677757192,2.0,1.0
133.0,133,547,492.82322572179305,252.55448826867644,7.755538950942392,1.0,0.9999999999999999
133.0,133,548,892.6224281747076,446.2284187776896,12.311150689306299,4.0,0.9999999999999999
133.0,133,551,1248.947563015374,760.4854342206094,7.755538950942392,1.0,1.0
133.0,133,555,155.42815624752572,188.68533363052137,12.311150689306299,4.0,1.0
133.0,133,556,266.0222060410373,473.79541578234637,7.755538950942392,1.0,0.9999999999999999
133.0,133,557,599.4462451839651,315.9544356600242,12.311150689306299,4.0,1.0
133.0,133,559,1077.4391564049247,79.0771668699607,7.755538950942392,1.0,0.9999999999999999
133.0,133,561,1313.3657181633425,888.982241454871,7.755538950942392,1.0,1.0
133.0,133,562,181.14487306065186,235.80836038546147,11.185422719499032,3.0,1.0
133.0,133,563,439.61954951263925,411.52215530217643,7.755538950942392,1.0,0.9999999999999999
133.0,133,564,354.0183951026594,460.01994066240565,11.185422719499032,3.0,1.0
133.0,133,565,1213.3082253802536,752.7520596006292,9.771366777571922,2.0,1.0
133.0,133,568,1110.7696766557501,164.34507498753075,9.771366777571922,2.0,1.0
133.0,133,569,326.2715114605122,337.78591428069586,7.755538950942392,1.0,1.0
133.0,133,570,1308.248065134512,559.6800592008613,11.185422719499034,3.0,1.0
133.0,133,573,485.2979395096904,962.1518989712506,7.755538950942392,1.0,1.0
133.0,133,574,188.22432017108696,793.9197055296236,7.755538950942392,1.0,1.0
133.0,133,575,673.2227989397114,679.2658339866343,7.755538950942392,1.0,1.0
133.0,133,576,823.1099424046279,154.24096423584948,7.755538950942392,1.0,1.0
133.0,133,579,541.4271547150438,271.1288331888983,7.755538950942392,1.0,1.0
133.0,133,581,606.046430945861,828.5134882127534,13.261785059625714,5.0,1.0
133.0,133,582,560.4428730969548,279.5812534287579,9.77136677757192,2.0,1.0
133.0,133,583,1226.70472060336,257.3612557415183,11.185422719499034,3.0,0.9999999999999999
133.0,133,584,1081.4588087829518,781.8635395961452,7.755538950942392,1.0,1.0
133.0,133,586,389.59406274250676,2.4146713457390403,7.755538950942392,1.0,1.0
133.0,133,587,1072.2754561201416,827.1780706537953,9.77136677757192,2.0,1.0
133.0,133,592,885.6085374195185,305.99295910870273,9.77136677757192,2.0,1.0
133.0,133,593,692.6156792063408,791.6816988440447,9.77136677757192,2.0,1.0
133.0,133,594,528.8812571222622,899.5287276940592,11.185422719499034,3.0,0.9999999999999999
133.0,133,598,590.8174264601777,451.8653008092985,11.185422719499032,3.0,1.0
133.0,133,600,532.0508832468568,528.2958970181334,12.311150689306297,4.0,1.0
133.0,133,602,162.06834897305538,316.4081066953871,7.755538950942392,1.0,1.0
133.0,133,605,791.5198587720438,40.834040351601715,14.835812298463564,7.0,1.0
133.0,133,606,1215.2432913776795,631.574886337177,9.771366777571922,2.0,0.9999999999999999
133.0,133,607,1160.4213612113347,173.83302166249524,12.311150689306297,4.0,0.9999999999999999
133.0,133,608,936.6607126636346,706.7525615778611,9.771366777571922,2.0,0.9999999999999999
133.0,133,609,998.4165429489574,853.9049914199386,7.755538950942392,1.0,1.0
133.0,133,612,349.06825408929694,316.52166723865184,14.09274953626919,6.0,1.0
133.0,133,613,1260.4614599244396,721.9333173655338,7.755538950942392,1.0,0.9999999999999999
133.0,133,614,397.25114973819393,763.234387686252,12.311150689306299,4.0,1.0
133.0,133,619,638.9349353066497,249.26941404537584,7.755538950942392,1.0,0.9999999999999999
133.0,133,621,182.387411414136,42.614972353123726,7.755538950942392,1.0,0.9999999999999999
133.0,133,622,263.0415755618301,44.53660547682343,7.755538950942392,1.0,0.9999999999999999
133.0,133,625,576.8203418545294,746.1445571374029,7.755538950942392,1.0,1.0
133.0,133,626,899.2628342840103,177.50117294464872,7.755538950942392,1.0,1.0
133.0,133,627,1253.8955120426895,22.854591918011245,14.09274953626919,6.0,1.0
133.0,133,629,802.4451619514589,882.695683743341,11.185422719499032,3.0,1.0
133.0,133,632,405.2947364768466,708.3360173461681,9.771366777571922,2.0,1.0
133.0,133,633,1108.1985933646972,83.92975626325939,9.77136677757192,2.0,1.0
133.0,133,636,678.2819652578396,928.7273052679257,12.311150689306299,4.0,1.0
133.0,133,638,75.85274241050317,229.02484610582584,7.755538950942392,1.0,1.0
133.0,133,640,41.02402982272082,449.05650108971145,7.755538950942392,1.0,1.0
133.0,133,641,155.94432365976672,923.0305438673059,7.755538950942392,1.0,1.0
133.0,133,646,377.84120790583967,892.1231771926595,13.261785059625714,5.0,1.0
133.0,133,647,176.84059659511502,282.80157998138793,9.771366777571922,2.0,1.0
133.0,133,649,1117.5968621527238,115.68434777186262,9.77136677757192,2.0,1.0
133.0,133,654,1295.9048071457519,120.70391599324134,11.185422719499034,3.0,1.0
133.0,133,655,579.1055386732327,698.9789884960585,7.755538950942392,1.0,1.0
133.0,133,658,568.8415912286775,346.93543866398363,14.835812298463564,7.0,0.9999999999999999
133.0,133,659,1293.494225344005,964.1367953656495,9.771366777571922,2.0,1.0
133.0,133,662,1132.5392233313046,968.7307846781483,7.755538950942392,1.0,1.0
133.0,133,665,1035.7866893945704,112.13478240072897,11.185422719499032,3.0,1.0
133.0,133,666,1231.1028377089879,1004.9070325472985,13.261785059625714,5.0,1.0
133.0,133,667,186.0046038756005,89.1118506152412,7.755538950942392,1.0,1.0
133.0,133,668,235.6792069811479,949.6939064018115,7.755538950942392,1.0,1.0
133.0,133,671,1028.538307721471,86.37318258577719,7.755538950942392,1.0,1.0
133.0,133,672,803.2671463449898,983.3646931830687,7.755538950942392,1.0,0.9999999999999999
133.0,133,674,1059.4267019450779,641.1905536823914,7.755538950942392,1.0,1.0
133.0,133,675,388.29123283806814,495.9004764223467,7.755538950942392,1.0,1.0
133.0,133,682,1216.8457306640837,83.75746185163821,7.755538950942392,1.0,1.0
133.0,133,684,1307.1180899023652,940.0616591553134,11.185422719499034,3.0,1.0
133.0,133,687,1206.7450833687628,284.1965834248533,12.311150689306297,4.0,0.9999999999999999
133.0,133,688,239.91650638056296,491.4182251419895,7.755538950942392,1.0,0.9999999999999999
133.0,133,689,433.01907222068843,612.5643334783829,7.755538950942392,1.0,1.0
133.0,133,694,1107.1985040759089,880.378991914624,7.755538950942392,1.0,1.0
133.0,133,698,672.9868452286348,96.95900658048507,9.771366777571922,2.0,1.0
133.0,133,700,446.16888997116814,508.37114981182293,12.311150689306299,4.0,1.0
133.0,133,702,693.7131167687112,38.31466189635542,7.755538950942392,1.0,1.0
133.0,133,704,142.83402755099308,253.48370161443077,9.771366777571922,2.0,1.0
133.0,133,705,412.46754425648686,416.5594709050024,12.311150689306299,4.0,1.0
133.0,133,706,301.56336177370423,205.50104351800516,11.185422719499032,3.0,1.0
133.0,133,707,254.22572760245126,250.75977604347165,11.185422719499032,3.0,1.0
133.0,133,710,814.6577616879358,671.7772258584167,9.771366777571922,2.0,1.0
133.0,133,717,518.2591579364432,653.7262747896156,14.09274953626919,6.0,1.0
133.0,133,718,432.0598194857677,161.01010902408342,9.771366777571922,2.0,1.0
133.0,133,720,638.9549611436457,832.079701458672,9.77136677757192,2.0,0.9999999999999999
133.0,133,722,1003.6886503170435,786.2424233647343,13.261785059625714,5.0,1.0
133.0,133,723,429.231847582169,590.9034499486423,11.185422719499032,3.0,1.0
133.0,133,724,894.019509868329,621.4583911382205,7.755538950942392,1.0,0.9999999999999999
133.0,133,726,1270.1379587608556,53.06334172680916,9.771366777571922,2.0,1.0
133.0,133,728,1031.17916631247,393.5684165103023,7.755538950942392,1.0,1.0
133.0,133,729,566.9752032615459,101.10287388983281,11.185422719499034,3.0,1.0
133.0,133,730,690.1763327781227,464.96814293788594,9.77136677757192,2.0,1.0
133.0,133,733,239.60897183385828,291.6345690357835,12.311150689306297,4.0,1.0
133.0,133,734,1332.1039525830424,23.62323666432613,7.755538950942392,1.0,1.0
133.0,133,735,721.2206376668983,3.9507870148802584,7.755538950942392,1.0,0.9999999999999999
133.0,133,737,1099.9175951758389,486.2722354534359,13.26178505962571,5.0,0.9999999999999999
133.0,133,740,1236.9133829121668,957.2730410811965,7.755538950942392,1.0,1.0
133.0,133,746,1270.6147803187312,386.6173834518117,9.77136677757192,2.0,1.0
133.0,133,750,787.3074831397023,249.40524653331562,9.77136677757192,2.0,1.0
133.0,133,752,1302.8619791710487,703.2213919228857,9.771366777571922,2.0,1.0
133.0,133,753,643.0066120372072,479.94531572257614,9.771366777571922,2.0,1.0
133.0,133,754,551.661025494314,722.8082657395618,7.755538950942392,1.0,1.0
133.0,133,755,937.4910925623115,133.7921812820399,9.771366777571922,2.0,0.9999999999999999
133.0,133,757,770.9508078403635,490.2756323533185,11.185422719499034,3.0,1.0
133.0,133,758,645.3301655634684,409.33756431899013,9.77136677757192,2.0,1.0
133.0,133,759,52.57783277135916,619.4346817491435,11.185422719499032,3.0,0.9999999999999999
133.0,133,760,155.17843531114508,1020.9861593806846,11.185422719499034,3.0,0.9999999999999999
133.0,133,762,989.3456635063752,44.54617626437852,11.185422719499032,3.0,1.0
133.0,133,764,217.0669248940354,667.8751376073512,7.755538950942392,1.0,0.9999999999999999
133.0,133,765,728.2452400786959,464.6278613963569,11.185422719499034,3.0,1.0
133.0,133,766,357.70718657607983,1.2363181103641019,11.185422719499034,3.0,1.0
133.0,133,767,362.68030922081937,601.2051312916655,7.755538950942392,1.0,1.0
133.0,133,768,713.901601765165,638.6503618366348,15.511077901884784,8.0,1.0
133.0,133,769,4.794899898003163,687.976392959328,12.311150689306299,4.0,1.0
133.0,133,772,1032.0134089057738,909.3841062751696,7.755538950942392,1.0,0.9999999999999999
133.0,133,773,926.281200865274,650.221069836296,9.771366777571922,2.0,1.0
133.0,133,774,67.21928968813455,839.7488454404631,11.185422719499034,3.0,1.0
133.0,133,776,1068.3205677860476,146.8409072749556,14.092749536269187,6.0,1.0
133.0,133,777,391.0938909115135,337.486495321706,7.755538950942392,1.0,1.0
133.0,133,780,237.61382348780884,685.6423689412321,11.185422719499032,3.0,1.0
133.0,133,781,427.74363990498466,202.830730556765,7.755538950942392,1.0,1.0
133.0,133,782,151.42108498358874,575.1158469056643,12.311150689306297,4.0,1.0
133.0,133,783,166.72044496247085,701.0378874983244,14.09274953626919,6.0,1.0
133.0,133,786,478.13830762016363,829.3978397458429,7.755538950942392,1.0,1.0
133.0,133,787,739.210530472085,859.5467256846587,11.185422719499032,3.0,1.0
133.0,133,788,1130.230720364959,402.605226218935,7.755538950942392,1.0,1.0
133.0,133,789,396.27257105743007,969.0237504001756,12.311150689306299,4.0,1.0
133.0,133,790,707.269146210439,913.4190470751711,11.185422719499034,3.0,1.0
133.0,133,791,922.5094510706888,950.0397257312459,12.311150689306299,4.0,1.0
133.0,133,792,566.7062361368799,770.5297547066497,15.511077901884784,8.0,1.0
133.0,133,795,239.35272854818908,837.5390853046414,11.185422719499032,3.0,0.9999999999999999
133.0,133,796,240.85845582904437,315.8354730091913,7.755538950942392,1.0,1.0
133.0,133,799,39.978120107235924,202.16802456308014,7.755538950942392,1.0,1.0
133.0,133,800,346.84762841067663,725.8821097584746,9.77136677757192,2.0,1.0
133.0,133,805,718.7779781834604,975.9691356964639,9.77136677757192,2.0,1.0
133.0,133,806,381.05129106699496,681.5597067798109,9.771366777571922,2.0,1.0
133.0,133,809,1194.777278882195,473.82872327615746,9.77136677757192,2.0,1.0
133.0,133,811,822.5384949092266,554.0325982849618,16.132171110904203,9.0,1.0
133.0,133,812,46.74240468443354,408.56544386922246,7.755538950942392,1.0,1.0
133.0,133,815,472.30792091169303,563.867386627256,9.77136677757192,2.0,1.0
133.0,133,817,1187.7051088756966,729.1729939178201,9.77136677757192,2.0,1.0
133.0,133,818,275.2686582617532,1015.756545362827,7.755538950942392,1.0,1.0
133.0,133,819,1028.9139963560142,945.2998696749229,7.755538950942392,1.0,1.0
133.0,133,820,1103.911835213569,577.4649907868899,7.755538950942392,1.0,1.0
133.0,133,821,1313.0863381626723,36.88410172524249,13.261785059625714,5.0,1.0
133.0,133,823,464.2326752747852,688.2598450853836,7.755538950942392,1.0,1.0
133.0,133,826,981.1991572270905,829.4771395031177,9.771366777571922,2.0,1.0
133.0,133,828,148.38725218119754,814.8661362446279,9.77136677757192,2.0,1.0
133.0,133,829,782.2621801694605,143.0944772659684,9.77136677757192,2.0,0.9999999999999999
133.0,133,830,433.76573991531404,748.5019178387219,9.771366777571922,2.0,1.0
133.0,133,831,830.9948990490568,612.0305946154043,9.771366777571922,2.0,1.0
133.0,133,832,1039.144124652074,462.6372215200226,12.311150689306297,4.0,1.0
133.0,133,833,450.5737178694002,330.15586292459426,12.311150689306299,4.0,1.0
133.0,133,837,952.8130625108676,640.7018026818788,11.185422719499034,3.0,1.0
133.0,133,838,301.3488294607799,310.4488389479932,7.755538950942392,1.0,1.0
133.0,133,839,969.4386065394409,91.64202371080135,7.755538950942392,1.0,0.9999999999999999
133.0,133,840,749.4095934403528,678.9111012252631,7.755538950942392,1.0,1.0
133.0,133,841,890.2849665620664,585.9169486855671,12.311150689306297,4.0,1.0
133.0,133,842,41.021770094030806,507.5275631562412,7.755538950942392,1.0,1.0
133.0,133,843,934.8140175527159,907.5109305017263,7.755538950942392,1.0,0.9999999999999999
133.0,133,845,1337.6771037465926,624.524080797233,7.755538950942392,1.0,1.0
133.0,133,846,686.6601143049512,440.57447240683376,9.77136677757192,2.0,1.0
133.0,133,848,591.5864191863944,627.8047028566314,13.261785059625714,5.0,0.9999999999999999
133.0,133,851,1318.5061660930746,656.0325170338358,14.09274953626919,6.0,1.0
133.0,133,853,471.40676425250183,799.0524291417321,13.261785059625714,5.0,1.0
133.0,133,855,590.0176557424345,600.6167892514698,7.755538950942392,1.0,1.0
133.0,133,857,746.2255224449731,889.5957699670553,9.771366777571922,2.0,1.0
133.0,133,859,891.3501271804546,777.102806868204,9.771366777571922,2.0,1.0
133.0,133,861,998.42679979998,71.02012606850604,7.755538950942392,1.0,1.0
133.0,133,862,308.964709993538,577.5207989471694,9.771366777571922,2.0,1.0
133.0,133,865,844.3529346065591,103.34574195790208,7.755538950942392,1.0,1.0
133.0,133,866,934.9567044394734,10.633744375174292,9.77136677757192,2.0,1.0
133.0,133,868,1298.6559658862402,805.0574133515948,14.092749536269187,6.0,0.9999999999999999
133.0,133,869,1327.0916543658902,120.94746801186551,11.185422719499034,3.0,1.0
133.0,133,870,230.44910415629744,180.53143008709534,7.755538950942392,1.0,1.0
133.0,133,871,703.3117859687329,759.9204476911393,13.261785059625714,5.0,1.0
133.0,133,872,1043.4890374696413,442.3731041651055,7.755538950942392,1.0,1.0
133.0,133,873,59.4569802101436,396.3380520883068,7.755538950942392,1.0,0.9999999999999999
133.0,133,877,174.39285525842143,432.4539403428414,7.755538950942392,1.0,1.0
133.0,133,879,705.7565666255442,331.5166916121167,11.185422719499034,3.0,1.0
133.0,133,882,292.18376743175975,638.0245116430175,7.755538950942392,1.0,1.0
133.0,133,883,9.155059267037398,139.72562984886483,9.77136677757192,2.0,1.0
133.0,133,884,658.548958979225,338.8870464642333,11.185422719499034,3.0,1.0
133.0,133,886,80.53667670359458,648.9118166716333,9.77136677757192,2.0,1.0
133.0,133,887,440.4873643396479,236.75590834164214,12.311150689306299,4.0,1.0
133.0,133,890,1266.5176375785609,245.5076118242834,11.185422719499032,3.0,1.0
133.0,133,892,344.1828971043098,48.0722566816914,7.755538950942392,1.0,1.0
133.0,133,894,1190.9503840991238,1022.367230965688,11.185422719499034,3.0,1.0
133.0,133,896,231.29965176693008,925.2660758497179,7.755538950942392,1.0,1.0
133.0,133,897,738.2872305083641,580.4876663709463,9.77136677757192,2.0,1.0
133.0,133,898,1070.8344984536784,295.4811833801033,11.185422719499034,3.0,1.0
133.0,133,899,1195.1926510849587,835.9406580282994,13.261785059625714,5.0,1.0
133.0,133,901,1060.0260113409215,1021.4132553775155,11.185422719499032,3.0,1.0
133.0,133,903,280.1254900575673,373.8596235504579,16.708802155803774,10.0,1.0
133.0,133,905,711.3197278593467,873.4105620788891,12.311150689306299,4.0,1.0
133.0,133,907,1163.6742699492902,919.838246021218,9.771366777571922,2.0,1.0
133.0,133,910,1273.1580671875618,788.0181390662972,9.77136677757192,2.0,1.0
133.0,133,912,430.8160644125382,901.1185000565115,7.755538950942392,1.0,1.0
133.0,133,913,305.9071822881054,735.5303358670043,7.755538950942392,1.0,1.0
133.0,133,914,864.8132131581049,374.052909725735,12.311150689306297,4.0,1.0
133.0,133,915,36.168047153201705,62.42016397772154,7.755538950942392,1.0,1.0
133.0,133,916,836.0167901897665,302.2896612114603,7.755538950942392,1.0,0.9999999999999999
133.0,133,921,1225.2729988104736,474.2581083981344,7.755538950942392,1.0,0.9999999999999999
133.0,133,924,643.7346450829317,2.416565719420425,9.77136677757192,2.0,1.0
133.0,133,925,907.9080569488075,346.8789134160369,12.311150689306299,4.0,1.0
133.0,133,926,233.61963188088941,87.81139491491295,14.092749536269185,6.0,1.0
133.0,133,927,1251.6263236219816,87.99978887388019,14.835812298463562,7.0,1.0
133.0,133,932,1279.7654285082417,534.1229729516922,12.311150689306299,4.0,1.0
133.0,133,933,1021.7845452795905,198.9835599937572,7.755538950942392,1.0,1.0
133.0,133,934,310.3797501655125,27.84781426541931,14.09274953626919,6.0,1.0
133.0,133,936,529.9931769272848,403.1395644536003,9.77136677757192,2.0,1.0
133.0,133,937,929.5660684273905,1006.1435594119584,9.77136677757192,2.0,0.9999999999999999
133.0,133,939,1163.3136814972158,135.80683628592217,9.77136677757192,2.0,0.9999999999999999
133.0,133,941,51.37290699492816,950.2411347343159,11.185422719499032,3.0,0.9999999999999999
133.0,133,947,418.10006449125945,65.76246114814695,7.755538950942392,1.0,1.0
133.0,133,949,1213.1243292141774,35.68081877791889,11.185422719499032,3.0,1.0
133.0,133,950,386.6730747618911,631.5278669977846,13.261785059625712,5.0,1.0
133.0,133,951,97.24331766410585,324.56252705055863,13.261785059625714,5.0,1.0
133.0,133,952,186.00021367579646,181.7094766085945,7.755538950942392,1.0,1.0
133.0,133,953,584.552392305124,137.33228376626303,9.77136677757192,2.0,1.0
133.0,133,955,473.1699613090917,411.98562563210993,11.185422719499034,3.0,1.0
133.0,133,956,1066.4662659417613,608.5948157017933,9.77136677757192,2.0,1.0
133.0,133,957,267.37080931014134,532.1991081583126,12.311150689306297,4.0,1.0
133.0,133,959,188.74805356385698,904.4806018370272,9.77136677757192,2.0,1.0
133.0,133,961,276.1946652470288,180.36002351656532,9.77136677757192,2.0,0.9999999999999999
133.0,133,962,1305.384268046611,854.6477924989944,16.132171110904203,9.0,0.9999999999999999
133.0,133,963,387.77008532558875,185.86351796088206,9.77136677757192,2.0,1.0
133.0,133,965,860.6563181498935,483.9579668130676,7.755538950942392,1.0,0.9999999999999999
133.0,133,969,442.8899969228144,468.7883081102462,9.77136677757192,2.0,1.0
133.0,133,971,1169.1462483539515,819.9677602815042,7.755538950942392,1.0,1.0
133.0,133,972,496.02015836046513,588.5618658880383,11.185422719499032,3.0,0.9999999999999999
133.0,133,975,38.498491535323886,727.7931535281293,7.755538950942392,1.0,1.0
133.0,133,977,1030.3028122719895,145.66053165516297,7.755538950942392,1.0,0.9999999999999999
133.0,133,980,338.3472847648608,754.7383203500232,9.771366777571922,2.0,1.0
133.0,133,981,985.170442906089,404.3598443447533,7.755538950942392,1.0,1.0
133.0,133,983,921.889174473564,527.4646148835709,7.755538950942392,1.0,1.0
133.0,133,985,1246.3229171532348,937.8095567242384,12.311150689306299,4.0,1.0
133.0,133,986,1161.8103139811135,781.9072543728503,13.261785059625714,5.0,1.0
133.0,133,987,1168.057465477176,873.9333442012766,7.755538950942392,1.0,0.9999999999999999
133.0,133,988,1128.4235489837788,604.0252015876376,7.755538950942392,1.0,1.0
133.0,133,989,532.4050649199403,950.7961632424478,12.311150689306297,4.0,0.9999999999999999
133.0,133,995,36.03259069627509,15.236096816096227,14.092749536269185,6.0,1.0
133.0,133,996,259.21103412536456,856.0144477588753,9.77136677757192,2.0,1.0
133.0,133,998,4.777952781168679,977.3166959420175,7.755538950942392,1.0,0.9999999999999999
133.0,133,1000,173.30763005707405,871.7299423058822,9.77136677757192,2.0,1.0
137.0,137,1,104.66374376093353,938.6331032526424,7.755538950942392,1.0,1.0
137.0,137,3,952.5054287223052,301.95482463860543,13.261785059625714,5.0,0.9999999999999999
137.0,137,6,459.5963961414836,101.09564790550994,7.755538950942392,1.0,1.0
137.0,137,8,346.88346344206457,208.4858747663686,16.708802155803774,10.0,1.0
137.0,137,9,1074.5863527942993,417.7035436049516,9.77136677757192,2.0,1.0
137.0,137,10,1149.8964427253725,306.4468051284893,7.755538950942392,1.0,0.9999999999999999
137.0,137,11,854.2776854957148,943.1584816537124,9.77136677757192,2.0,1.0
137.0,137,15,1014.1565679285039,298.2351451993482,7.755538950942392,1.0,1.0
137.0,137,17,198.68591052925214,273.79596304629115,7.755538950942392,1.0,1.0
137.0,137,18,644.4510580995121,652.4692287687981,7.755538950942392,1.0,1.0
137.0,137,20,348.52492422542883,966.6311614797962,9.77136677757192,2.0,1.0
137.0,137,22,141.58670899606662,462.18318751749274,11.185422719499032,3.0,1.0
137.0,137,23,1336.840207873822,819.588291464241,13.261785059625712,5.0,1.0
137.0,137,28,907.5785915117166,898.308606487296,7.755538950942392,1.0,1.0
137.0,137,29,1101.6363367531235,5.953573908067333,13.261785059625714,5.0,0.9999999999999999
137.0,137,31,958.0544760322767,152.79435039128055,7.755538950942392,1.0,1.0
137.0,137,35,191.66268975577347,746.4192211968708,9.771366777571922,2.0,1.0
137.0,137,37,866.1627980695217,914.9513655189897,9.771366777571922,2.0,1.0
137.0,137,38,964.123885553053,721.297992641823,7.755538950942392,1.0,1.0
137.0,137,39,1330.4957550909855,1001.0510065618922,9.771366777571922,2.0,1.0
137.0,137,40,961.1782725695444,929.0198355477713,9.77136677757192,2.0,1.0
137.0,137,41,432.8509399649167,285.94820978880455,11.185422719499034,3.0,1.0
137.0,137,43,777.2051200830499,821.4124379004666,7.755538950942392,1.0,0.9999999999999999
137.0,137,44,742.9122377913939,57.64385004734557,12.311150689306299,4.0,1.0
137.0,137,45,887.4100943154231,957.1708514202849,7.755538950942392,1.0,1.0
137.0,137,46,1145.5586175366025,358.13046184978157,7.755538950942392,1.0,1.0
137.0,137,51,1318.3803220109191,210.85188070627453,13.261785059625712,5.0,0.9999999999999999
137.0,137,53,135.889461903295,118.48619518356482,7.755538950942392,1.0,1.0
137.0,137,55,1246.4447277783906,606.9935683032528,7.755538950942392,1.0,1.0
137.0,137,57,1058.5438972337774,723.1381527938673,13.261785059625714,5.0,1.0
137.0,137,59,35.62780417714124,143.14178612710054,7.755538950942392,1.0,1.0
137.0,137,60,52.28309872719273,234.11488249063947,9.77136677757192,2.0,1.0
137.0,137,61,881.0993225639725,1003.0330787014059,9.771366777571922,2.0,1.0
137.0,137,62,576.3212441392378,0.22847590490360303,7.755538950942392,1.0,1.0
137.0,137,63,1132.2439654053694,633.7240100348405,7.755538950942392,1.0,1.0
137.0,137,65,692.9829309317795,834.6303922904387,7.755538950942392,1.0,1.0
137.0,137,66,972.1422247427555,1007.2006878297997,9.771366777571922,2.0,1.0
137.0,137,67,1082.0756904356615,253.26903566274356,13.261785059625712,5.0,1.0
137.0,137,68,1243.3716811751203,662.97524152962,7.755538950942392,1.0,1.0
137.0,137,70,1154.3299180694783,477.65193768732996,7.755538950942392,1.0,1.0
137.0,137,71,775.4753223476139,787.8637359346442,11.185422719499034,3.0,1.0
137.0,137,73,533.6823281124856,305.3811636882559,7.755538950942392,1.0,0.9999999999999999
137.0,137,77,431.1094127465987,836.8437401235186,13.261785059625714,5.0,1.0
137.0,137,78,1102.9169905147771,181.31119660405767,7.755538950942392,1.0,0.9999999999999999
137.0,137,79,829.1412054301283,229.64091519237402,9.77136677757192,2.0,1.0
137.0,137,80,1013.019356715199,353.85331390793715,9.771366777571922,2.0,1.0
137.0,137,81,621.661004851845,9.8570329571539,11.185422719499034,3.0,0.9999999999999999
137.0,137,83,1189.2192799658299,420.9447192692894,7.755538950942392,1.0,1.0
137.0,137,85,112.68281438486922,792.5818073858704,7.755538950942392,1.0,1.0
137.0,137,86,1031.5182022424576,515.3981262300919,9.77136677757192,2.0,1.0
137.0,137,87,700.6153639947963,129.80659739394804,7.755538950942392,1.0,1.0
137.0,137,88,65.52204747516896,498.89423844551766,9.77136677757192,2.0,1.0
137.0,137,90,817.7677656828724,416.1413605499026,7.755538950942392,1.0,1.0
137.0,137,92,1095.679116743681,696.3668064459282,7.755538950942392,1.0,0.9999999999999999
137.0,137,93,287.9263988442502,280.09518549454424,9.77136677757192,2.0,1.0
137.0,137,94,660.0688720319456,877.7059112295301,12.311150689306299,4.0,1.0
137.0,137,97,941.9076442349162,67.26715114772878,12.311150689306297,4.0,1.0
137.0,137,100,367.55227820640215,813.4116699426294,7.755538950942392,1.0,0.9999999999999999
137.0,137,103,217.4150773107542,11.737554078507777,7.755538950942392,1.0,1.0
137.0,137,104,376.9878965159989,580.4029569690613,9.771366777571922,2.0,1.0
137.0,137,107,444.0122734031078,135.21518286222692,7.755538950942392,1.0,1.0
137.0,137,110,650.000531796765,618.4224909921071,7.755538950942392,1.0,1.0
137.0,137,116,1157.2418113430444,55.93702582589285,11.185422719499032,3.0,1.0
137.0,137,118,275.47353851554135,442.54772867785533,9.77136677757192,2.0,1.0
137.0,137,119,1042.8393175386943,565.8233034416783,11.185422719499032,3.0,1.0
137.0,137,121,110.89152659665935,229.16972526793796,14.09274953626919,6.0,1.0
137.0,137,122,853.7026564333662,259.49052940819297,14.835812298463564,7.0,1.0
137.0,137,125,417.0225994011187,993.7099666642968,12.311150689306299,4.0,1.0
137.0,137,126,1343.1877364217862,468.14252601466814,7.755538950942392,1.0,0.9999999999999999
137.0,137,129,781.7124809098552,668.9755549966329,7.755538950942392,1.0,1.0
137.0,137,130,1203.2625393759822,437.3762097144605,7.755538950942392,1.0,1.0
137.0,137,131,1240.7768854478081,310.29217606788626,9.771366777571922,2.0,1.0
137.0,137,132,1287.5815006116732,174.50916102369536,13.261785059625714,5.0,1.0
137.0,137,134,117.68233665022463,833.6662800557898,11.185422719499034,3.0,1.0
137.0,137,138,477.75248270372094,1014.2564458581022,7.755538950942392,1.0,0.9999999999999999
137.0,137,142,1295.397535014011,292.82011937065437,7.755538950942392,1.0,1.0
137.0,137,143,607.7298710671203,108.93667709670582,14.835812298463564,7.0,0.9999999999999999
137.0,137,144,1276.4257285149263,977.3372101337798,9.77136677757192,2.0,1.0
137.0,137,145,126.04946695395176,862.6412245388051,9.77136677757192,2.0,1.0
137.0,137,146,1061.5805926887322,531.0683131460875,7.755538950942392,1.0,1.0
137.0,137,148,551.6285607779984,158.18111044669322,12.311150689306299,4.0,1.0
137.0,137,149,171.53599425232434,977.305117300411,7.755538950942392,1.0,1.0
137.0,137,150,703.0858960438534,378.95378102592883,12.311150689306299,4.0,0.9999999999999999
137.0,137,151,468.80997631162796,669.6497692831088,7.755538950942392,1.0,1.0
137.0,137,152,1165.1466093162528,668.9250018522496,7.755538950942392,1.0,1.0
137.0,137,153,52.214487582813604,557.2239488099698,11.185422719499034,3.0,0.9999999999999999
137.0,137,156,878.3877517611432,810.143743045916,7.755538950942392,1.0,1.0
137.0,137,163,64.31346959376262,61.55429777275236,7.755538950942392,1.0,1.0
137.0,137,164,359.468042905569,68.6168896323788,9.771366777571922,2.0,1.0
137.0,137,165,139.67687547511446,6.6258056836816515,12.311150689306299,4.0,1.0
137.0,137,166,506.8092154727796,88.64771673477563,12.311150689306297,4.0,1.0
137.0,137,170,982.8252971047523,685.2932004542841,7.755538950942392,1.0,1.0
137.0,137,172,819.4078051239551,814.5832814704846,7.755538950942392,1.0,1.0
137.0,137,173,1341.4290457000393,64.73376274712938,13.261785059625712,5.0,0.9999999999999999
137.0,137,174,972.0578736679128,748.45487074316,9.771366777571922,2.0,1.0
137.0,137,181,474.4941876195389,937.0657066967483,11.185422719499032,3.0,1.0
137.0,137,186,228.2494930064224,613.5630812812607,12.311150689306297,4.0,1.0
137.0,137,187,608.6555214635854,902.6648298035893,7.755538950942392,1.0,1.0
137.0,137,188,593.9004179785347,284.0152009744987,9.771366777571922,2.0,1.0
137.0,137,189,817.4632461572135,917.6102453928078,7.755538950942392,1.0,1.0
137.0,137,191,1070.5011689049481,761.5658988558199,11.185422719499032,3.0,1.0
137.0,137,193,353.62103842395555,108.55727706918924,11.185422719499032,3.0,0.9999999999999999
137.0,137,199,204.15978208705923,542.6089899679775,16.708802155803774,10.0,1.0
137.0,137,201,150.06329000298052,436.9334545299283,9.77136677757192,2.0,1.0
137.0,137,208,1037.5789093227108,282.2177592578693,9.77136677757192,2.0,1.0
137.0,137,210,105.18192651124224,1009.8296968092949,16.132171110904203,9.0,1.0
137.0,137,213,481.34171587516124,750.6973027082036,7.755538950942392,1.0,1.0
137.0,137,214,29.21060784844709,246.657100389296,7.755538950942392,1.0,1.0
137.0,137,215,348.5285567476832,422.6314260099831,12.311150689306297,4.0,1.0
137.0,137,218,676.1678081931266,303.1594529648044,9.77136677757192,2.0,1.0
137.0,137,219,305.8268256017187,94.46663726206812,7.755538950942392,1.0,1.0
137.0,137,220,313.5410443419563,919.9272900445961,12.311150689306299,4.0,1.0
137.0,137,221,111.62318833854773,185.25091886331356,14.835812298463564,7.0,1.0
137.0,137,224,560.4629581715509,252.7520960984802,9.771366777571922,2.0,0.9999999999999999
137.0,137,228,897.5463676218565,27.23177712598932,12.311150689306299,4.0,1.0
137.0,137,230,1130.027057340862,732.2755838971622,7.755538950942392,1.0,1.0
137.0,137,231,741.4927375634,316.7603704395753,11.185422719499032,3.0,1.0
137.0,137,232,501.2330669732148,234.35722447317696,7.755538950942392,1.0,1.0
137.0,137,238,906.5688328222899,858.3066992451351,7.755538950942392,1.0,1.0
137.0,137,241,1216.1698497280129,512.3481680604666,14.83581229846356,7.0,1.0
137.0,137,242,743.7244878508311,30.65027378029054,7.755538950942392,1.0,1.0
137.0,137,243,79.89053759088509,687.9790074393829,7.755538950942392,1.0,0.9999999999999999
137.0,137,245,733.6721904590676,803.9625805436542,11.185422719499034,3.0,0.9999999999999999
137.0,137,247,389.0971887022808,213.04036878519028,7.755538950942392,1.0,0.9999999999999999
137.0,137,248,463.1523538078892,197.57213000649,9.77136677757192,2.0,1.0
137.0,137,250,512.1787349109851,806.218492575327,7.755538950942392,1.0,1.0
137.0,137,256,924.7200691993197,723.907871786064,7.755538950942392,1.0,1.0
137.0,137,259,748.4279586916406,170.19265422171713,13.26178505962571,5.0,1.0
137.0,137,260,1088.9259939097353,798.7592412065982,7.755538950942392,1.0,0.9999999999999999
137.0,137,261,253.54967769730405,426.38205951725917,7.755538950942392,1.0,1.0
137.0,137,262,845.7633202526961,991.7150599864341,11.185422719499034,3.0,1.0
137.0,137,263,96.8886773502594,146.8470459912579,12.311150689306299,4.0,1.0
137.0,137,264,945.7097075356173,813.3352833297348,7.755538950942392,1.0,0.9999999999999999
137.0,137,265,9.62071973966209,442.12503947422044,7.755538950942392,1.0,0.9999999999999999
137.0,137,268,1015.7726660812126,231.92676497720524,7.755538950942392,1.0,0.9999999999999999
137.0,137,269,108.84534592547895,383.4840507999402,11.185422719499032,3.0,1.0
137.0,137,273,622.615912706799,584.8210733684363,7.755538950942392,1.0,1.0
137.0,137,274,792.204680137355,851.0678152206445,7.755538950942392,1.0,1.0
137.0,137,275,1173.4586512928825,386.4059291089402,7.755538950942392,1.0,1.0
137.0,137,276,1096.2759144082497,527.7044264244824,7.755538950942392,1.0,1.0
137.0,137,278,1248.2102317559757,356.5707248969218,14.092749536269187,6.0,1.0
137.0,137,279,123.51716212895727,635.3262857905132,13.261785059625714,5.0,1.0
137.0,137,281,1185.3942934152467,539.9943602989496,12.311150689306299,4.0,1.0
137.0,137,283,682.2578253568539,582.9993164677925,14.09274953626919,6.0,1.0
137.0,137,284,85.8165038957121,802.5453429064282,7.755538950942392,1.0,1.0
137.0,137,285,858.4707189274527,638.8880684362889,7.755538950942392,1.0,1.0
137.0,137,286,1133.0245328148849,257.115294256883,7.755538950942392,1.0,1.0
137.0,137,287,103.80011779519991,714.8813259639113,7.755538950942392,1.0,1.0
137.0,137,289,1233.8728373745964,819.9421106683644,13.261785059625714,5.0,1.0
137.0,137,291,507.6468628823231,360.1593098120139,9.771366777571922,2.0,0.9999999999999999
137.0,137,294,628.7623413380213,424.1605091841799,7.755538950942392,1.0,0.9999999999999999
137.0,137,295,53.104298969752904,753.6249073821097,12.311150689306297,4.0,1.0
137.0,137,300,339.7751000776019,658.6588150802096,11.185422719499034,3.0,1.0
137.0,137,301,1109.523892386209,45.291148602653294,9.77136677757192,2.0,1.0
137.0,137,302,646.834817614744,982.6026586601143,7.755538950942392,1.0,1.0
137.0,137,304,715.2585631060929,405.82868940298897,7.755538950942392,1.0,0.9999999999999999
137.0,137,307,979.2227801812912,490.16213818114574,12.311150689306297,4.0,1.0
137.0,137,309,818.9520801250497,196.3819844370221,7.755538950942392,1.0,0.9999999999999999
137.0,137,314,173.15908719728475,149.3676559665759,7.755538950942392,1.0,1.0
137.0,137,318,1209.9564600338438,609.9616021416415,11.185422719499032,3.0,1.0
137.0,137,320,1245.571205209121,115.13710355884893,9.77136677757192,2.0,0.9999999999999999
137.0,137,322,866.4106671036407,981.9631371176336,9.77136677757192,2.0,1.0
137.0,137,323,73.2846392782525,432.5097071952676,9.77136677757192,2.0,1.0
137.0,137,325,211.90513471163905,932.8324978829183,7.755538950942392,1.0,1.0
137.0,137,326,195.0188170184348,483.7376940595835,9.77136677757192,2.0,1.0
137.0,137,327,917.7771457989711,473.3525462155505,7.755538950942392,1.0,1.0
137.0,137,330,410.4823041742022,855.6553714515796,11.185422719499034,3.0,1.0
137.0,137,331,133.8474552889283,721.3011112620378,15.511077901884784,8.0,1.0
137.0,137,333,620.371383675422,34.05512087240902,9.77136677757192,2.0,1.0
137.0,137,334,1136.4868175284366,828.9142721505947,7.755538950942392,1.0,1.0
137.0,137,337,592.8151278609333,935.4169347035427,9.77136677757192,2.0,0.9999999999999999
137.0,137,339,824.2949156420909,91.63633965659744,7.755538950942392,1.0,1.0
137.0,137,340,890.7569332958086,665.1558215175354,9.771366777571922,2.0,0.9999999999999999
137.0,137,341,996.3602565193952,603.7604276310137,13.26178505962571,5.0,1.0
137.0,137,342,876.5454263666056,136.2506619725615,9.77136677757192,2.0,1.0
137.0,137,344,730.532285729772,359.9717032457885,7.755538950942392,1.0,1.0
137.0,137,346,1188.0631825749692,629.646507697223,7.755538950942392,1.0,1.0
137.0,137,348,409.5404729516781,665.2037136167319,7.755538950942392,1.0,1.0
137.0,137,350,1240.430110863239,164.70724562895975,9.77136677757192,2.0,1.0
137.0,137,354,475.508818593922,234.54526599753055,7.755538950942392,1.0,0.9999999999999999
137.0,137,355,98.23645337226714,492.97883016305116,7.755538950942392,1.0,1.0
137.0,137,356,677.7739243955359,1020.570726612111,7.755538950942392,1.0,1.0
137.0,137,360,681.3659002367,333.82613711294914,7.755538950942392,1.0,1.0
137.0,137,361,25.926310320928,634.2043622907864,11.185422719499032,3.0,1.0
137.0,137,362,999.0256580392992,705.4632088414044,7.755538950942392,1.0,1.0
137.0,137,363,600.1646942563957,506.0646912086296,9.771366777571922,2.0,1.0
137.0,137,364,1331.4324608957234,421.6416616203061,7.755538950942392,1.0,1.0
137.0,137,365,117.52378162114253,72.774635360297,7.755538950942392,1.0,0.9999999999999999
137.0,137,366,842.3300392840096,157.222258244751,7.755538950942392,1.0,1.0
137.0,137,367,1183.1358115623743,995.7975997031842,7.755538950942392,1.0,1.0
137.0,137,368,1329.6779182881278,174.06660270158372,14.09274953626919,6.0,1.0
137.0,137,370,34.69945392292455,998.2590560096401,9.771366777571922,2.0,1.0
137.0,137,371,578.0729146324318,423.7188451250223,9.771366777571922,2.0,1.0
137.0,137,373,878.433178110599,195.19923075425595,7.755538950942392,1.0,1.0
137.0,137,374,874.7746214643553,73.73644700651185,12.311150689306299,4.0,1.0
137.0,137,380,851.2748733823565,21.051583366345263,9.771366777571922,2.0,1.0
137.0,137,381,816.8699285234445,333.03436485222943,9.77136677757192,2.0,1.0
137.0,137,382,1340.7722115706144,273.93368580828263,13.261785059625714,5.0,1.0
137.0,137,383,932.9090926498374,502.36149679765225,9.771366777571922,2.0,1.0
137.0,137,385,699.1197098414568,549.2892492791017,9.771366777571922,2.0,1.0
137.0,137,387,816.8567884673256,264.0371883303545,9.77136677757192,2.0,1.0
137.0,137,388,180.63019602243085,649.9461447126956,7.755538950942392,1.0,1.0
137.0,137,390,363.17061696409513,177.2312612031293,13.261785059625714,5.0,1.0
137.0,137,391,752.8274361247111,495.5025400567815,16.132171110904203,9.0,1.0
137.0,137,393,272.8206733632062,904.433148051875,7.755538950942392,1.0,1.0
137.0,137,396,1039.9750875984123,353.7953984547471,9.77136677757192,2.0,1.0
137.0,137,399,525.5330141820477,613.47806952766,11.185422719499032,3.0,1.0
137.0,137,400,223.67981213917025,378.20644253178233,7.755538950942392,1.0,0.9999999999999999
137.0,137,403,646.4980988828067,541.2633839150865,7.755538950942392,1.0,1.0
137.0,137,405,762.0694316186758,376.4707300633145,12.311150689306297,4.0,1.0
137.0,137,406,256.05479519437796,791.0149342695368,14.092749536269183,6.0,1.0
137.0,137,409,577.4933553978683,872.1290922085195,12.311150689306299,4.0,1.0
137.0,137,410,569.8467549729959,535.7117217753866,9.771366777571922,2.0,1.0
137.0,137,412,750.5698171154175,644.5970914084076,9.77136677757192,2.0,1.0
137.0,137,415,1135.9637391264812,691.8633797018553,7.755538950942392,1.0,1.0
137.0,137,416,408.4129999595616,736.4940792069527,7.755538950942392,1.0,1.0
137.0,137,417,907.5369584683968,512.8510595152202,11.185422719499034,3.0,1.0
137.0,137,418,536.622554362849,682.712544336571,9.77136677757192,2.0,1.0
137.0,137,419,331.91907791540103,896.0273139987412,9.771366777571922,2.0,0.9999999999999999
137.0,137,420,690.1519808846384,964.8763073158408,9.771366777571922,2.0,1.0
137.0,137,421,983.096469414654,333.77532319522464,11.185422719499034,3.0,1.0
137.0,137,422,158.1010612651257,671.3381767743817,7.755538950942392,1.0,0.9999999999999999
137.0,137,428,1062.8576556539003,188.4284986307519,9.77136677757192,2.0,1.0
137.0,137,431,265.547443762322,590.906486027852,7.755538950942392,1.0,1.0
137.0,137,432,354.26488394776436,773.3959162158952,11.185422719499034,3.0,1.0
137.0,137,433,285.77672081809254,594.296841975382,9.77136677757192,2.0,1.0
137.0,137,435,887.6739511500454,228.14675232728092,7.755538950942392,1.0,1.0
137.0,137,436,305.33204346702286,661.1960464513561,9.77136677757192,2.0,1.0
137.0,137,438,871.5849817899937,715.0754127043674,7.755538950942392,1.0,1.0
137.0,137,439,527.1099007528182,859.4621760979851,12.311150689306299,4.0,1.0
137.0,137,441,951.8356270427453,429.9409778643955,12.311150689306297,4.0,1.0
137.0,137,442,503.42058536121107,326.51667952640946,7.755538950942392,1.0,1.0
137.0,137,443,214.40978107923874,743.1186427222378,7.755538950942392,1.0,1.0
137.0,137,445,1045.1352325540556,31.464019772154238,7.755538950942392,1.0,1.0
137.0,137,446,327.3660805271202,261.2810451004437,7.755538950942392,1.0,1.0
137.0,137,449,1199.4523658731036,127.2426787811647,7.755538950942392,1.0,1.0
137.0,137,451,1337.7764971678137,510.7764111311904,7.755538950942392,1.0,1.0
137.0,137,453,185.64858729473087,1014.3792679550861,7.755538950942392,1.0,1.0
137.0,137,455,850.9056235722479,208.11337350131762,12.311150689306299,4.0,0.9999999999999999
137.0,137,456,303.7103862451429,808.2709177624791,11.185422719499032,3.0,1.0
137.0,137,459,1305.4850777221275,349.19479751649214,11.185422719499034,3.0,1.0
137.0,137,461,154.2226819361042,64.43323982143345,9.77136677757192,2.0,1.0
137.0,137,462,1094.8292867944517,308.39919671307695,7.755538950942392,1.0,1.0
137.0,137,465,798.558359893108,183.5930299493245,7.755538950942392,1.0,1.0
137.0,137,468,1208.0002127618507,910.6626400542447,11.185422719499032,3.0,1.0
137.0,137,469,1131.1967521052823,885.2992955440411,7.755538950942392,1.0,0.9999999999999999
137.0,137,470,82.04871947189288,408.8887499614036,7.755538950942392,1.0,1.0
137.0,137,472,309.726620911539,132.600190342991,7.755538950942392,1.0,1.0
137.0,137,473,398.837344815772,918.2164020679819,7.755538950942392,1.0,0.9999999999999999
137.0,137,476,493.9861956281954,145.34111497454126,15.51107790188478,8.0,1.0
137.0,137,477,272.3002685701452,930.8156620902224,13.261785059625714,5.0,1.0
137.0,137,479,361.00347028404155,929.0038512443136,7.755538950942392,1.0,1.0
137.0,137,481,591.5943256668365,978.814189092053,11.185422719499034,3.0,0.9999999999999999
137.0,137,485,1048.9618302436436,679.7705591317176,7.755538950942392,1.0,1.0
137.0,137,486,408.9708422148309,125.95365761382453,7.755538950942392,1.0,1.0
137.0,137,487,1066.7013641660692,947.0336653866397,14.835812298463564,7.0,1.0
137.0,137,489,655.6729245769825,152.55656476478492,9.77136677757192,2.0,0.9999999999999999
137.0,137,490,451.5626045966345,905.7637915864241,9.77136677757192,2.0,1.0
137.0,137,491,645.9925928757539,749.8923465158716,14.835812298463562,7.0,1.0
137.0,137,494,818.1305818545281,763.008652580314,9.77136677757192,2.0,0.9999999999999999
137.0,137,496,687.0310852595351,517.5032839245114,9.771366777571922,2.0,1.0
137.0,137,497,1197.1310295527862,771.6767610767271,9.771366777571922,2.0,1.0
137.0,137,498,419.3485662502931,485.8386525391135,7.755538950942392,1.0,1.0
137.0,137,500,534.5894845067492,189.81330768143943,7.755538950942392,1.0,1.0
137.0,137,501,516.8658914158513,991.2037446897522,13.261785059625714,5.0,1.0
137.0,137,503,546.1113058474932,39.24750972144582,16.132171110904203,9.0,1.0
137.0,137,504,990.4052319464095,204.73852644885028,7.755538950942392,1.0,0.9999999999999999
137.0,137,506,111.74216361125696,748.0043728923765,7.755538950942392,1.0,1.0
137.0,137,507,1338.816146691721,309.97252634389537,7.755538950942392,1.0,0.9999999999999999
137.0,137,508,1174.515049161755,515.5544358966038,12.311150689306299,4.0,1.0
137.0,137,509,1060.9476677395808,865.7644281020417,9.77136677757192,2.0,0.9999999999999999
137.0,137,510,600.4146502256394,223.11172791665626,13.261785059625714,5.0,0.9999999999999999
137.0,137,511,519.0344953735193,501.8025161539973,9.77136677757192,2.0,0.9999999999999999
137.0,137,512,199.38790462461796,871.937061998304,11.185422719499034,3.0,1.0
137.0,137,513,1265.6860344471243,582.065867084804,17.248164218530714,11.0,1.0
137.0,137,516,1221.8198941005257,386.3999914897814,11.185422719499032,3.0,1.0
137.0,137,517,905.8851631703192,836.5951815102444,9.77136677757192,2.0,1.0
137.0,137,518,126.35651445905032,528.9332271340832,12.311150689306299,4.0,1.0
137.0,137,519,826.5857979091376,384.2760412997825,14.835812298463564,7.0,1.0
137.0,137,520,807.1266674844445,1015.5219727532476,11.185422719499034,3.0,1.0
137.0,137,521,838.6446241441414,49.45590860233965,14.09274953626919,6.0,1.0
137.0,137,522,988.5735913862709,987.0290391828678,7.755538950942392,1.0,1.0
137.0,137,523,971.8523155209954,189.90716622820983,7.755538950942392,1.0,1.0
137.0,137,524,866.5861955618265,875.7019949399879,9.77136677757192,2.0,1.0
137.0,137,529,778.0226776328719,562.4374250046235,7.755538950942392,1.0,1.0
137.0,137,530,116.8464631656248,681.9646035316085,9.771366777571922,2.0,1.0
137.0,137,533,834.2371090850869,875.6673281084751,11.185422719499034,3.0,1.0
137.0,137,535,840.5763859386077,132.6930840154324,7.755538950942392,1.0,1.0
137.0,137,536,345.3041046087446,488.62429777048754,7.755538950942392,1.0,1.0
137.0,137,538,551.2203245957655,455.4691801258695,11.185422719499032,3.0,1.0
137.0,137,539,967.3049264781354,227.29969141754387,9.771366777571922,2.0,1.0
137.0,137,540,307.5024975357574,547.0787175311042,7.755538950942392,1.0,1.0
137.0,137,543,902.5898155673028,398.02836395124234,11.185422719499034,3.0,1.0
137.0,137,546,1036.7413069760491,831.7476752367551,9.77136677757192,2.0,1.0
137.0,137,547,493.7568449656322,254.2673267883783,7.755538950942392,1.0,1.0
137.0,137,548,894.9063964039893,448.77785740573466,12.311150689306299,4.0,1.0
137.0,137,551,1250.9176186375287,760.5698601650471,7.755538950942392,1.0,0.9999999999999999
137.0,137,555,155.84967019277656,189.76471084200585,12.311150689306299,4.0,1.0
137.0,137,556,264.86646817353903,474.8489791024637,7.755538950942392,1.0,1.0
137.0,137,557,601.4382025588428,317.4486329529297,12.311150689306299,4.0,1.0
137.0,137,559,1080.3511302940312,81.3293783833476,7.755538950942392,1.0,1.0
137.0,137,561,1313.2876647384658,889.6999991586381,7.755538950942392,1.0,1.0
137.0,137,562,180.30710488483615,236.1207139983272,11.185422719499032,3.0,1.0
137.0,137,563,441.40192346821675,412.2366882958432,7.755538950942392,1.0,1.0
137.0,137,564,352.51591815955544,461.4241065757986,11.185422719499032,3.0,1.0
137.0,137,565,1213.2612752681366,752.8222303471839,9.771366777571922,2.0,1.0
137.0,137,568,1109.413201123341,163.43786003789768,9.771366777571922,2.0,1.0
137.0,137,569,327.91154712142884,337.15749927976964,7.755538950942392,1.0,1.0
137.0,137,570,1306.9931601610897,560.1484091737101,11.185422719499034,3.0,0.9999999999999999
137.0,137,573,484.5743679905843,961.9520148538362,7.755538950942392,1.0,1.0
137.0,137,574,187.6756063694926,794.9688537777979,7.755538950942392,1.0,0.9999999999999999
137.0,137,575,673.9767380594787,675.6545031570477,7.755538950942392,1.0,1.0
137.0,137,576,824.0297331026406,154.3991666974309,7.755538950942392,1.0,1.0
137.0,137,581,608.7974380940752,826.8279927773,13.261785059625714,5.0,1.0
137.0,137,582,554.2237834834139,276.3465860813489,11.185422719499032,3.0,1.0
137.0,137,583,1228.6018450709241,257.8684728588789,11.185422719499034,3.0,0.9999999999999999
137.0,137,584,1083.4789562303158,783.0573618970207,7.755538950942392,1.0,0.9999999999999999
137.0,137,586,392.2685948145996,4.320118850640929,7.755538950942392,1.0,1.0
137.0,137,587,1072.2631678720907,826.0131910351861,9.77136677757192,2.0,1.0
137.0,137,592,885.9823780289644,304.22034348003046,9.77136677757192,2.0,0.9999999999999999
137.0,137,593,694.1049371862352,790.1004497779685,9.77136677757192,2.0,1.0
137.0,137,594,526.7263248268251,899.4471051462936,11.185422719499034,3.0,1.0
137.0,137,598,589.4723984864203,451.75376022214164,11.185422719499032,3.0,1.0
137.0,137,600,531.458166235122,526.6194199546317,12.311150689306297,4.0,1.0
137.0,137,602,162.52241734302143,316.9250968463435,7.755538950942392,1.0,1.0
137.0,137,605,792.657524636358,39.94938501259777,14.835812298463564,7.0,1.0
137.0,137,606,1214.6249756869615,631.3349119985946,9.771366777571922,2.0,0.9999999999999999
137.0,137,607,1160.8849334829986,176.2495784268413,12.311150689306297,4.0,1.0
137.0,137,608,936.9490946029179,707.1067910693695,9.771366777571922,2.0,1.0
137.0,137,609,999.1019156047635,851.9417864163092,7.755538950942392,1.0,1.0
137.0,137,612,348.243072655496,318.282455750204,14.09274953626919,6.0,1.0
137.0,137,613,1256.982080503684,723.1503527445775,7.755538950942392,1.0,1.0
137.0,137,614,396.0301858953944,765.3419425103318,12.311150689306299,4.0,0.9999999999999999
137.0,137,619,640.8415750202382,250.28299805092848,7.755538950942392,1.0,1.0
137.0,137,621,183.9052432410721,42.05763887907769,7.755538950942392,1.0,1.0
137.0,137,622,262.87077676917477,45.724925980270676,7.755538950942392,1.0,0.9999999999999999
137.0,137,625,577.2193484949405,745.6318005311447,7.755538950942392,1.0,1.0
137.0,137,626,898.2430501111287,178.0884393387891,7.755538950942392,1.0,1.0
137.0,137,627,1255.6081727861742,19.768957139427524,14.09274953626919,6.0,1.0
137.0,137,629,803.2840994888661,881.5284202378043,11.185422719499032,3.0,1.0
137.0,137,632,407.1309976119614,709.4532286649027,9.771366777571922,2.0,1.0
137.0,137,633,1109.3371638277663,83.30586482440121,9.77136677757192,2.0,0.9999999999999999
137.0,137,636,677.1527143315637,929.6368266546812,12.311150689306299,4.0,1.0
137.0,137,638,76.41648498373162,228.21195101657224,7.755538950942392,1.0,0.9999999999999999
137.0,137,640,38.97578645911167,451.2745346728741,7.755538950942392,1.0,0.9999999999999999
137.0,137,641,156.57082876453882,924.8164789853414,7.755538950942392,1.0,1.0
137.0,137,646,378.0920113012757,891.7787038247678,13.261785059625714,5.0,1.0
137.0,137,647,176.12110010129314,281.8881916518374,9.771366777571922,2.0,1.0
137.0,137,649,1117.680479166887,115.88958269229306,9.77136677757192,2.0,1.0
137.0,137,654,1297.025000450114,120.502529022614,11.185422719499034,3.0,1.0
137.0,137,655,577.9958922085656,699.7698877178228,7.755538950942392,1.0,1.0
137.0,137,658,571.1511667989005,346.3198889114818,14.835812298463564,7.0,0.9999999999999999
137.0,137,659,1294.1320758281272,961.5520131645309,9.771366777571922,2.0,1.0
137.0,137,662,1133.399486581827,968.4560446950726,7.755538950942392,1.0,0.9999999999999999
137.0,137,665,1035.7084018708688,112.61833987251124,11.185422719499032,3.0,1.0
137.0,137,666,1230.7525540289334,1005.5999954485012,13.261785059625714,5.0,1.0
137.0,137,667,186.0821615657211,88.32825957944826,7.755538950942392,1.0,1.0
137.0,137,668,236.59790183042006,951.0853933716704,7.755538950942392,1.0,1.0
137.0,137,671,1028.6070671954449,87.48512926126139,7.755538950942392,1.0,1.0
137.0,137,672,805.4325792184297,986.5141061507255,7.755538950942392,1.0,0.9999999999999999
137.0,137,674,1060.7510385348455,642.6542063084918,7.755538950942392,1.0,1.0
137.0,137,675,390.16272729424685,496.8130666493632,7.755538950942392,1.0,1.0
137.0,137,682,1215.294833191471,84.2267501103595,7.755538950942392,1.0,1.0
137.0,137,684,1305.8073004792927,939.573469139927,11.185422719499034,3.0,1.0
137.0,137,687,1209.4180663234868,282.3186012574136,12.311150689306297,4.0,1.0
137.0,137,688,239.38342643824592,492.12331169270533,7.755538950942392,1.0,1.0
137.0,137,689,432.79368952316634,613.7361265391481,7.755538950942392,1.0,1.0
137.0,137,694,1105.3265233903287,880.3672943413023,7.755538950942392,1.0,1.0
137.0,137,698,670.6315834973911,94.27727347992261,9.771366777571922,2.0,1.0
137.0,137,700,446.8849980163411,507.4557538268785,12.311150689306299,4.0,1.0
137.0,137,702,693.0063562058689,39.14859802230963,7.755538950942392,1.0,1.0
137.0,137,704,143.1767514506463,252.97662217625236,9.771366777571922,2.0,1.0
137.0,137,705,412.75619939853806,414.4093768401296,12.311150689306299,4.0,1.0
137.0,137,706,302.04416961085343,203.5918871853998,11.185422719499032,3.0,1.0
137.0,137,707,256.1201684589019,251.67762663502714,11.185422719499032,3.0,1.0
137.0,137,710,813.5064712438951,672.9926987282124,9.771366777571922,2.0,1.0
137.0,137,717,518.8730362087214,655.2514656330395,14.835812298463564,7.0,1.0
137.0,137,718,430.1554426314154,163.19323330265917,9.771366777571922,2.0,1.0
137.0,137,720,640.9099148146153,834.7834906734473,9.77136677757192,2.0,1.0
137.0,137,722,1006.0792565487512,785.214322231,13.261785059625714,5.0,1.0
137.0,137,723,430.87963760837187,590.0406435148595,11.185422719499032,3.0,1.0
137.0,137,724,891.9271331895717,622.4605968482412,7.755538950942392,1.0,1.0
137.0,137,726,1270.14427846241,52.40763512477906,9.771366777571922,2.0,1.0
137.0,137,728,1031.1913057379409,394.14255312090637,7.755538950942392,1.0,1.0
137.0,137,729,569.4658481756913,100.9985341495426,11.185422719499034,3.0,1.0
137.0,137,730,692.7906539900899,465.1601863920188,9.77136677757192,2.0,1.0
137.0,137,733,240.20454330706733,291.7284739974105,12.311150689306297,4.0,1.0
137.0,137,734,1331.7667715764776,25.886074391611345,7.755538950942392,1.0,1.0
137.0,137,735,721.4252936310085,1.8072580627461694,7.755538950942392,1.0,1.0
137.0,137,737,1100.320826061916,488.7460823153474,13.26178505962571,5.0,1.0
137.0,137,740,1235.7309333470316,956.9360959542955,7.755538950942392,1.0,1.0
137.0,137,746,1270.3685461859206,387.23993559897866,9.77136677757192,2.0,1.0
137.0,137,750,788.9083735847065,250.1912067982702,9.77136677757192,2.0,0.9999999999999999
137.0,137,752,1302.1442394738308,702.9247079790607,9.771366777571922,2.0,1.0
137.0,137,753,641.2716156323067,480.22440689998956,9.771366777571922,2.0,1.0
137.0,137,754,550.5184748352162,719.6523722881172,7.755538950942392,1.0,1.0
137.0,137,755,938.606899398428,134.7131532937614,9.771366777571922,2.0,1.0
137.0,137,758,646.4704281646235,406.1543019577631,9.77136677757192,2.0,1.0
137.0,137,759,53.84933974570231,618.8067781919849,11.185422719499032,3.0,1.0
137.0,137,760,155.8608103234609,1021.3509296853155,11.185422719499034,3.0,1.0
137.0,137,762,991.3648004170611,44.89516781050681,12.311150689306299,4.0,1.0
137.0,137,764,215.79815117951364,667.054436950848,7.755538950942392,1.0,1.0
137.0,137,765,726.860497265486,464.88342431276413,11.185422719499034,3.0,0.9999999999999999
137.0,137,766,357.43251176097516,2.869257863507611,11.185422719499034,3.0,1.0
137.0,137,767,363.3940522916915,600.5078106274713,7.755538950942392,1.0,1.0
137.0,137,768,713.6685906193175,637.1512143855693,15.511077901884784,8.0,1.0
137.0,137,769,5.594103727280614,688.4548324558203,12.311150689306299,4.0,1.0
137.0,137,772,1033.9507182787418,908.8991278893791,7.755538950942392,1.0,1.0
137.0,137,773,925.8575923538615,651.4846014958094,9.771366777571922,2.0,1.0
137.0,137,774,66.6887072274779,837.7092039157833,11.185422719499034,3.0,1.0
137.0,137,776,1069.2263252736075,146.6603866687188,14.092749536269187,6.0,1.0
137.0,137,777,389.5543300342218,337.60342507023097,7.755538950942392,1.0,1.0
137.0,137,780,237.30248370216958,687.1204209083493,11.185422719499032,3.0,1.0
137.0,137,781,429.3350924708152,202.7535872674583,7.755538950942392,1.0,1.0
137.0,137,782,148.55244918641642,576.0880632872519,12.311150689306297,4.0,0.9999999999999999
137.0,137,783,163.30324753298453,700.8941367436192,14.09274953626919,6.0,1.0
137.0,137,786,477.9508581072525,830.1680575260725,7.755538950942392,1.0,1.0
137.0,137,787,738.8960460571977,860.463102421512,11.185422719499032,3.0,1.0
137.0,137,788,1130.8760709635528,405.65812081070055,7.755538950942392,1.0,1.0
137.0,137,789,396.0326355387072,965.7423574973517,12.311150689306299,4.0,1.0
137.0,137,790,709.777719771303,915.9030670640886,11.185422719499034,3.0,1.0
137.0,137,791,923.1078569404052,948.3497782163646,12.311150689306299,4.0,1.0
137.0,137,792,566.3072289655398,769.2506122899003,15.511077901884784,8.0,0.9999999999999999
137.0,137,795,242.12536883878283,837.6534608209396,11.185422719499032,3.0,1.0
137.0,137,796,241.85267681094248,314.7280195783423,7.755538950942392,1.0,1.0
137.0,137,799,40.4113559000538,201.15061429433487,7.755538950942392,1.0,1.0
137.0,137,800,346.71570232982043,725.9336698911169,9.77136677757192,2.0,1.0
137.0,137,805,718.4275534088123,973.839149820243,9.77136677757192,2.0,1.0
137.0,137,806,383.0323847781208,684.0253322632396,9.771366777571922,2.0,1.0
137.0,137,809,1195.3171953179474,472.7821358515183,9.77136677757192,2.0,1.0
137.0,137,811,821.7356761876518,553.8624297298226,16.132171110904203,9.0,1.0
137.0,137,812,45.00825860922967,409.80694298514146,7.755538950942392,1.0,0.9999999999999999
137.0,137,815,470.4075783440129,564.3422049276259,9.77136677757192,2.0,1.0
137.0,137,817,1190.5646125115193,728.4901756038702,9.77136677757192,2.0,0.9999999999999999
137.0,137,818,275.40297160395,1014.9730395020579,7.755538950942392,1.0,1.0
137.0,137,819,1030.3490232404345,944.1232445163218,7.755538950942392,1.0,1.0
137.0,137,820,1105.9811764705607,575.6776516955383,7.755538950942392,1.0,1.0
137.0,137,821,1313.1293745223782,36.671900017170444,13.261785059625714,5.0,0.9999999999999999
137.0,137,823,466.2045636045099,686.4203467681734,7.755538950942392,1.0,1.0
137.0,137,826,981.9690677052425,829.4590052874552,9.771366777571922,2.0,1.0
137.0,137,828,149.86854388400775,813.9848712521647,9.77136677757192,2.0,1.0
137.0,137,829,783.9095371733222,139.99650895917878,9.77136677757192,2.0,1.0
137.0,137,830,437.1277019598041,749.8496545290673,9.771366777571922,2.0,1.0
137.0,137,831,829.6929319426192,611.5457782089071,9.771366777571922,2.0,0.9999999999999999
137.0,137,832,1039.1644389303874,458.93501800088995,14.09274953626919,6.0,0.9999999999999999
137.0,137,833,450.8247058040436,329.28152904506754,12.311150689306299,4.0,1.0
137.0,137,837,952.9297605131804,640.8154070731579,11.185422719499034,3.0,1.0
137.0,137,838,301.30582416761297,309.23543660246935,7.755538950942392,1.0,1.0
137.0,137,839,968.9863960604331,92.14453700401698,7.755538950942392,1.0,1.0
137.0,137,840,751.1299347620838,679.6034181273155,7.755538950942392,1.0,1.0
137.0,137,841,892.1238574390985,588.3224968857882,12.311150689306297,4.0,0.9999999999999999
137.0,137,842,41.817224323008446,508.71924211521235,7.755538950942392,1.0,1.0
137.0,137,843,932.8942640889887,904.9965413694093,7.755538950942392,1.0,1.0
137.0,137,845,1336.5584932469123,626.5265922736124,7.755538950942392,1.0,1.0
137.0,137,846,689.9646250816664,438.64363601421246,9.77136677757192,2.0,0.9999999999999999
137.0,137,848,593.4569580718543,627.7987159030774,13.261785059625714,5.0,1.0
137.0,137,851,1319.448900418551,654.3581963990791,14.09274953626919,6.0,1.0
137.0,137,853,470.9588653667365,799.5297145137879,13.261785059625714,5.0,1.0
137.0,137,855,590.2038846290745,599.5359656117888,7.755538950942392,1.0,0.9999999999999999
137.0,137,857,746.2435369475317,889.9948430900328,9.771366777571922,2.0,1.0
137.0,137,859,891.3140921118411,775.96312600338,9.771366777571922,2.0,1.0
137.0,137,861,996.9469174340886,70.70089958855654,7.755538950942392,1.0,1.0
137.0,137,862,310.30543125262153,577.0163067978993,9.771366777571922,2.0,1.0
137.0,137,865,842.3070976872343,100.93076528311192,7.755538950942392,1.0,1.0
137.0,137,866,934.2558815325724,9.365683163256202,9.77136677757192,2.0,0.9999999999999999
137.0,137,868,1299.8369893720392,804.5529297407455,14.092749536269187,6.0,1.0
137.0,137,869,1326.0561775565382,120.03893131946708,11.185422719499034,3.0,1.0
137.0,137,870,229.0501361906786,179.45018241694527,7.755538950942392,1.0,1.0
137.0,137,871,703.9883339536384,760.4240672140235,13.261785059625714,5.0,0.9999999999999999
137.0,137,873,59.593731325322636,399.14294332965045,7.755538950942392,1.0,1.0
137.0,137,877,176.2735895800875,430.68661442521466,7.755538950942392,1.0,0.9999999999999999
137.0,137,879,703.813345880465,330.33302376838066,11.185422719499034,3.0,1.0
137.0,137,882,293.16864980199335,636.1563793527041,7.755538950942392,1.0,1.0
137.0,137,883,9.289851183623455,140.40705689157613,9.77136677757192,2.0,1.0
137.0,137,884,658.7913502692351,338.16541724558044,11.185422719499034,3.0,0.9999999999999999
137.0,137,886,78.89440662070058,648.3025214297288,9.77136677757192,2.0,1.0
137.0,137,887,436.8560385108015,235.48772621005122,12.311150689306299,4.0,1.0
137.0,137,890,1267.0957597345362,246.71210948408097,11.185422719499032,3.0,1.0
137.0,137,892,342.8307858135121,49.89507934976042,7.755538950942392,1.0,1.0
137.0,137,894,1190.6116162783164,1020.7135093865141,11.185422719499034,3.0,1.0
137.0,137,896,232.39784001800496,924.2146434977366,7.755538950942392,1.0,1.0
137.0,137,897,736.144850475489,580.4024546067554,9.77136677757192,2.0,1.0
137.0,137,898,1071.3510622392982,292.3138429009621,11.185422719499034,3.0,1.0
137.0,137,899,1195.304544940857,838.295221035624,13.261785059625714,5.0,1.0
137.0,137,901,1059.3654003627537,1021.1794001741216,11.185422719499032,3.0,0.9999999999999999
137.0,137,903,280.7090532345598,372.20503799287815,16.708802155803774,10.0,1.0
137.0,137,905,712.5636074650403,876.2447383505468,12.311150689306299,4.0,1.0
137.0,137,907,1164.6480518100814,920.7680762083804,9.771366777571922,2.0,1.0
137.0,137,910,1274.3665110667853,788.4744578786276,9.77136677757192,2.0,1.0
137.0,137,912,431.06077923914,900.4723056915075,7.755538950942392,1.0,0.9999999999999999
137.0,137,913,305.44666813294214,735.3526993484239,7.755538950942392,1.0,1.0
137.0,137,914,864.9258045125393,374.16187509766024,12.311150689306297,4.0,1.0
137.0,137,915,36.24129547752126,59.81296722827277,7.755538950942392,1.0,1.0
137.0,137,916,834.5791039770365,303.6641515439968,7.755538950942392,1.0,1.0
137.0,137,921,1226.5747109951483,473.4661645073879,7.755538950942392,1.0,1.0
137.0,137,924,641.2760715090815,2.186887340021138,9.77136677757192,2.0,1.0
137.0,137,925,906.9610911307342,347.79085098757116,12.311150689306299,4.0,1.0
137.0,137,926,235.48841417745948,88.35719512646195,14.092749536269185,6.0,1.0
137.0,137,927,1251.3074770325816,86.9687038697361,14.835812298463562,7.0,1.0
137.0,137,932,1280.095566922606,535.3970897049597,12.311150689306299,4.0,1.0
137.0,137,933,1021.6135971913328,198.30887153287537,7.755538950942392,1.0,1.0
137.0,137,934,309.07808167614525,25.822997696505055,14.09274953626919,6.0,1.0
137.0,137,936,530.5657211884154,402.8988849258179,9.77136677757192,2.0,1.0
137.0,137,937,929.6854310810334,1008.9151067415552,9.77136677757192,2.0,0.9999999999999999
137.0,137,939,1161.4684769478135,137.3945544177168,9.77136677757192,2.0,1.0
137.0,137,941,53.726317489279516,951.8096323117343,11.185422719499032,3.0,1.0
137.0,137,947,418.38160562504373,65.52754158922129,7.755538950942392,1.0,1.0
137.0,137,949,1213.4338587290529,34.75746942850603,11.185422719499032,3.0,0.9999999999999999
137.0,137,950,387.2108571476333,633.4212156054994,13.261785059625712,5.0,1.0
137.0,137,951,93.70082690687633,323.067717817656,13.261785059625714,5.0,1.0
137.0,137,952,185.71287829519838,183.2279903260651,7.755538950942392,1.0,1.0
137.0,137,953,585.0558017017156,137.42804906009627,9.77136677757192,2.0,1.0
137.0,137,955,475.20616077800526,411.7321888701873,11.185422719499034,3.0,1.0
137.0,137,956,1065.034042638927,608.9404384745189,9.77136677757192,2.0,1.0
137.0,137,957,268.1109936406714,534.7150438730399,12.311150689306297,4.0,1.0
137.0,137,959,189.1731845684926,906.3689729336791,9.77136677757192,2.0,1.0
137.0,137,961,277.9681817329541,179.83077331047565,9.77136677757192,2.0,1.0
137.0,137,962,1306.3003285343138,855.5916815648956,16.132171110904203,9.0,1.0
137.0,137,963,388.76254484994126,185.50197200058054,9.77136677757192,2.0,1.0
137.0,137,965,859.3319926522144,481.93179745762694,7.755538950942392,1.0,0.9999999999999999
137.0,137,969,442.75104780129556,468.1715848524899,9.77136677757192,2.0,1.0
137.0,137,971,1168.6459783132238,822.3372893596488,7.755538950942392,1.0,1.0
137.0,137,972,496.4003754733235,588.3175346779619,11.185422719499032,3.0,1.0
137.0,137,975,41.27442954077508,726.6519490296665,7.755538950942392,1.0,1.0
137.0,137,977,1030.6517051458295,147.98717202071188,7.755538950942392,1.0,0.9999999999999999
137.0,137,980,339.56265983789046,753.5466886916552,9.771366777571922,2.0,1.0
137.0,137,981,985.6300630203131,405.64673076155873,9.771366777571922,2.0,0.9999999999999999
137.0,137,983,923.6033796102977,525.7053463096088,7.755538950942392,1.0,1.0
137.0,137,985,1247.2632796644807,937.925418511555,12.311150689306299,4.0,1.0
137.0,137,986,1162.6411359610918,782.9502112957118,13.261785059625714,5.0,1.0
137.0,137,987,1168.4070506539929,875.9616699609813,7.755538950942392,1.0,0.9999999999999999
137.0,137,988,1126.0947695954253,604.1521473724981,7.755538950942392,1.0,1.0
137.0,137,989,532.909195738477,949.6260432833933,12.311150689306297,4.0,1.0
137.0,137,995,36.953243402779215,18.071853545965013,14.092749536269185,6.0,0.9999999999999999
137.0,137,996,259.138138571173,856.8086219155568,9.77136677757192,2.0,1.0
137.0,137,998,4.873807794820058,977.9265065945924,7.755538950942392,1.0,1.0
137.0,137,1000,173.3867703998522,871.1780702000601,9.77136677757192,2.0,0.9999999999999999
142.0,142,1,100.04530833563307,937.0538744665981,7.755538950942392,1.0,1.0
142.0,142,3,951.7553666854817,301.95423768823036,13.261785059625714,5.0,1.0
142.0,142,6,458.07775951175006,101.35138152747218,7.755538950942392,1.0,1.0
142.0,142,8,344.44768234819895,208.29600539846007,16.708802155803774,10.0,1.0
142.0,142,9,1076.5194748065157,419.0578192375352,9.77136677757192,2.0,1.0
142.0,142,10,1151.1305821947115,302.61786138020267,7.755538950942392,1.0,1.0
142.0,142,11,854.1781000089434,945.140631864538,9.77136677757192,2.0,1.0
142.0,142,15,1014.1338489885089,297.6572570998475,7.755538950942392,1.0,0.9999999999999999
142.0,142,17,198.13589173060973,272.2776220138855,7.755538950942392,1.0,1.0
142.0,142,18,644.8559564672811,653.2206329235473,7.755538950942392,1.0,1.0
142.0,142,20,349.95040115710043,964.2772618187056,9.77136677757192,2.0,1.0
142.0,142,22,141.53973677287547,462.1674764832451,11.185422719499032,3.0,1.0
142.0,142,23,1337.478668653218,819.8232049409784,13.261785059625712,5.0,1.0
142.0,142,28,908.7519500207371,898.5107892308474,7.755538950942392,1.0,1.0
142.0,142,29,1103.6622877523764,6.784099140754772,13.261785059625714,5.0,1.0
142.0,142,31,958.5782183195479,154.5157990148567,7.755538950942392,1.0,1.0
142.0,142,35,193.6341825942081,744.155502838632,9.771366777571922,2.0,1.0
142.0,142,37,862.1458446849306,913.0275686123306,9.771366777571922,2.0,1.0
142.0,142,38,965.6764614676734,725.0770682861103,7.755538950942392,1.0,1.0
142.0,142,39,1330.1879809065254,999.2434630142649,11.185422719499034,3.0,1.0
142.0,142,40,961.6393349524383,929.0291183375116,9.77136677757192,2.0,1.0
142.0,142,41,432.68884186716673,287.1542939050107,11.185422719499034,3.0,0.9999999999999999
142.0,142,43,775.8869216718068,819.0543477859916,7.755538950942392,1.0,1.0
142.0,142,44,742.1538520971096,60.53049422502858,12.311150689306299,4.0,1.0
142.0,142,45,886.5174775988199,956.9463764053821,7.755538950942392,1.0,1.0
142.0,142,46,1147.819539132406,357.1486702102535,7.755538950942392,1.0,1.0
142.0,142,51,1316.518264327785,210.83612108094403,13.261785059625712,5.0,1.0
142.0,142,53,135.5729713717204,120.34027356452647,7.755538950942392,1.0,1.0
142.0,142,55,1248.5887069881733,607.3491241633791,7.755538950942392,1.0,1.0
142.0,142,57,1057.9058382320336,722.9252611433529,13.261785059625714,5.0,1.0
142.0,142,59,36.55566767408135,146.23194949837966,7.755538950942392,1.0,1.0
142.0,142,60,52.19246105517034,237.88695500493824,9.77136677757192,2.0,1.0
142.0,142,61,879.9218706858396,1003.0406050545108,9.771366777571922,2.0,0.9999999999999999
142.0,142,62,579.5564418875823,2.3881168594420026,7.755538950942392,1.0,1.0
142.0,142,63,1133.8296113766269,636.999282878222,7.755538950942392,1.0,0.9999999999999999
142.0,142,65,691.1488042740327,836.9787197511934,7.755538950942392,1.0,1.0
142.0,142,66,972.6037825397716,1006.7827647241755,9.771366777571922,2.0,1.0
142.0,142,67,1082.2248500243388,254.3745485099658,13.261785059625712,5.0,1.0
142.0,142,68,1242.8791212041342,665.7811146056162,7.755538950942392,1.0,0.9999999999999999
142.0,142,70,1154.1367848281538,479.7082211883265,7.755538950942392,1.0,1.0
142.0,142,71,777.6474254539014,785.7994174943858,11.185422719499034,3.0,0.9999999999999999
142.0,142,73,531.8879740805426,302.7963198446054,7.755538950942392,1.0,1.0
142.0,142,77,431.1024613340671,836.060119201108,13.261785059625714,5.0,1.0
142.0,142,79,830.5076270824205,226.95587278694273,9.77136677757192,2.0,1.0
142.0,142,80,1016.0655956397175,355.5577303256085,9.771366777571922,2.0,1.0
142.0,142,81,631.1452238338625,8.113020101285848,13.261785059625712,5.0,1.0
142.0,142,83,1189.9218812238757,422.9972310465195,7.755538950942392,1.0,1.0
142.0,142,85,109.69199213340329,792.462667176848,7.755538950942392,1.0,1.0
142.0,142,86,1031.6259499372488,513.1951883962004,9.77136677757192,2.0,1.0
142.0,142,87,703.588963693914,131.1509942609041,7.755538950942392,1.0,0.9999999999999999
142.0,142,88,65.39059432056023,498.52036132780535,9.77136677757192,2.0,1.0
142.0,142,90,820.1547103818996,416.22325766742716,7.755538950942392,1.0,1.0
142.0,142,92,1097.665481711761,697.9474589760254,7.755538950942392,1.0,1.0
142.0,142,93,289.71262293024745,279.01873400063846,9.77136677757192,2.0,1.0
142.0,142,94,658.1707830424933,875.0631302369925,12.311150689306299,4.0,1.0
142.0,142,97,940.9313711267941,69.50332056219332,12.311150689306297,4.0,1.0
142.0,142,100,368.10266972578944,814.3166551381689,7.755538950942392,1.0,1.0
142.0,142,103,217.50074497163632,10.597658983452034,7.755538950942392,1.0,1.0
142.0,142,104,375.6909352508665,579.6877356732725,9.771366777571922,2.0,1.0
142.0,142,107,444.7735195091464,133.9330216710498,7.755538950942392,1.0,1.0
142.0,142,110,647.9941904645117,616.8429076653217,7.755538950942392,1.0,0.9999999999999999
142.0,142,116,1159.1827632833997,57.98466849720248,11.185422719499032,3.0,1.0
142.0,142,118,275.2837603385463,442.0120216466752,9.77136677757192,2.0,0.9999999999999999
142.0,142,119,1045.0530470862784,564.1931576912575,11.185422719499032,3.0,0.9999999999999999
142.0,142,121,111.06253785424411,227.9337940222392,14.09274953626919,6.0,1.0
142.0,142,122,851.9638142244618,260.6777020670061,15.511077901884784,8.0,1.0
142.0,142,125,414.91934291416175,996.2305885923255,12.311150689306299,4.0,1.0
142.0,142,126,1343.1420868168216,466.1828239866454,7.755538950942392,1.0,1.0
142.0,142,129,780.8238654411956,671.0852525070569,7.755538950942392,1.0,1.0
142.0,142,130,1201.6091030891132,436.6539937024329,7.755538950942392,1.0,0.9999999999999999
142.0,142,131,1241.3443691731468,310.62228462632356,9.771366777571922,2.0,1.0
142.0,142,132,1288.5593887657044,177.3840312785987,13.261785059625714,5.0,1.0
142.0,142,134,118.19326852435984,833.8709515750735,11.185422719499034,3.0,0.9999999999999999
142.0,142,138,476.66000823960496,1015.3714904461507,7.755538950942392,1.0,1.0
142.0,142,142,1295.810529966448,291.80300423209775,7.755538950942392,1.0,1.0
142.0,142,143,606.9567541509223,110.4452349731861,14.835812298463564,7.0,1.0
142.0,142,144,1277.577741876513,977.535087839373,9.77136677757192,2.0,1.0
142.0,142,145,126.82050409716598,861.9606637176265,9.77136677757192,2.0,0.9999999999999999
142.0,142,146,1059.0633005135842,527.1168676424551,7.755538950942392,1.0,1.0
142.0,142,148,554.7030360852466,161.17241391872756,12.311150689306299,4.0,1.0
142.0,142,149,170.25789531792,980.110735668263,7.755538950942392,1.0,1.0
142.0,142,150,700.4164024208949,378.5776491025914,12.311150689306299,4.0,1.0
142.0,142,151,471.0805622201016,666.2323186427238,7.755538950942392,1.0,1.0
142.0,142,152,1164.9948141825096,668.1748592340394,7.755538950942392,1.0,1.0
142.0,142,153,52.94095356546894,556.8381292911653,11.185422719499034,3.0,1.0
142.0,142,156,876.8770971354508,812.3946984167846,7.755538950942392,1.0,0.9999999999999999
142.0,142,163,63.28505987433627,60.1860199549492,7.755538950942392,1.0,0.9999999999999999
142.0,142,164,360.9704105564013,68.96238110455452,9.771366777571922,2.0,1.0
142.0,142,165,138.88570371880212,6.419070176715495,12.311150689306299,4.0,1.0
142.0,142,166,508.610484098758,89.15597357933038,12.311150689306297,4.0,0.9999999999999999
142.0,142,170,984.6009744312383,685.1735611271245,7.755538950942392,1.0,0.9999999999999999
142.0,142,172,819.6717732334287,816.989832854173,7.755538950942392,1.0,1.0
142.0,142,173,1341.379448494522,67.56664520212146,13.261785059625712,5.0,1.0
142.0,142,174,973.1742239399413,745.9347599726411,9.771366777571922,2.0,1.0
142.0,142,181,474.40563531087906,938.4173420977793,11.185422719499032,3.0,1.0
142.0,142,186,227.94669085549697,610.6104956088841,12.311150689306297,4.0,1.0
142.0,142,187,608.4939921668891,904.2660991497498,7.755538950942392,1.0,1.0
142.0,142,188,593.1385056202911,281.30222199364164,9.771366777571922,2.0,0.9999999999999999
142.0,142,189,816.4274965289617,917.9115725540738,7.755538950942392,1.0,1.0
142.0,142,191,1072.8510351357997,762.1954669083563,11.185422719499032,3.0,1.0
142.0,142,193,352.7632820014513,107.97491820945051,11.185422719499032,3.0,1.0
142.0,142,199,205.62553530643743,542.0911099700145,16.708802155803774,10.0,0.9999999999999999
142.0,142,201,151.49163894540774,438.27849089431004,9.77136677757192,2.0,1.0
142.0,142,208,1037.8534708613215,281.39645802173834,9.77136677757192,2.0,1.0
142.0,142,210,104.40786253389376,1009.7181432139965,16.708802155803774,10.0,0.9999999999999999
142.0,142,213,480.9507663659504,751.9336806944866,7.755538950942392,1.0,1.0
142.0,142,214,28.484817723499553,247.2933808761677,7.755538950942392,1.0,0.9999999999999999
142.0,142,215,347.8097792755383,423.62856883363384,12.311150689306297,4.0,1.0
142.0,142,218,672.6622465062976,303.6940348964492,9.77136677757192,2.0,1.0
142.0,142,219,304.2367819732066,95.82571361170518,7.755538950942392,1.0,1.0
142.0,142,220,313.6016577377729,919.9909901010341,12.311150689306299,4.0,1.0
142.0,142,221,111.85953070962184,187.86290147956745,15.511077901884784,8.0,1.0
142.0,142,224,559.639143282484,253.44009768565033,9.771366777571922,2.0,1.0
142.0,142,228,898.5176111911546,26.072872704049075,12.311150689306299,4.0,1.0
142.0,142,230,1132.0711582219067,733.1978403386529,7.755538950942392,1.0,1.0
142.0,142,231,741.9487066590357,317.19679233887035,11.185422719499032,3.0,1.0
142.0,142,232,500.0486371156359,234.55613882402574,7.755538950942392,1.0,1.0
142.0,142,238,906.6850180348465,858.8159770349448,7.755538950942392,1.0,1.0
142.0,142,241,1218.696637162812,510.8377121379785,14.83581229846356,7.0,1.0
142.0,142,242,742.6896908617376,34.29592012635319,7.755538950942392,1.0,1.0
142.0,142,243,80.36775032721248,687.3454532096434,11.185422719499034,3.0,1.0
142.0,142,245,734.5810826052349,803.7579586011085,11.185422719499034,3.0,1.0
142.0,142,247,387.08262075147377,212.82062492341944,7.755538950942392,1.0,1.0
142.0,142,248,463.6081109827031,200.42317867181993,9.77136677757192,2.0,0.9999999999999999
142.0,142,250,511.02306897663357,805.5058169243001,7.755538950942392,1.0,1.0
142.0,142,256,921.2088668688857,720.8850448289884,7.755538950942392,1.0,1.0
142.0,142,259,749.0419641054075,168.49903119584815,13.26178505962571,5.0,1.0
142.0,142,260,1087.750843022833,796.908061609178,7.755538950942392,1.0,1.0
142.0,142,261,256.25055093092055,426.1983482686068,7.755538950942392,1.0,1.0
142.0,142,262,853.4692776635103,985.2554652579281,13.261785059625712,5.0,1.0
142.0,142,263,98.2338644785106,145.16403046881553,12.311150689306299,4.0,1.0
142.0,142,264,945.0015739596513,813.1712614556433,7.755538950942392,1.0,1.0
142.0,142,265,6.3999501493957665,444.40984444544597,7.755538950942392,1.0,1.0
142.0,142,268,1016.4093442598984,232.52826296915268,7.755538950942392,1.0,1.0
142.0,142,269,107.65573135619617,385.95307322288096,11.185422719499032,3.0,1.0
142.0,142,273,623.6212990958705,586.4457608463059,7.755538950942392,1.0,1.0
142.0,142,274,793.4315347953032,850.4160525688887,7.755538950942392,1.0,1.0
142.0,142,275,1175.829674839992,387.68735788225456,7.755538950942392,1.0,1.0
142.0,142,276,1097.2557505693414,526.8927787151207,7.755538950942392,1.0,1.0
142.0,142,278,1248.8803859746122,358.84642519204147,14.092749536269187,6.0,0.9999999999999999
142.0,142,279,121.8632480190079,635.2482087048626,13.261785059625714,5.0,1.0
142.0,142,283,680.9183636593898,582.3543530918217,14.09274953626919,6.0,1.0
142.0,142,284,88.1246771232473,801.9008372679667,7.755538950942392,1.0,1.0
142.0,142,285,858.0657827608898,639.1169710808371,7.755538950942392,1.0,1.0
142.0,142,286,1133.10249087261,256.02971219663465,7.755538950942392,1.0,1.0
142.0,142,287,103.62060531372227,715.1638974912165,7.755538950942392,1.0,1.0
142.0,142,289,1231.18912668661,818.8163653216902,13.261785059625714,5.0,1.0
142.0,142,291,507.8230751446694,363.58547774294277,9.771366777571922,2.0,0.9999999999999999
142.0,142,294,625.7885443354311,422.40741440394544,7.755538950942392,1.0,1.0
142.0,142,295,52.02049345844842,752.5916353845612,12.311150689306297,4.0,1.0
142.0,142,300,338.7809162119991,659.8743449753308,11.185422719499034,3.0,1.0
142.0,142,301,1108.9317455743796,44.69568206002721,9.77136677757192,2.0,1.0
142.0,142,302,646.5297146732879,984.1828967592188,7.755538950942392,1.0,0.9999999999999999
142.0,142,304,715.3737928597965,409.40762619225706,7.755538950942392,1.0,1.0
142.0,142,307,983.2306509844157,488.89296564874695,12.311150689306297,4.0,1.0
142.0,142,309,821.1248702532902,196.07449646406067,7.755538950942392,1.0,1.0
142.0,142,314,171.6179184153817,147.34212306681283,7.755538950942392,1.0,0.9999999999999999
142.0,142,318,1210.6909304957412,610.2621788947229,11.185422719499032,3.0,1.0
142.0,142,320,1241.3132877381329,113.63316737074871,9.77136677757192,2.0,1.0
142.0,142,323,72.93885846433008,432.00733894786623,9.77136677757192,2.0,0.9999999999999999
142.0,142,325,210.52802217220025,930.8412211555733,7.755538950942392,1.0,1.0
142.0,142,326,195.00480901313304,484.68748695614386,9.77136677757192,2.0,1.0
142.0,142,327,921.6511689150037,471.89614618087626,7.755538950942392,1.0,0.9999999999999999
142.0,142,330,409.0400865149625,852.0988107286677,11.185422719499034,3.0,1.0
142.0,142,331,133.30916439045572,723.4234621485153,15.511077901884784,8.0,1.0
142.0,142,333,623.1386256379704,33.787646578064745,9.77136677757192,2.0,1.0
142.0,142,334,1136.9314701481505,829.875279308747,7.755538950942392,1.0,1.0
142.0,142,337,595.0113320564674,936.0431953037686,9.77136677757192,2.0,1.0
142.0,142,339,825.0864247717827,89.08891579454655,7.755538950942392,1.0,1.0
142.0,142,340,890.196329567654,664.9708102701312,9.771366777571922,2.0,1.0
142.0,142,341,998.6097687051135,605.8322602678004,13.26178505962571,5.0,1.0
142.0,142,342,876.1059144578703,137.23529512086014,9.77136677757192,2.0,1.0
142.0,142,344,733.3077903918371,358.24496241965113,7.755538950942392,1.0,1.0
142.0,142,346,1188.5522426246832,633.7881546587552,7.755538950942392,1.0,0.9999999999999999
142.0,142,348,409.60726710655376,663.3115070147828,7.755538950942392,1.0,1.0
142.0,142,350,1239.1880048135415,165.926672547817,9.77136677757192,2.0,1.0
142.0,142,354,476.62831778717197,235.9073059056363,7.755538950942392,1.0,1.0
142.0,142,355,97.8313937447929,492.0804352902458,7.755538950942392,1.0,1.0
142.0,142,356,677.7420146271226,1019.0190280934276,7.755538950942392,1.0,1.0
142.0,142,360,678.83212431967,330.0073920695611,7.755538950942392,1.0,1.0
142.0,142,361,24.417959633537347,631.2548215313674,11.185422719499032,3.0,1.0
142.0,142,362,999.9893396936545,703.3647575431418,7.755538950942392,1.0,1.0
142.0,142,363,600.2065556823516,507.5083975203521,9.771366777571922,2.0,1.0
142.0,142,364,1329.418836194577,422.063530988541,7.755538950942392,1.0,1.0
142.0,142,365,118.31903683542764,73.75339230565892,7.755538950942392,1.0,1.0
142.0,142,366,842.7598232343663,154.7854205829378,7.755538950942392,1.0,0.9999999999999999
142.0,142,367,1179.6639029636426,992.8096732123639,7.755538950942392,1.0,1.0
142.0,142,368,1330.2744706566205,173.83663386387965,14.09274953626919,6.0,1.0
142.0,142,370,35.597945948534225,997.4197522627218,9.771366777571922,2.0,1.0
142.0,142,371,579.2091748545828,422.810059977177,9.771366777571922,2.0,1.0
142.0,142,373,878.5703521456916,193.7505424266689,7.755538950942392,1.0,1.0
142.0,142,374,877.9467333019614,74.95087403151976,12.311150689306299,4.0,1.0
142.0,142,380,854.4787809708681,21.043347520769526,9.771366777571922,2.0,1.0
142.0,142,381,818.5632657891081,333.44295531241914,9.77136677757192,2.0,1.0
142.0,142,382,1338.9512680640398,272.60246309018555,13.261785059625714,5.0,0.9999999999999999
142.0,142,383,934.3671667537724,505.23973233544086,9.771366777571922,2.0,1.0
142.0,142,385,698.9506651411253,548.1623937987484,9.771366777571922,2.0,1.0
142.0,142,387,818.707177556662,261.9867836522037,9.77136677757192,2.0,1.0
142.0,142,388,180.28836316529,650.396530870926,7.755538950942392,1.0,1.0
142.0,142,390,369.8835898291827,181.61546875231983,14.83581229846356,7.0,1.0
142.0,142,391,753.2686642359777,493.66449521033024,16.132171110904203,9.0,1.0
142.0,142,393,270.656160152158,905.2547060660175,7.755538950942392,1.0,1.0
142.0,142,396,1037.4223969593652,354.55861488701146,9.77136677757192,2.0,1.0
142.0,142,399,525.0861812965629,614.4879262045273,11.185422719499032,3.0,0.9999999999999999
142.0,142,400,224.01797882321262,375.8300857977837,7.755538950942392,1.0,1.0
142.0,142,403,643.4169968414714,540.8257571489509,7.755538950942392,1.0,1.0
142.0,142,405,760.8832389352151,377.3318901607316,12.311150689306297,4.0,1.0
142.0,142,406,257.2927146334382,791.9004798961631,14.092749536269183,6.0,1.0
142.0,142,409,577.2456052479125,871.7060099620433,12.311150689306299,4.0,1.0
142.0,142,410,569.0314824798752,538.928456769646,9.771366777571922,2.0,1.0
142.0,142,412,752.0569780951334,646.8165690440876,9.77136677757192,2.0,1.0
142.0,142,415,1136.2234208559917,692.1969692108657,7.755538950942392,1.0,1.0
142.0,142,416,408.98223101733925,737.6566438493575,7.755538950942392,1.0,0.9999999999999999
142.0,142,417,906.7132049859053,509.67550558902593,11.185422719499034,3.0,1.0
142.0,142,418,537.0474766711138,683.4016533491704,9.77136677757192,2.0,1.0
142.0,142,419,331.7119764846535,895.2133547531313,9.771366777571922,2.0,1.0
142.0,142,420,692.0932375010717,962.6170314116252,9.771366777571922,2.0,1.0
142.0,142,421,984.315830222836,334.06278864086073,11.185422719499034,3.0,1.0
142.0,142,422,158.18770555824378,671.9254305664234,7.755538950942392,1.0,1.0
142.0,142,428,1062.9453307509998,189.36566435093977,9.77136677757192,2.0,1.0
142.0,142,431,265.3494643674592,589.8152822971554,7.755538950942392,1.0,1.0
142.0,142,432,353.42125431306516,773.2758347718893,11.185422719499034,3.0,1.0
142.0,142,433,286.5704126210134,596.1456146622027,11.185422719499034,3.0,1.0
142.0,142,435,887.6927498135881,227.33039400142817,7.755538950942392,1.0,1.0
142.0,142,436,306.50109275220325,657.2102534566803,9.77136677757192,2.0,1.0
142.0,142,438,871.9409312289288,712.9099862373203,7.755538950942392,1.0,1.0
142.0,142,439,526.0821554512277,860.4857802166304,12.311150689306299,4.0,1.0
142.0,142,441,953.8269057629311,430.8295220034571,12.311150689306297,4.0,1.0
142.0,142,442,501.3310045279812,326.6348253120493,7.755538950942392,1.0,0.9999999999999999
142.0,142,443,212.9249635264335,744.9070305456528,7.755538950942392,1.0,1.0
142.0,142,445,1048.0299955829757,32.58970755386763,7.755538950942392,1.0,0.9999999999999999
142.0,142,446,326.46009525721,260.2608599949021,7.755538950942392,1.0,0.9999999999999999
142.0,142,449,1198.8513323858053,126.757976946955,7.755538950942392,1.0,1.0
142.0,142,451,1336.8617081654838,510.87644557904076,7.755538950942392,1.0,1.0
142.0,142,453,185.68245622905047,1012.7701582529813,7.755538950942392,1.0,1.0
142.0,142,455,851.2918736427307,206.67681746200847,12.311150689306299,4.0,1.0
142.0,142,456,304.66739144445506,808.304592534322,11.185422719499032,3.0,1.0
142.0,142,459,1306.4959066379038,348.94574321133774,11.185422719499034,3.0,1.0
142.0,142,461,150.56008175677087,63.429771163471656,9.77136677757192,2.0,1.0
142.0,142,462,1094.625597023826,309.99300216748406,7.755538950942392,1.0,1.0
142.0,142,465,799.3503518302258,183.3240178710369,7.755538950942392,1.0,1.0
142.0,142,468,1205.6072940626009,912.5686619730685,11.185422719499032,3.0,1.0
142.0,142,469,1132.386656244782,883.5643001961406,7.755538950942392,1.0,1.0
142.0,142,470,80.29309887135446,406.3407148498634,7.755538950942392,1.0,0.9999999999999999
142.0,142,472,308.38731827443695,132.89301478238224,7.755538950942392,1.0,1.0
142.0,142,473,398.53849234770564,919.0123105630432,7.755538950942392,1.0,1.0
142.0,142,476,493.31281078605497,145.75842678562063,15.51107790188478,8.0,0.9999999999999999
142.0,142,477,272.56515533046957,932.1816080209542,13.261785059625714,5.0,0.9999999999999999
142.0,142,479,358.6230103235696,929.3095652826332,7.755538950942392,1.0,0.9999999999999999
142.0,142,481,590.5119861772723,978.1890912379794,11.185422719499034,3.0,1.0
142.0,142,485,1047.055680143698,679.1871284761149,7.755538950942392,1.0,0.9999999999999999
142.0,142,486,408.04316113799865,125.23886831970555,7.755538950942392,1.0,1.0
142.0,142,487,1064.6557264398791,946.2123646888282,16.132171110904203,9.0,0.9999999999999999
142.0,142,489,654.8661914794732,151.70086360597148,9.77136677757192,2.0,1.0
142.0,142,490,452.66074376744825,905.5971234853129,9.77136677757192,2.0,1.0
142.0,142,491,645.7236356296834,748.4408886371992,14.835812298463562,7.0,1.0
142.0,142,494,814.2927641618178,762.629791074361,9.77136677757192,2.0,1.0
142.0,142,496,689.0731578600407,517.0589225921793,9.771366777571922,2.0,1.0
142.0,142,497,1197.9683165271738,773.7339539417827,9.771366777571922,2.0,1.0
142.0,142,498,415.1239251921608,485.7940264877103,7.755538950942392,1.0,0.9999999999999999
142.0,142,500,535.3430150267993,186.83304669145832,7.755538950942392,1.0,1.0
142.0,142,501,516.8182072616981,990.4880910735682,13.261785059625714,5.0,1.0
142.0,142,503,546.9330294602798,40.81143600980158,16.132171110904203,9.0,0.9999999999999999
142.0,142,504,988.3389767629404,207.56876536808565,7.755538950942392,1.0,1.0
142.0,142,506,108.21725127917655,748.8607783146206,7.755538950942392,1.0,1.0
142.0,142,507,1341.147017137095,309.63768021172797,7.755538950942392,1.0,0.9999999999999999
142.0,142,508,1177.8481963462991,528.8929706853687,16.70880215580377,10.0,1.0
142.0,142,509,1065.0718806834557,867.1966042170251,9.77136677757192,2.0,1.0
142.0,142,510,601.7223321076259,224.34604026072998,13.261785059625714,5.0,1.0
142.0,142,511,518.4036870062764,503.5032217113919,9.77136677757192,2.0,1.0
142.0,142,512,197.64383917909018,870.2464690699096,11.185422719499034,3.0,1.0
142.0,142,513,1265.1430130223232,582.2432799325398,17.248164218530714,11.0,1.0
142.0,142,516,1224.1801448966778,386.4058358667805,11.185422719499032,3.0,1.0
142.0,142,517,903.3400640593561,838.237645327448,9.77136677757192,2.0,1.0
142.0,142,518,125.26167215611521,528.2670707788711,12.311150689306299,4.0,1.0
142.0,142,519,825.4037048818692,383.80005421209484,14.835812298463564,7.0,1.0
142.0,142,520,806.8898270601137,1015.3280076037527,11.185422719499034,3.0,0.9999999999999999
142.0,142,521,838.9497282462228,50.17181747453529,14.09274953626919,6.0,1.0
142.0,142,522,989.3670299294522,986.2727403551789,7.755538950942392,1.0,1.0
142.0,142,523,971.117291467871,190.47884138144926,7.755538950942392,1.0,1.0
142.0,142,524,862.4000066418827,874.8461134031389,9.77136677757192,2.0,1.0
142.0,142,529,776.1107006338573,562.6922813453785,7.755538950942392,1.0,1.0
142.0,142,530,121.0610993161525,680.991780329703,9.771366777571922,2.0,1.0
142.0,142,533,834.1583352413893,877.2969454412822,11.185422719499034,3.0,1.0
142.0,142,535,837.8492131015587,132.42019601126586,7.755538950942392,1.0,1.0
142.0,142,536,346.332772829456,493.23354897764943,7.755538950942392,1.0,1.0
142.0,142,538,550.5995241523848,456.7781433510409,11.185422719499032,3.0,1.0
142.0,142,539,969.0747187306775,230.21472693144744,9.771366777571922,2.0,1.0
142.0,142,540,304.8514124724591,547.9094292905367,7.755538950942392,1.0,0.9999999999999999
142.0,142,543,901.4186254974421,399.17606537260116,11.185422719499034,3.0,1.0
142.0,142,546,1035.6442636913016,832.2430873118285,9.77136677757192,2.0,1.0
142.0,142,547,494.86870789330703,254.22838618892507,7.755538950942392,1.0,0.9999999999999999
142.0,142,548,894.4548569918059,446.03468749103604,12.311150689306299,4.0,1.0
142.0,142,551,1250.9332683179744,760.1333098068698,7.755538950942392,1.0,1.0
142.0,142,555,155.38244189423938,191.05136185024233,12.311150689306299,4.0,1.0
142.0,142,556,265.9561899091247,473.4017538315906,7.755538950942392,1.0,1.0
142.0,142,557,603.265446476211,315.97282697447247,12.311150689306299,4.0,1.0
142.0,142,559,1078.6886861665346,83.42438263335494,7.755538950942392,1.0,1.0
142.0,142,561,1312.6483631856895,891.8178405150423,7.755538950942392,1.0,1.0
142.0,142,562,178.26152638539753,234.84224458343138,11.185422719499032,3.0,1.0
142.0,142,563,440.0341347614924,412.39162041462475,7.755538950942392,1.0,1.0
142.0,142,564,355.00928664113655,464.52950901380063,11.185422719499032,3.0,1.0
142.0,142,565,1214.2724268053353,754.3513230144835,9.771366777571922,2.0,1.0
142.0,142,568,1105.7786855551649,168.05860257009184,11.185422719499032,3.0,1.0
142.0,142,569,328.53196312308563,339.94353410392483,7.755538950942392,1.0,1.0
142.0,142,570,1306.6101446975536,557.6059258559025,11.185422719499034,3.0,1.0
142.0,142,573,484.73628282295215,963.1102277690802,7.755538950942392,1.0,1.0
142.0,142,574,188.10864304236193,793.1373500835076,7.755538950942392,1.0,0.9999999999999999
142.0,142,575,676.5455447938195,674.1693654322371,7.755538950942392,1.0,1.0
142.0,142,576,825.2136771786488,155.67864712933388,7.755538950942392,1.0,1.0
142.0,142,581,609.8781325613625,827.2655700545675,13.261785059625714,5.0,1.0
142.0,142,582,551.8296485638291,276.38291325413627,11.185422719499032,3.0,1.0
142.0,142,583,1226.7211671917846,257.115224734982,11.185422719499034,3.0,1.0
142.0,142,584,1079.601409371116,781.2882164399714,7.755538950942392,1.0,1.0
142.0,142,586,393.85380163537275,5.2951853076833855,7.755538950942392,1.0,1.0
142.0,142,587,1072.6367698004576,825.0254348418553,9.77136677757192,2.0,0.9999999999999999
142.0,142,592,886.0486432358637,304.2477793970745,9.77136677757192,2.0,1.0
142.0,142,593,696.8630997228863,790.8978306780637,9.77136677757192,2.0,1.0
142.0,142,594,527.0339357542991,898.2825829164599,11.185422719499034,3.0,1.0
142.0,142,598,589.8728675549964,449.0718965922827,11.185422719499032,3.0,1.0
142.0,142,600,532.3970128775201,525.2624629763013,12.311150689306297,4.0,1.0
142.0,142,602,164.22998767445148,315.64195128974734,7.755538950942392,1.0,1.0
142.0,142,605,793.9716592849932,38.52421492306116,14.835812298463564,7.0,1.0
142.0,142,606,1214.3820814480373,633.1488892874004,9.771366777571922,2.0,0.9999999999999999
142.0,142,607,1158.9928639709663,174.9942986567487,12.311150689306297,4.0,0.9999999999999999
142.0,142,608,936.5020117358232,706.2817820050733,9.771366777571922,2.0,1.0
142.0,142,609,1002.1070439636391,853.8518145354337,7.755538950942392,1.0,1.0
142.0,142,612,347.0473567479554,315.8332241146987,14.09274953626919,6.0,1.0
142.0,142,613,1257.3846358883275,722.7075038343124,7.755538950942392,1.0,0.9999999999999999
142.0,142,614,395.05869367239865,764.0994962484572,12.311150689306299,4.0,0.9999999999999999
142.0,142,619,642.0922748586315,251.00073905945254,7.755538950942392,1.0,1.0
142.0,142,621,184.5912074050863,42.96549075968591,7.755538950942392,1.0,1.0
142.0,142,622,263.423775743179,44.785190711904974,7.755538950942392,1.0,1.0
142.0,142,625,575.4997215709863,744.0084677329057,7.755538950942392,1.0,1.0
142.0,142,626,897.1145036307038,178.11698467472326,7.755538950942392,1.0,1.0
142.0,142,627,1254.2491920134478,17.637819597950454,14.09274953626919,6.0,0.9999999999999999
142.0,142,629,804.8214422973798,879.398438334232,11.185422719499032,3.0,1.0
142.0,142,632,407.9572049662581,709.0949902945384,9.771366777571922,2.0,1.0
142.0,142,633,1108.5985106538583,84.0273628886907,9.77136677757192,2.0,1.0
142.0,142,636,677.8819924586359,930.4733411606272,12.311150689306299,4.0,1.0
142.0,142,638,73.26498454321658,228.09883542779076,7.755538950942392,1.0,1.0
142.0,142,640,40.69775737895081,450.5081958919252,7.755538950942392,1.0,1.0
142.0,142,641,155.87335311073124,924.1322294789484,7.755538950942392,1.0,1.0
142.0,142,646,376.91300304125986,892.4484258670483,13.261785059625714,5.0,1.0
142.0,142,647,176.16852237773247,281.90665866897655,9.771366777571922,2.0,1.0
142.0,142,649,1115.7013202527962,113.7879750776489,9.77136677757192,2.0,1.0
142.0,142,654,1296.1602289093119,124.53269759785648,11.185422719499034,3.0,1.0
142.0,142,655,577.8767936990581,701.5533117372987,7.755538950942392,1.0,1.0
142.0,142,658,574.9195023288063,344.5913883501947,14.835812298463564,7.0,1.0
142.0,142,659,1293.2078578963199,962.5652793675104,9.771366777571922,2.0,1.0
142.0,142,662,1133.502503510736,967.1625379688629,7.755538950942392,1.0,1.0
142.0,142,665,1035.475672096506,113.2771779078059,11.185422719499032,3.0,1.0
142.0,142,666,1232.0803282936743,1005.1135811977027,13.261785059625714,5.0,0.9999999999999999
142.0,142,667,184.06391151011462,89.80807090844957,7.755538950942392,1.0,1.0
142.0,142,668,236.20717396056898,949.7349709189075,7.755538950942392,1.0,1.0
142.0,142,671,1026.681063223831,87.108339336625,7.755538950942392,1.0,1.0
142.0,142,672,806.907175346047,985.0251872330971,7.755538950942392,1.0,1.0
142.0,142,674,1060.4958521512822,644.3207301897698,7.755538950942392,1.0,1.0
142.0,142,675,394.15480165753326,497.12179468401365,7.755538950942392,1.0,0.9999999999999999
142.0,142,682,1216.7915945240081,86.00778331753,7.755538950942392,1.0,0.9999999999999999
142.0,142,684,1306.7366814921786,940.1204707349408,11.185422719499034,3.0,0.9999999999999999
142.0,142,687,1210.6611332628186,285.3848049651398,12.311150689306297,4.0,1.0
142.0,142,688,237.4368958639266,490.70621780326786,7.755538950942392,1.0,1.0
142.0,142,689,432.52643425344536,614.7360774380576,7.755538950942392,1.0,1.0
142.0,142,694,1107.143848323883,879.3937712535392,7.755538950942392,1.0,1.0
142.0,142,698,668.8228682965689,94.09855915334828,9.771366777571922,2.0,1.0
142.0,142,700,447.3458091413656,509.361589863133,12.311150689306299,4.0,1.0
142.0,142,702,694.195523439777,39.202741976471955,7.755538950942392,1.0,1.0
142.0,142,704,144.43675530114908,253.49924365473854,9.771366777571922,2.0,0.9999999999999999
142.0,142,705,411.4377710767056,414.6569636979541,12.311150689306299,4.0,1.0
142.0,142,706,305.19992840360527,203.1815558894925,11.185422719499032,3.0,1.0
142.0,142,707,253.64838353750622,252.3951544984341,11.185422719499032,3.0,1.0
142.0,142,710,810.8716306808234,672.1537449252821,9.771366777571922,2.0,0.9999999999999999
142.0,142,717,520.0888337182581,656.2618779461961,15.511077901884784,8.0,1.0
142.0,142,718,430.18706663772736,161.6779121976309,9.771366777571922,2.0,1.0
142.0,142,720,640.6017503082426,836.1782168238406,9.77136677757192,2.0,0.9999999999999999
142.0,142,722,1005.1584101800471,789.1402029998089,13.261785059625714,5.0,1.0
142.0,142,723,429.62034299084524,586.3002093584497,11.185422719499032,3.0,1.0
142.0,142,724,890.1719655120721,623.5835668013361,7.755538950942392,1.0,1.0
142.0,142,726,1265.596112973741,53.05395926819408,9.771366777571922,2.0,1.0
142.0,142,728,1029.2708881250487,395.5689990099223,7.755538950942392,1.0,1.0
142.0,142,729,571.7198702574813,100.42994556027917,11.185422719499034,3.0,1.0
142.0,142,730,694.6001016479305,465.32958175203134,9.77136677757192,2.0,0.9999999999999999
142.0,142,733,242.1306586835911,290.1671304429773,12.311150689306297,4.0,1.0
142.0,142,734,1332.2131412104816,25.488798967210446,7.755538950942392,1.0,0.9999999999999999
142.0,142,735,722.1663001984417,4.2309806314257035,7.755538950942392,1.0,1.0
142.0,142,737,1103.0665028358217,488.9458760268677,13.26178505962571,5.0,1.0
142.0,142,746,1268.9281354565874,386.52044425305627,9.77136677757192,2.0,1.0
142.0,142,750,786.7061354034709,248.08406157956884,9.77136677757192,2.0,1.0
142.0,142,752,1300.8643521713996,703.2840401267164,9.771366777571922,2.0,1.0
142.0,142,753,642.6587126278536,478.1548374530351,9.771366777571922,2.0,1.0
142.0,142,754,548.3677660879329,718.5182782380996,7.755538950942392,1.0,1.0
142.0,142,755,937.4216660422253,132.76575805707523,9.771366777571922,2.0,1.0
142.0,142,758,649.463065211018,406.08279531669774,9.77136677757192,2.0,0.9999999999999999
142.0,142,759,55.36335813899825,617.7410932403284,12.311150689306299,4.0,1.0
142.0,142,760,154.7916515324752,1020.6492893148808,11.185422719499034,3.0,1.0
142.0,142,762,991.4853742374964,46.39704736546807,13.261785059625714,5.0,1.0
142.0,142,764,213.36633055746245,668.1404259022323,7.755538950942392,1.0,1.0
142.0,142,765,724.0406985906249,465.7310753390223,11.185422719499034,3.0,1.0
142.0,142,766,356.3351295780023,4.923082829315931,11.185422719499034,3.0,1.0
142.0,142,767,366.0206695728261,604.1916617002698,7.755538950942392,1.0,1.0
142.0,142,768,711.146991270316,637.3048576904005,15.511077901884784,8.0,1.0
142.0,142,769,7.9761783854075565,689.5274670783127,12.311150689306299,4.0,1.0
142.0,142,772,1034.7079415611834,909.1124034184235,7.755538950942392,1.0,1.0
142.0,142,773,928.4376707759757,653.2927337083528,9.771366777571922,2.0,1.0
142.0,142,774,67.97739869709947,837.539194218164,11.185422719499034,3.0,1.0
142.0,142,776,1069.4396008763154,151.17667537388758,14.092749536269187,6.0,1.0
142.0,142,777,386.1966845953737,335.7305128526904,7.755538950942392,1.0,1.0
142.0,142,780,237.67590016704642,687.3430188013527,11.185422719499032,3.0,1.0
142.0,142,781,428.7572272035314,202.90994569419814,7.755538950942392,1.0,1.0
142.0,142,782,150.91371030539355,574.2697021540794,12.311150689306297,4.0,0.9999999999999999
142.0,142,783,163.86365838597283,703.4979065702082,14.09274953626919,6.0,1.0
142.0,142,786,477.0477515197458,828.9154713547777,7.755538950942392,1.0,1.0
142.0,142,787,740.9574057580487,861.012740177449,11.185422719499032,3.0,0.9999999999999999
142.0,142,788,1128.9208426025318,405.0673163794835,7.755538950942392,1.0,1.0
142.0,142,789,395.8998047001313,966.0773724022222,13.261785059625714,5.0,0.9999999999999999
142.0,142,790,711.9486109477521,914.9623458294916,11.185422719499034,3.0,1.0
142.0,142,791,920.9402261182009,948.6839396462121,12.311150689306299,4.0,1.0
142.0,142,792,568.2736082478555,767.9719045585904,15.511077901884784,8.0,1.0
142.0,142,795,243.28053633242712,837.6559291843816,11.185422719499032,3.0,1.0
142.0,142,796,242.20154990955626,316.4390176655248,7.755538950942392,1.0,1.0
142.0,142,799,40.90164312467489,202.0296886697733,7.755538950942392,1.0,1.0
142.0,142,800,347.96908935122605,726.1612146859977,9.77136677757192,2.0,1.0
142.0,142,805,718.560893754696,975.365732377349,9.77136677757192,2.0,1.0
142.0,142,806,384.18239782120304,683.0079697112545,9.771366777571922,2.0,0.9999999999999999
142.0,142,809,1196.9375898511719,473.177064217613,9.77136677757192,2.0,1.0
142.0,142,811,821.3850728651,555.1609256071507,16.132171110904203,9.0,1.0
142.0,142,812,43.12823246251931,409.76095926482685,7.755538950942392,1.0,0.9999999999999999
142.0,142,815,470.2619866750643,565.2444853331805,9.77136677757192,2.0,1.0
142.0,142,817,1190.185404485577,728.2542749547789,9.77136677757192,2.0,1.0
142.0,142,818,275.05560839886624,1016.9135290758372,7.755538950942392,1.0,0.9999999999999999
142.0,142,819,1029.262077446698,943.4117074748837,7.755538950942392,1.0,1.0
142.0,142,820,1106.8667824021973,577.803753929216,7.755538950942392,1.0,1.0
142.0,142,821,1312.2182551282028,35.67379660735003,14.09274953626919,6.0,1.0
142.0,142,823,465.5547391776467,687.4319880232193,7.755538950942392,1.0,0.9999999999999999
142.0,142,826,981.5868044759236,831.2679660449659,9.771366777571922,2.0,1.0
142.0,142,828,147.6485754252251,813.5037137677667,9.77136677757192,2.0,1.0
142.0,142,829,783.7590366078105,141.59818995253963,9.77136677757192,2.0,1.0
142.0,142,830,435.19571827550726,749.3852859281129,9.771366777571922,2.0,0.9999999999999999
142.0,142,831,826.2704351629333,613.6623713436323,9.771366777571922,2.0,1.0
142.0,142,832,1041.832948322575,459.2978470932962,14.09274953626919,6.0,1.0
142.0,142,833,449.5344377313724,329.43105042448695,12.311150689306299,4.0,1.0
142.0,142,837,953.7066203120864,639.5451628109464,11.185422719499034,3.0,1.0
142.0,142,838,299.43070705305905,309.5310208038355,7.755538950942392,1.0,1.0
142.0,142,839,969.7098816923518,93.58556206938947,7.755538950942392,1.0,1.0
142.0,142,840,754.6906121859306,679.2455923125606,7.755538950942392,1.0,1.0
142.0,142,841,893.8131551822507,588.4775606460807,12.311150689306297,4.0,1.0
142.0,142,842,42.65831684083685,506.4685869306644,7.755538950942392,1.0,0.9999999999999999
142.0,142,843,931.778705855119,903.9379388009431,7.755538950942392,1.0,1.0
142.0,142,845,1336.4286843008306,628.1247882942403,7.755538950942392,1.0,1.0
142.0,142,846,688.6421056911205,440.0765166816367,9.77136677757192,2.0,1.0
142.0,142,848,597.6144793836932,627.3514523187516,14.09274953626919,6.0,0.9999999999999999
142.0,142,851,1319.2962878473577,656.7261035073883,14.09274953626919,6.0,1.0
142.0,142,853,470.89087422708076,801.9129645857354,13.261785059625714,5.0,1.0
142.0,142,855,591.7379682313095,601.2571363023206,7.755538950942392,1.0,1.0
142.0,142,857,749.1716793307435,889.6218116561457,9.771366777571922,2.0,1.0
142.0,142,859,892.044867996982,776.9637841013291,9.771366777571922,2.0,1.0
142.0,142,861,999.7394073751968,71.26073374553788,7.755538950942392,1.0,1.0
142.0,142,862,309.8933073367044,577.7408146369809,9.771366777571922,2.0,1.0
142.0,142,865,842.363878273828,102.25784535936631,9.771366777571922,2.0,1.0
142.0,142,866,935.1827449369315,11.78922192921211,9.77136677757192,2.0,1.0
142.0,142,868,1299.9562138480674,805.9014961456617,14.092749536269187,6.0,1.0
142.0,142,869,1326.4561770521423,120.4592350025224,11.185422719499034,3.0,0.9999999999999999
142.0,142,870,230.19880601025693,178.01710727142282,7.755538950942392,1.0,1.0
142.0,142,871,701.0383704462189,758.4351098237664,13.261785059625714,5.0,1.0
142.0,142,873,61.318354846065276,398.05139048989724,7.755538950942392,1.0,1.0
142.0,142,877,174.58791194273584,430.2804228307378,7.755538950942392,1.0,1.0
142.0,142,879,703.6031664863162,331.52774802215964,11.185422719499034,3.0,1.0
142.0,142,882,293.40699638824,635.402962835874,7.755538950942392,1.0,1.0
142.0,142,883,10.09806258226666,140.83581566315544,9.77136677757192,2.0,1.0
142.0,142,884,660.9287283532527,339.9941483400119,11.185422719499034,3.0,1.0
142.0,142,886,76.1674626403958,647.790094053509,9.77136677757192,2.0,1.0
142.0,142,887,434.4250093433963,234.24869104090632,12.311150689306299,4.0,1.0
142.0,142,890,1266.5912453949404,246.41276298431043,11.185422719499032,3.0,1.0
142.0,142,892,339.9283961368275,49.78832236559364,7.755538950942392,1.0,1.0
142.0,142,894,1190.4851760161125,1021.1397617512164,12.311150689306299,4.0,1.0
142.0,142,896,230.7710784298259,926.677266187515,7.755538950942392,1.0,1.0
142.0,142,897,736.9204711138387,579.4964040733831,9.77136677757192,2.0,1.0
142.0,142,898,1073.3569405708663,289.89456408311725,11.185422719499034,3.0,1.0
142.0,142,899,1197.3838688999144,837.5961498931983,13.261785059625714,5.0,1.0
142.0,142,901,1058.6400491174466,1018.2734824981903,11.185422719499032,3.0,1.0
142.0,142,903,281.7078712203716,369.86227593612097,16.708802155803774,10.0,1.0
142.0,142,905,712.5118371013566,876.2235406799442,12.311150689306299,4.0,1.0
142.0,142,907,1165.4407970192583,922.6772626448684,9.771366777571922,2.0,1.0
142.0,142,910,1273.2283996726148,787.3944827683902,9.77136677757192,2.0,1.0
142.0,142,912,430.3073417354032,896.237968277938,7.755538950942392,1.0,0.9999999999999999
142.0,142,913,303.0808104785643,736.6235882979245,7.755538950942392,1.0,0.9999999999999999
142.0,142,914,865.8260683215055,374.78748684145825,12.311150689306297,4.0,1.0
142.0,142,915,35.57376126968168,58.63571452437999,7.755538950942392,1.0,0.9999999999999999
142.0,142,916,836.5578092665581,301.602217062886,7.755538950942392,1.0,1.0
142.0,142,921,1227.4324893787698,473.1366714967551,7.755538950942392,1.0,1.0
142.0,142,925,908.1959545994432,348.0818598253451,12.311150689306299,4.0,1.0
142.0,142,926,234.57808523335518,85.40748243860736,14.092749536269185,6.0,0.9999999999999999
142.0,142,927,1253.1754105250534,84.71965573774085,14.835812298463562,7.0,1.0
142.0,142,932,1280.2130496341388,532.5871671277571,13.261785059625714,5.0,1.0
142.0,142,933,1021.3974198646663,195.8445228649442,7.755538950942392,1.0,1.0
142.0,142,934,309.525139252751,27.30745707158841,14.09274953626919,6.0,1.0
142.0,142,936,529.8676077523694,402.89866096970997,9.77136677757192,2.0,1.0
142.0,142,937,930.1991003668728,1007.8260150759505,9.77136677757192,2.0,0.9999999999999999
142.0,142,939,1161.2089736869127,138.85019179350044,9.77136677757192,2.0,1.0
142.0,142,941,57.14059455523834,949.4592518357842,11.185422719499032,3.0,1.0
142.0,142,947,418.2963680587612,64.08607611813459,7.755538950942392,1.0,1.0
142.0,142,949,1213.1482696903429,36.84351339202787,11.185422719499032,3.0,1.0
142.0,142,950,389.21542567058924,633.2655863884632,13.261785059625712,5.0,0.9999999999999999
142.0,142,951,97.78844897048846,323.9372301639191,13.261785059625714,5.0,0.9999999999999999
142.0,142,952,188.44082606541176,185.06479537609522,7.755538950942392,1.0,0.9999999999999999
142.0,142,953,583.713420731654,137.70605207070022,9.77136677757192,2.0,1.0
142.0,142,955,473.3984027660731,414.3644446870423,11.185422719499034,3.0,1.0
142.0,142,956,1063.9684233918117,611.9174647897489,9.77136677757192,2.0,1.0
142.0,142,957,267.4609905033121,532.0275674211138,12.311150689306297,4.0,1.0
142.0,142,959,190.67174977780897,908.2101376217265,9.77136677757192,2.0,0.9999999999999999
142.0,142,961,277.93244085755066,178.4366119228725,9.77136677757192,2.0,1.0
142.0,142,962,1306.528462253783,855.5892622878152,16.132171110904203,9.0,1.0
142.0,142,965,859.8540975666282,483.50555132118404,7.755538950942392,1.0,1.0
142.0,142,969,443.0647011596168,467.34307753631657,9.77136677757192,2.0,1.0
142.0,142,971,1169.3938720082099,823.1008010775669,7.755538950942392,1.0,0.9999999999999999
142.0,142,972,494.9276243764466,586.9055408175069,11.185422719499032,3.0,1.0
142.0,142,975,41.31475360879325,724.8050566612804,7.755538950942392,1.0,0.9999999999999999
142.0,142,977,1030.3122112016872,145.91698952228919,7.755538950942392,1.0,1.0
142.0,142,980,339.7592910657521,752.6344602731737,9.771366777571922,2.0,0.9999999999999999
142.0,142,981,987.1837163054176,405.56633514646165,9.771366777571922,2.0,1.0
142.0,142,983,922.0688022219983,525.3824694544404,7.755538950942392,1.0,1.0
142.0,142,985,1247.2008877066733,942.1092469443587,13.261785059625712,5.0,1.0
142.0,142,986,1162.2635397695885,782.5674788636201,13.261785059625714,5.0,0.9999999999999999
142.0,142,987,1166.549267877515,876.0742492758872,7.755538950942392,1.0,1.0
142.0,142,988,1126.8485085746606,602.1351950265285,7.755538950942392,1.0,1.0
142.0,142,989,532.386489906759,947.2980997909264,12.311150689306297,4.0,0.9999999999999999
142.0,142,995,35.78510286405279,20.330626721924194,14.092749536269185,6.0,1.0
142.0,142,996,258.7528204487358,855.9384974477517,9.77136677757192,2.0,0.9999999999999999
142.0,142,998,5.589626748996463,976.6976326292465,7.755538950942392,1.0,1.0
142.0,142,1000,173.31281135865126,871.7447494554076,9.77136677757192,2.0,1.0
143.0,143,1,99.74492617134204,936.100055534423,7.755538950942392,1.0,1.0
143.0,143,3,951.7769203629374,300.9544699957197,13.261785059625714,5.0,0.9999999999999999
143.0,143,6,457.4290201304517,100.59037087370142,7.755538950942392,1.0,1.0
143.0,143,8,344.5710035439273,207.30363858992396,16.708802155803774,10.0,1.0
143.0,143,9,1077.397320248662,418.5788752118884,9.77136677757192,2.0,1.0
143.0,143,10,1150.1648238935966,302.3584179300485,7.755538950942392,1.0,1.0
143.0,143,11,853.4768358929977,944.4277303007252,9.77136677757192,2.0,0.9999999999999999
143.0,143,15,1014.7889110821596,298.4128321480472,7.755538950942392,1.0,0.9999999999999999
143.0,143,17,199.01704285288335,272.7504567627312,7.755538950942392,1.0,1.0
143.0,143,18,644.3030630540724,654.0538849104219,7.755538950942392,1.0,1.0
143.0,143,20,350.90354385398786,964.5797828913107,9.77136677757192,2.0,1.0
143.0,143,22,140.9324426182587,461.37299941638395,11.185422719499032,3.0,1.0
143.0,143,23,1338.4009762337062,820.2096615711118,13.261785059625712,5.0,1.0
143.0,143,28,907.8192474804445,898.1501426291281,7.755538950942392,1.0,1.0
143.0,143,29,1103.53699062351,5.791979879023685,13.261785059625714,5.0,1.0
143.0,143,31,958.1280660221373,153.62284721932906,7.755538950942392,1.0,1.0
143.0,143,35,192.72244234829333,743.744735600431,9.771366777571922,2.0,1.0
143.0,143,37,861.2468851726854,912.5895368836352,9.771366777571922,2.0,0.9999999999999999
143.0,143,38,966.6725908595354,724.9891692834491,7.755538950942392,1.0,1.0
143.0,143,39,1331.0121333767436,999.8098310093292,11.185422719499034,3.0,1.0
143.0,143,40,962.4854598737314,928.4961337058695,9.77136677757192,2.0,1.0
143.0,143,41,431.6953803434801,287.2684613301121,11.185422719499034,3.0,0.9999999999999999
143.0,143,43,774.9244184227733,819.3256179384225,7.755538950942392,1.0,1.0
143.0,143,44,741.1890983112268,60.79364842435781,12.311150689306299,4.0,1.0
143.0,143,45,885.5616916108144,956.6523132401741,7.755538950942392,1.0,1.0
143.0,143,46,1148.2517071277198,356.24687709438575,7.755538950942392,1.0,1.0
143.0,143,51,1317.4727232107912,210.53777859209896,13.261785059625712,5.0,1.0
143.0,143,53,134.5838562911826,120.19312956209114,7.755538950942392,1.0,1.0
143.0,143,55,1247.5889693277925,607.3262197878971,7.755538950942392,1.0,1.0
143.0,143,57,1057.5771519038224,723.869700287844,13.261785059625714,5.0,1.0
143.0,143,59,37.09737014271654,145.3913791946724,7.755538950942392,1.0,1.0
143.0,143,60,51.27443633472525,238.28347816019115,9.77136677757192,2.0,1.0
143.0,143,61,879.006087971127,1003.4422790758684,9.771366777571922,2.0,1.0
143.0,143,62,580.5354953856001,2.5917200225293033,7.755538950942392,1.0,1.0
143.0,143,63,1133.6144605835223,636.0227020386462,7.755538950942392,1.0,1.0
143.0,143,65,692.0571956508741,837.3968406744682,7.755538950942392,1.0,1.0
143.0,143,66,972.140942677914,1005.8963228127816,9.771366777571922,2.0,1.0
143.0,143,67,1082.7692429930437,253.5357181960019,13.261785059625712,5.0,1.0
143.0,143,68,1242.0245484407187,666.3004462838609,7.755538950942392,1.0,0.9999999999999999
143.0,143,70,1153.1906102418093,479.3845644996024,7.755538950942392,1.0,0.9999999999999999
143.0,143,71,777.2196766133661,784.8955198622278,11.185422719499034,3.0,1.0
143.0,143,73,531.672123942884,301.8198933404215,7.755538950942392,1.0,1.0
143.0,143,77,430.73355998613533,836.989587756517,13.261785059625714,5.0,1.0
143.0,143,79,829.7473096252182,227.6054244509953,9.77136677757192,2.0,1.0
143.0,143,80,1016.3495871051758,356.516557133508,9.771366777571922,2.0,1.0
143.0,143,81,631.9425134672764,7.5094231824312985,13.261785059625712,5.0,1.0
143.0,143,83,1190.8302431041197,422.5790460461671,7.755538950942392,1.0,0.9999999999999999
143.0,143,85,110.68193776320484,792.6041155774639,7.755538950942392,1.0,1.0
143.0,143,86,1030.8944760747374,513.8770578767189,9.77136677757192,2.0,1.0
143.0,143,87,703.7797912092282,130.16937067754893,7.755538950942392,1.0,0.9999999999999999
143.0,143,88,64.79734073442991,497.71534568662594,9.77136677757192,2.0,1.0
143.0,143,90,820.4366510980103,417.18268949543733,7.755538950942392,1.0,1.0
143.0,143,92,1098.312072276129,698.7102962077272,7.755538950942392,1.0,0.9999999999999999
143.0,143,93,289.38424995149745,279.9632821396059,9.77136677757192,2.0,0.9999999999999999
143.0,143,94,657.7331964839284,874.1639539451769,12.311150689306299,4.0,1.0
143.0,143,97,940.5138728345021,68.59464285478919,12.311150689306297,4.0,1.0
143.0,143,100,367.10272865915107,814.3057986539253,7.755538950942392,1.0,1.0
143.0,143,103,216.58718311480274,11.004358791343313,7.755538950942392,1.0,0.9999999999999999
143.0,143,104,375.87634891420674,578.705075114663,9.771366777571922,2.0,1.0
143.0,143,107,444.86296767485663,132.93703019234576,7.755538950942392,1.0,1.0
143.0,143,110,648.5333696055818,616.0007165624033,7.755538950942392,1.0,1.0
143.0,143,116,1159.7434465696308,58.812698842383796,11.185422719499032,3.0,1.0
143.0,143,118,276.2837595855432,442.0107944524233,9.77136677757192,2.0,1.0
143.0,143,119,1044.1728933487555,564.667846429616,11.185422719499032,3.0,1.0
143.0,143,121,110.06899020655251,227.82037853931695,14.09274953626919,6.0,0.9999999999999999
143.0,143,122,852.9352243411809,260.9151097019632,15.511077901884784,8.0,1.0
143.0,143,125,414.25274025041875,996.9760018258347,12.311150689306299,4.0,1.0
143.0,143,126,1342.8334849152855,467.13401527464606,7.755538950942392,1.0,0.9999999999999999
143.0,143,129,781.7244024002582,670.6504730395537,7.755538950942392,1.0,0.9999999999999999
143.0,143,130,1201.1639609840745,437.5494536436484,7.755538950942392,1.0,0.9999999999999999
143.0,143,131,1240.8530099703123,311.49324164810463,9.771366777571922,2.0,1.0
143.0,143,132,1289.4071649714483,176.85367714693356,13.261785059625714,5.0,1.0
143.0,143,134,117.21798725619844,834.0919186494839,11.185422719499034,3.0,1.0
143.0,143,138,476.6774787490384,1016.3713378251542,7.755538950942392,1.0,1.0
143.0,143,142,1295.1500163131843,292.5538182662315,7.755538950942392,1.0,1.0
143.0,143,143,607.5286277191275,111.26557674463763,14.835812298463564,7.0,1.0
143.0,143,144,1276.613166908386,977.7988967301675,9.77136677757192,2.0,1.0
143.0,143,145,127.45118691924247,862.7367044239929,9.77136677757192,2.0,1.0
143.0,143,146,1059.6981488275967,526.3442308466736,7.755538950942392,1.0,1.0
143.0,143,148,554.8294968186451,160.1804423047646,12.311150689306299,4.0,1.0
143.0,143,149,170.08135110180677,981.0950283786683,7.755538950942392,1.0,1.0
143.0,143,150,699.4360333667821,378.77482039294097,12.311150689306299,4.0,1.0
143.0,143,151,472.0803544118761,666.2119330285134,7.755538950942392,1.0,1.0
143.0,143,152,1164.4160348702017,668.9903434507133,7.755538950942392,1.0,1.0
143.0,143,153,52.806509631549076,555.8472080891355,11.185422719499034,3.0,1.0
143.0,143,156,876.3079343714869,813.2169232936383,7.755538950942392,1.0,1.0
143.0,143,163,64.12129231662458,59.63764480738639,7.755538950942392,1.0,1.0
143.0,143,164,359.9797168636034,68.82627082922423,9.771366777571922,2.0,1.0
143.0,143,165,138.23252141972145,5.661869487223138,12.311150689306299,4.0,1.0
143.0,143,166,508.57573040037295,88.15657767156982,13.261785059625714,5.0,1.0
143.0,143,170,983.7494265305646,684.6492843177401,7.755538950942392,1.0,1.0
143.0,143,172,819.700185425218,815.9902365619841,7.755538950942392,1.0,1.0
143.0,143,173,1341.3814129240209,68.56664327262797,13.261785059625712,5.0,0.9999999999999999
143.0,143,174,972.7273461624517,746.829354993858,9.771366777571922,2.0,1.0
143.0,143,181,473.8755552962228,937.5693944708223,11.185422719499032,3.0,1.0
143.0,143,186,228.06085241780434,611.6039578062986,12.311150689306297,4.0,1.0
143.0,143,187,607.7103452509922,903.6448926533212,7.755538950942392,1.0,1.0
143.0,143,188,593.9266538931817,281.9177074117789,9.771366777571922,2.0,1.0
143.0,143,189,815.4673274127625,918.1909920743249,7.755538950942392,1.0,0.9999999999999999
143.0,143,191,1073.0907296868463,761.2246185565533,11.185422719499032,3.0,1.0
143.0,143,193,353.75833758221705,107.87559856795433,11.185422719499032,3.0,1.0
143.0,143,199,205.40309717514157,541.1161631623652,16.708802155803774,10.0,1.0
143.0,143,201,152.24490412271746,438.936207833922,9.77136677757192,2.0,1.0
143.0,143,208,1036.9686608487737,281.8624099953312,9.77136677757192,2.0,1.0
143.0,143,210,103.86293251127611,1008.8796616873963,16.708802155803774,10.0,1.0
143.0,143,213,480.59159652102926,752.8669529069194,7.755538950942392,1.0,0.9999999999999999
143.0,143,214,28.32690327277912,248.28083367314267,7.755538950942392,1.0,0.9999999999999999
143.0,143,215,348.6257590091772,424.206649342119,12.311150689306297,4.0,1.0
143.0,143,218,672.9155820876327,304.6614133556003,9.77136677757192,2.0,1.0
143.0,143,219,303.7433209365348,96.6954815148189,7.755538950942392,1.0,1.0
143.0,143,220,313.29090293176154,919.0404999903328,12.311150689306299,4.0,1.0
143.0,143,221,111.87000280491449,186.86295631346073,15.511077901884784,8.0,0.9999999999999999
143.0,143,224,560.6021601043547,253.70953896087403,9.771366777571922,2.0,1.0
143.0,143,228,897.5759720150578,26.409496621855887,12.311150689306299,4.0,1.0
143.0,143,230,1132.8104635195107,732.5244699525098,7.755538950942392,1.0,1.0
143.0,143,231,742.5734816339732,316.4159874780429,11.185422719499032,3.0,1.0
143.0,143,232,500.62021260269364,235.3766883122315,7.755538950942392,1.0,1.0
143.0,143,238,906.319277714419,859.7466939725867,7.755538950942392,1.0,1.0
143.0,143,241,1218.0486974894561,510.0760204814065,14.83581229846356,7.0,1.0
143.0,143,242,742.4177774361133,35.25824184436918,7.755538950942392,1.0,1.0
143.0,143,243,81.36748036361983,687.322218444636,11.185422719499034,3.0,1.0
143.0,143,245,734.6430893534297,804.7560343312905,11.185422719499034,3.0,1.0
143.0,143,247,386.4036443351535,212.08646484136585,7.755538950942392,1.0,1.0
143.0,143,248,464.0222018868875,201.33341420346642,9.77136677757192,2.0,1.0
143.0,143,250,510.20383386173575,804.9323591433622,7.755538950942392,1.0,1.0
143.0,143,256,922.0987442255475,720.4288449932799,7.755538950942392,1.0,1.0
143.0,143,259,749.0849064316642,167.49995364299468,13.26178505962571,5.0,1.0
143.0,143,260,1088.6068649424135,796.3911220835105,7.755538950942392,1.0,1.0
143.0,143,261,257.20058497201825,425.886201955549,7.755538950942392,1.0,1.0
143.0,143,262,854.3261571810598,984.739948534238,13.261785059625712,5.0,0.9999999999999999
143.0,143,263,98.52751108852159,146.11994451747736,12.311150689306299,4.0,0.9999999999999999
143.0,143,264,944.2304965993455,813.8080029294174,7.755538950942392,1.0,1.0
143.0,143,265,7.121279817513433,445.1024363237504,7.755538950942392,1.0,1.0
143.0,143,268,1015.7083729702535,231.81507347743704,7.755538950942392,1.0,1.0
143.0,143,269,107.60141384829642,384.9545495084227,11.185422719499032,3.0,1.0
143.0,143,273,622.8471941300228,585.8127035804524,7.755538950942392,1.0,0.9999999999999999
143.0,143,274,794.3805116242579,850.7313983760703,7.755538950942392,1.0,1.0
143.0,143,275,1176.7054872113092,388.17000960995057,7.755538950942392,1.0,1.0
143.0,143,276,1097.4714636301533,527.8692355116024,7.755538950942392,1.0,1.0
143.0,143,278,1247.9149654138114,358.5857277797352,14.092749536269187,6.0,1.0
143.0,143,279,121.7704648353131,634.2525223682969,13.261785059625714,5.0,0.9999999999999999
143.0,143,283,681.5580486236795,581.5857158910165,14.09274953626919,6.0,0.9999999999999999
143.0,143,284,87.14284200422726,801.7111011378836,7.755538950942392,1.0,1.0
143.0,143,285,857.1275350412145,638.7710068969621,7.755538950942392,1.0,1.0
143.0,143,286,1133.0504001940776,257.02835455564514,7.755538950942392,1.0,1.0
143.0,143,287,102.62418295932716,715.0793842279869,7.755538950942392,1.0,1.0
143.0,143,289,1230.596158063517,819.6215908876201,13.261785059625714,5.0,1.0
143.0,143,291,507.20428553522675,364.3710345004376,9.771366777571922,2.0,1.0
143.0,143,294,625.0389220733891,421.7455485079732,7.755538950942392,1.0,1.0
143.0,143,295,51.57285555530376,753.4858502959042,12.311150689306297,4.0,0.9999999999999999
143.0,143,300,338.266034724444,660.7316063437436,11.185422719499034,3.0,1.0
143.0,143,301,1109.9293714557095,44.76454860415845,9.77136677757192,2.0,0.9999999999999999
143.0,143,302,647.1437964179212,984.9721391876957,7.755538950942392,1.0,1.0
143.0,143,304,716.365027454932,409.27551269027276,7.755538950942392,1.0,1.0
143.0,143,307,982.3781116888715,488.37030251674594,12.311150689306297,4.0,1.0
143.0,143,309,820.6419701635862,195.1988210085614,7.755538950942392,1.0,0.9999999999999999
143.0,143,314,172.32886215473317,148.04537195552646,7.755538950942392,1.0,0.9999999999999999
143.0,143,318,1211.47510967647,610.8827133518737,11.185422719499032,3.0,0.9999999999999999
143.0,143,320,1240.3666737025237,113.95553651875724,9.77136677757192,2.0,1.0
143.0,143,323,72.95025104512968,431.0074038454207,9.77136677757192,2.0,1.0
143.0,143,325,209.5504056682885,931.0516159541767,7.755538950942392,1.0,1.0
143.0,143,326,195.55948241045124,485.5195551157963,9.77136677757192,2.0,1.0
143.0,143,327,921.4705746913065,470.9125884924984,7.755538950942392,1.0,1.0
143.0,143,330,409.06317049242966,853.0985442581566,11.185422719499034,3.0,0.9999999999999999
143.0,143,331,132.60584118493674,724.1343323677386,15.511077901884784,8.0,1.0
143.0,143,333,622.3215047795304,34.36411297144965,9.77136677757192,2.0,1.0
143.0,143,334,1136.9046197859927,830.87491877278,7.755538950942392,1.0,1.0
143.0,143,337,594.7655618932098,937.0125234354414,9.77136677757192,2.0,0.9999999999999999
143.0,143,339,826.0771014682963,88.95268186710933,7.755538950942392,1.0,1.0
143.0,143,340,890.3590382029594,665.9574844311373,9.771366777571922,2.0,0.9999999999999999
143.0,143,341,997.6164209179908,605.9474130958955,14.09274953626919,6.0,1.0
143.0,143,342,875.213031545281,136.78500620870943,9.77136677757192,2.0,1.0
143.0,143,344,733.7063402131827,357.3278157356875,7.755538950942392,1.0,1.0
143.0,143,346,1189.5515470995151,633.8254449601884,7.755538950942392,1.0,0.9999999999999999
143.0,143,348,409.36744019496297,664.2823226782724,7.755538950942392,1.0,1.0
143.0,143,350,1238.2906968728398,165.48526745093469,9.77136677757192,2.0,1.0
143.0,143,354,477.59098008787083,235.63660072501867,7.755538950942392,1.0,1.0
143.0,143,355,97.97011509859657,493.0707667428408,7.755538950942392,1.0,1.0
143.0,143,356,678.3831145265533,1018.2515706555524,7.755538950942392,1.0,0.9999999999999999
143.0,143,360,677.9422073071396,329.55126959608623,7.755538950942392,1.0,0.9999999999999999
143.0,143,361,24.911354347162444,632.1246270593832,11.185422719499032,3.0,1.0
143.0,143,362,999.9112669533413,704.361705208378,7.755538950942392,1.0,1.0
143.0,143,363,599.4547866226783,508.1678239991335,9.771366777571922,2.0,1.0
143.0,143,364,1329.2334363494203,421.08086782274313,7.755538950942392,1.0,0.9999999999999999
143.0,143,365,117.99357500476246,72.80783712652865,7.755538950942392,1.0,0.9999999999999999
143.0,143,366,843.7573819500745,154.7155878634248,7.755538950942392,1.0,0.9999999999999999
143.0,143,367,1180.662843127693,992.8557009067118,7.755538950942392,1.0,0.9999999999999999
143.0,143,368,1330.7380652105646,172.9505864105492,14.09274953626919,6.0,1.0
143.0,143,370,36.562705115635545,997.1566177923573,9.771366777571922,2.0,1.0
143.0,143,371,579.9492223667378,423.4826145695731,9.771366777571922,2.0,1.0
143.0,143,373,877.5828612001746,193.90821814617584,7.755538950942392,1.0,0.9999999999999999
143.0,143,374,878.2171669889752,75.91361263619295,12.311150689306299,4.0,1.0
143.0,143,380,853.9752796026979,20.179353092401634,9.771366777571922,2.0,1.0
143.0,143,381,818.0252326219855,332.6000316438251,9.77136677757192,2.0,0.9999999999999999
143.0,143,382,1338.8376568008068,271.6089378107555,13.261785059625714,5.0,1.0
143.0,143,383,934.6999737894082,506.18272728613323,9.771366777571922,2.0,0.9999999999999999
143.0,143,385,698.0115788058736,547.8187124711447,9.771366777571922,2.0,1.0
143.0,143,387,819.586150854182,261.50991266100505,9.77136677757192,2.0,1.0
143.0,143,388,179.75132206082955,649.552974795659,7.755538950942392,1.0,1.0
143.0,143,390,370.8275461891348,181.9455390334813,14.83581229846356,7.0,1.0
143.0,143,391,752.7635961979447,492.80141567925705,16.132171110904203,9.0,1.0
143.0,143,393,269.77407454390897,904.7836169240073,7.755538950942392,1.0,1.0
143.0,143,396,1038.3707835023251,354.8757315297986,9.77136677757192,2.0,1.0
143.0,143,399,525.4712522938327,613.5650392520452,11.185422719499032,3.0,0.9999999999999999
143.0,143,400,225.0175301003806,375.8001317611304,7.755538950942392,1.0,1.0
143.0,143,403,643.157469817683,539.8600213031195,7.755538950942392,1.0,0.9999999999999999
143.0,143,405,761.66587790557,376.7094142639437,12.311150689306297,4.0,0.9999999999999999
143.0,143,406,258.26246754860495,792.1445685757973,14.092749536269183,6.0,1.0
143.0,143,409,578.0843052442372,872.2506036786477,12.311150689306299,4.0,0.9999999999999999
143.0,143,410,569.8454396983838,539.5093815895993,9.771366777571922,2.0,0.9999999999999999
143.0,143,412,753.0504608658887,646.7025866585519,9.77136677757192,2.0,0.9999999999999999
143.0,143,415,1137.2225965910532,692.1563754864226,7.755538950942392,1.0,1.0
143.0,143,416,408.03703695306797,737.3301347669932,7.755538950942392,1.0,1.0
143.0,143,417,906.8349575725726,508.6829451084305,11.185422719499034,3.0,1.0
143.0,143,418,537.2340699118772,684.3840906054373,9.77136677757192,2.0,1.0
143.0,143,419,332.68163195743483,894.9688792653923,9.771366777571922,2.0,1.0
143.0,143,420,691.6208421391497,961.7356446508701,9.771366777571922,2.0,0.9999999999999999
143.0,143,421,984.7170813283872,333.14682054627775,11.185422719499034,3.0,1.0
143.0,143,422,158.6021220785841,671.0153432367297,7.755538950942392,1.0,1.0
143.0,143,428,1063.1918477844592,188.39652589219696,9.77136677757192,2.0,1.0
143.0,143,431,266.1580264787673,589.2268714609559,7.755538950942392,1.0,1.0
143.0,143,432,352.45154484915776,773.0315735272999,11.185422719499034,3.0,1.0
143.0,143,433,286.15538235396576,595.2358070575772,11.185422719499034,3.0,1.0
143.0,143,435,888.2472114749277,226.49818473321224,7.755538950942392,1.0,1.0
143.0,143,436,305.8322839442466,657.9536879046309,9.77136677757192,2.0,1.0
143.0,143,438,872.816615674029,712.4271024494276,7.755538950942392,1.0,1.0
143.0,143,439,526.7377587052432,861.240885754502,12.311150689306299,4.0,0.9999999999999999
143.0,143,441,954.8034854024488,430.61436576329794,12.311150689306297,4.0,1.0
143.0,143,442,502.32360568279046,326.75624585179173,7.755538950942392,1.0,0.9999999999999999
143.0,143,443,211.97735782856827,745.2264729369746,7.755538950942392,1.0,1.0
143.0,143,445,1048.8009796553088,31.95285312763768,7.755538950942392,1.0,1.0
143.0,143,446,326.7441759895855,261.2196603586343,7.755538950942392,1.0,1.0
143.0,143,449,1199.4960552069786,125.99356051341994,7.755538950942392,1.0,1.0
143.0,143,451,1337.6985778029155,510.3290433412439,7.755538950942392,1.0,1.0
143.0,143,453,186.67609236880057,1012.6575206847259,7.755538950942392,1.0,0.9999999999999999
143.0,143,455,850.5248332224905,206.03521868261606,12.311150689306299,4.0,0.9999999999999999
143.0,143,456,304.73488769645434,807.3068730066159,11.185422719499032,3.0,1.0
143.0,143,459,1307.4061352022543,349.3598494303688,11.185422719499034,3.0,1.0
143.0,143,461,150.2143437684278,62.491440068699404,9.77136677757192,2.0,1.0
143.0,143,462,1095.6253783975103,310.01391161113725,7.755538950942392,1.0,1.0
143.0,143,465,800.2279515910254,182.8446238161672,7.755538950942392,1.0,0.9999999999999999
143.0,143,468,1206.403001640474,913.1743429538787,11.185422719499032,3.0,1.0
143.0,143,469,1133.359638768001,883.3334214194845,7.755538950942392,1.0,1.0
143.0,143,470,80.22462278581335,407.33836760794554,7.755538950942392,1.0,1.0
143.0,143,472,307.64051343355226,133.55805803633737,7.755538950942392,1.0,1.0
143.0,143,473,399.4178599361141,918.5361670505844,7.755538950942392,1.0,1.0
143.0,143,476,492.5327270301846,145.13275168316954,15.51107790188478,8.0,0.9999999999999999
143.0,143,477,273.5502906864863,932.0098281317767,13.261785059625714,5.0,1.0
143.0,143,479,359.38352880155077,928.660248992487,7.755538950942392,1.0,1.0
143.0,143,481,591.1844924909146,977.4489998530064,11.185422719499034,3.0,1.0
143.0,143,485,1047.061040617605,678.1871428435584,7.755538950942392,1.0,1.0
143.0,143,486,408.78254689797876,124.56558628523659,7.755538950942392,1.0,1.0
143.0,143,487,1064.413746657145,945.2420833972699,16.132171110904203,9.0,1.0
143.0,143,489,653.9412250174715,152.08091234517758,9.77136677757192,2.0,0.9999999999999999
143.0,143,490,453.5876013601894,905.9725365948043,9.77136677757192,2.0,1.0
143.0,143,491,646.1719857168196,747.5470305951338,14.835812298463562,7.0,1.0
143.0,143,494,814.2673350095718,763.6294677011839,9.77136677757192,2.0,1.0
143.0,143,496,689.2798941601923,516.080525892369,9.771366777571922,2.0,1.0
143.0,143,497,1198.95675107828,773.8856020152281,9.771366777571922,2.0,1.0
143.0,143,498,414.8240939127719,484.84003424251125,7.755538950942392,1.0,1.0
143.0,143,500,535.2083811849045,187.82394210905628,7.755538950942392,1.0,1.0
143.0,143,501,517.1216157567924,991.4409516536662,13.261785059625714,5.0,1.0
143.0,143,503,547.6387134273285,40.102909271667805,16.132171110904203,9.0,1.0
143.0,143,504,987.7174926591001,208.3521921410988,7.755538950942392,1.0,1.0
143.0,143,506,107.40957581598533,749.4504056088996,7.755538950942392,1.0,0.9999999999999999
143.0,143,507,1340.9056683273136,308.66724177884464,7.755538950942392,1.0,1.0
143.0,143,508,1177.4502249697327,529.8103685180639,16.70880215580377,10.0,1.0
143.0,143,509,1065.311937911163,866.2258454790137,9.77136677757192,2.0,1.0
143.0,143,510,602.622271303974,223.91002484485998,13.261785059625714,5.0,0.9999999999999999
143.0,143,511,518.8231750847552,504.41098255655663,9.77136677757192,2.0,1.0
143.0,143,512,196.83239789782732,870.8309030243155,11.185422719499034,3.0,1.0
143.0,143,513,1264.8392332699063,583.1960222177469,17.248164218530714,11.0,1.0
143.0,143,516,1223.30044788895,386.881370486545,11.185422719499032,3.0,1.0
143.0,143,517,902.3469263363139,838.3545960139387,9.77136677757192,2.0,1.0
143.0,143,518,125.9842576374418,528.9583523583856,12.311150689306299,4.0,1.0
143.0,143,519,824.9965611289819,384.7134183040564,14.835812298463564,7.0,1.0
143.0,143,520,807.8773388215245,1015.1704623052658,11.185422719499034,3.0,1.0
143.0,143,521,839.722744592487,49.537431370960796,14.09274953626919,6.0,1.0
143.0,143,522,989.1726649281367,985.2918110782871,7.755538950942392,1.0,0.9999999999999999
143.0,143,523,971.1848604259675,191.47655598788828,7.755538950942392,1.0,1.0
143.0,143,524,862.5093018304431,873.8521040662827,9.77136677757192,2.0,1.0
143.0,143,529,775.3908011522628,561.9982030094538,7.755538950942392,1.0,1.0
143.0,143,530,120.19781275934307,680.4870662315919,9.771366777571922,2.0,1.0
143.0,143,533,834.390228728651,876.324204257531,11.185422719499034,3.0,0.9999999999999999
143.0,143,535,837.0921503825558,133.0735382183028,7.755538950942392,1.0,1.0
143.0,143,536,345.6345773408177,492.517641819112,7.755538950942392,1.0,1.0
143.0,143,538,549.6118126644202,456.6218551027851,11.185422719499032,3.0,1.0
143.0,143,539,969.6692458127469,231.0188025178733,9.771366777571922,2.0,1.0
143.0,143,540,304.380254486268,548.7914781282142,7.755538950942392,1.0,1.0
143.0,143,543,901.7991848570274,400.10082186694547,11.185422719499034,3.0,1.0
143.0,143,546,1034.9081152847975,831.5662671558035,9.77136677757192,2.0,1.0
143.0,143,547,494.8225405178915,255.2273199071703,7.755538950942392,1.0,1.0
143.0,143,548,894.5408820224021,447.03098046707817,12.311150689306299,4.0,1.0
143.0,143,551,1249.95204647142,759.9404272315952,7.755538950942392,1.0,1.0
143.0,143,555,156.22461507781387,191.5905689800802,12.311150689306299,4.0,0.9999999999999999
143.0,143,556,264.95840197510984,473.33527647654137,7.755538950942392,1.0,1.0
143.0,143,557,602.2729604973682,315.8504685591488,12.311150689306299,4.0,1.0
143.0,143,559,1079.679508727283,83.55955161319775,7.755538950942392,1.0,1.0
143.0,143,561,1313.5383460690073,891.3618465815285,7.755538950942392,1.0,1.0
143.0,143,562,177.93238267808402,235.78652442539345,11.185422719499032,3.0,0.9999999999999999
143.0,143,563,439.9542146070592,413.3884216831409,7.755538950942392,1.0,1.0
143.0,143,564,354.01945762670505,464.6717711738767,11.185422719499032,3.0,0.9999999999999999
143.0,143,565,1213.8056796676678,755.2357138271219,9.771366777571922,2.0,1.0
143.0,143,568,1106.449786865429,168.79996822303363,11.185422719499032,3.0,1.0
143.0,143,569,328.69545569885474,340.9300786683863,7.755538950942392,1.0,0.9999999999999999
143.0,143,570,1306.3665910582235,556.6360384269865,11.185422719499034,3.0,0.9999999999999999
143.0,143,573,483.8500073186651,962.6470693399215,7.755538950942392,1.0,1.0
143.0,143,574,187.1119600619749,793.218732124566,7.755538950942392,1.0,1.0
143.0,143,575,676.4138064018524,675.1606499504668,7.755538950942392,1.0,1.0
143.0,143,576,825.4861936509584,154.7164960121387,7.755538950942392,1.0,1.0
143.0,143,581,609.666024462091,828.242816264191,13.261785059625714,5.0,1.0
143.0,143,582,552.53034694115,277.0963708800818,11.185422719499032,3.0,1.0
143.0,143,583,1227.0845392939311,256.1835806423256,11.185422719499034,3.0,1.0
143.0,143,584,1080.538994612132,780.9404608996434,7.755538950942392,1.0,1.0
143.0,143,586,393.394059198265,6.183237609928144,7.755538950942392,1.0,1.0
143.0,143,587,1073.635638943127,825.0729788827318,9.77136677757192,2.0,1.0
143.0,143,592,886.9928413902453,304.57715736425257,9.77136677757192,2.0,1.0
143.0,143,593,697.6985392764316,790.3482483344861,9.77136677757192,2.0,1.0
143.0,143,594,526.6194905044318,897.3725086695644,11.185422719499034,3.0,1.0
143.0,143,598,589.0322400255958,449.613510252389,11.185422719499032,3.0,1.0
143.0,143,600,533.1585438995577,525.9105914376995,12.311150689306297,4.0,0.9999999999999999
143.0,143,602,164.1697398922655,314.643767837299,7.755538950942392,1.0,1.0
143.0,143,605,794.7427313368997,37.8874670210084,14.835812298463564,7.0,1.0
143.0,143,606,1215.1558144988016,633.7824010601047,9.771366777571922,2.0,1.0
143.0,143,607,1159.469111933647,175.87360968138253,12.311150689306297,4.0,1.0
143.0,143,608,935.8498441755214,705.5237071583134,11.185422719499034,3.0,1.0
143.0,143,609,1001.3144798755615,853.2420259111632,7.755538950942392,1.0,1.0
143.0,143,612,348.0061442340214,315.54909992255153,14.09274953626919,6.0,1.0
143.0,143,613,1257.628278385909,723.6773689452285,7.755538950942392,1.0,0.9999999999999999
143.0,143,614,394.39860899997785,763.3483050442787,12.311150689306299,4.0,1.0
143.0,143,619,642.0145597138544,250.0037634548,7.755538950942392,1.0,0.9999999999999999
143.0,143,621,183.91131007114603,43.698798072687026,7.755538950942392,1.0,1.0
143.0,143,622,262.7668859489548,45.53917731539606,7.755538950942392,1.0,1.0
143.0,143,625,574.6598552556036,744.5512610382123,7.755538950942392,1.0,1.0
143.0,143,626,897.9501209854805,178.66629664109215,7.755538950942392,1.0,1.0
143.0,143,627,1253.9039821252836,18.57634510805325,14.09274953626919,6.0,1.0
143.0,143,629,804.8039846806527,880.3982859384288,12.311150689306299,4.0,0.9999999999999999
143.0,143,632,408.38693026494263,708.1920306234177,9.771366777571922,2.0,1.0
143.0,143,633,1109.3916037231181,83.418262417921,9.77136677757192,2.0,1.0
143.0,143,636,678.67972202516,931.076356532482,12.311150689306299,4.0,1.0
143.0,143,638,72.3789307742816,228.56241791080333,7.755538950942392,1.0,1.0
143.0,143,640,41.6929050866902,450.4098036169183,7.755538950942392,1.0,1.0
143.0,143,641,154.97402152568407,924.5694967886533,7.755538950942392,1.0,0.9999999999999999
143.0,143,646,375.92044684813214,892.3266383328591,13.261785059625714,5.0,1.0
143.0,143,647,176.2234888301414,280.90817046718865,9.771366777571922,2.0,1.0
143.0,143,649,1115.9077748597485,114.76643125718283,9.77136677757192,2.0,1.0
143.0,143,654,1295.2749049042648,124.06772296834734,11.185422719499034,3.0,1.0
143.0,143,655,577.944617121043,700.5556143967037,7.755538950942392,1.0,1.0
143.0,143,658,574.5472607232989,345.5195242169347,14.835812298463564,7.0,1.0
143.0,143,659,1292.361248348021,962.0330648687137,9.771366777571922,2.0,1.0
143.0,143,662,1133.6196413144141,968.1556536393412,7.755538950942392,1.0,1.0
143.0,143,665,1036.3836815717377,112.85822827731364,11.185422719499032,3.0,1.0
143.0,143,666,1233.0425132240791,1005.3859782602818,13.261785059625714,5.0,1.0
143.0,143,667,184.4465138124145,88.88415777493819,7.755538950942392,1.0,0.9999999999999999
143.0,143,668,235.20914527651746,949.7977303469671,7.755538950942392,1.0,0.9999999999999999
143.0,143,671,1026.4640031775796,86.13218108289695,7.755538950942392,1.0,1.0
143.0,143,672,807.3178308947774,985.9369777903507,7.755538950942392,1.0,1.0
143.0,143,674,1061.1602678496108,643.5733669716392,7.755538950942392,1.0,1.0
143.0,143,675,393.19519201082153,497.4031295839777,7.755538950942392,1.0,1.0
143.0,143,682,1217.754992173403,85.73970689346307,7.755538950942392,1.0,0.9999999999999999
143.0,143,684,1305.7918779988058,939.7928331929669,11.185422719499034,3.0,1.0
143.0,143,687,1211.6551292033867,285.4942219205627,12.311150689306297,4.0,0.9999999999999999
143.0,143,688,238.37260981198554,491.0589775053427,7.755538950942392,1.0,0.9999999999999999
143.0,143,689,433.51767511170675,614.6040109361988,7.755538950942392,1.0,1.0
143.0,143,694,1107.478077668316,880.3362630282088,7.755538950942392,1.0,1.0
143.0,143,698,669.6411548446594,94.67336966579055,9.771366777571922,2.0,1.0
143.0,143,700,448.2915612367382,509.68647903515694,12.311150689306299,4.0,1.0
143.0,143,702,695.0100162337568,38.6225683054432,7.755538950942392,1.0,1.0
143.0,143,704,145.21956475537706,254.12150514187337,9.771366777571922,2.0,0.9999999999999999
143.0,143,705,412.05016264983317,413.86640910707354,12.311150689306299,4.0,1.0
143.0,143,706,305.96550731231713,203.82489789382265,11.185422719499032,3.0,0.9999999999999999
143.0,143,707,252.69040923309566,252.68200852418434,11.185422719499032,3.0,1.0
143.0,143,710,809.9757436261905,672.5980268012811,9.771366777571922,2.0,1.0
143.0,143,717,521.0492699648248,655.9833780067333,15.511077901884784,8.0,1.0
143.0,143,718,429.93551250765574,160.71006896670764,9.771366777571922,2.0,1.0
143.0,143,720,639.9082520808232,836.8986751561307,9.77136677757192,2.0,1.0
143.0,143,722,1005.2716631584422,788.1466368153579,13.261785059625714,5.0,1.0
143.0,143,723,430.5871607087867,586.0447421388806,11.185422719499032,3.0,0.9999999999999999
143.0,143,724,889.7991605401976,624.5114765237475,7.755538950942392,1.0,1.0
143.0,143,726,1265.9429223843754,53.99189489108902,9.771366777571922,2.0,1.0
143.0,143,728,1029.4619774848484,396.5505716544939,7.755538950942392,1.0,1.0
143.0,143,729,571.3385817856893,99.50548944921789,11.185422719499034,3.0,1.0
143.0,143,730,693.8453602815395,464.6735592906337,9.77136677757192,2.0,1.0
143.0,143,733,243.0755745290915,289.83981706878944,12.311150689306297,4.0,1.0
143.0,143,734,1333.111731115774,25.050009516440973,7.755538950942392,1.0,1.0
143.0,143,735,721.1768936939369,4.085809116163401,7.755538950942392,1.0,1.0
143.0,143,737,1102.2630262159632,488.3505397174251,14.09274953626919,6.0,1.0
143.0,143,746,1269.8570533681354,386.1501585341783,9.77136677757192,2.0,0.9999999999999999
143.0,143,750,785.7148191616355,248.21556104220463,9.77136677757192,2.0,1.0
143.0,143,752,1301.5252503781871,702.5335645706422,9.771366777571922,2.0,1.0
143.0,143,753,641.9079861200042,478.8154505852179,9.771366777571922,2.0,1.0
143.0,143,754,549.3677304330114,718.5267226783761,7.755538950942392,1.0,1.0
143.0,143,755,937.2123394933272,131.78791226354414,9.771366777571922,2.0,0.9999999999999999
143.0,143,758,648.8478427357137,405.2944417755245,9.77136677757192,2.0,1.0
143.0,143,759,56.26204304229704,618.1796880927639,12.311150689306299,4.0,1.0
143.0,143,760,154.23289541629995,1019.8199572929277,11.185422719499034,3.0,1.0
143.0,143,762,992.3736328068336,46.85639115175357,13.261785059625714,5.0,1.0
143.0,143,764,213.37587601741347,667.140471461173,7.755538950942392,1.0,1.0
143.0,143,765,724.6546137766956,466.52044733264245,11.185422719499034,3.0,1.0
143.0,143,766,356.2813556537899,5.921635965145366,11.185422719499034,3.0,1.0
143.0,143,767,365.1780471740779,603.6531568320208,7.755538950942392,1.0,1.0
143.0,143,768,711.4421149374087,638.2603167534281,15.511077901884784,8.0,0.9999999999999999
143.0,143,769,6.995279355088655,689.7219846670275,12.311150689306299,4.0,1.0
143.0,143,772,1033.895173275823,909.6949905057437,7.755538950942392,1.0,1.0
143.0,143,773,928.7518204790977,652.3433602496821,9.771366777571922,2.0,0.9999999999999999
143.0,143,774,68.46554792969312,836.6664340410716,11.185422719499034,3.0,0.9999999999999999
143.0,143,776,1068.766636564723,151.91635032636538,14.092749536269187,6.0,0.9999999999999999
143.0,143,777,386.7248705158239,336.5796416023145,7.755538950942392,1.0,0.9999999999999999
143.0,143,780,238.5823773523069,687.7652735971836,11.185422719499032,3.0,1.0
143.0,143,781,428.0202160357346,203.58582625949268,7.755538950942392,1.0,1.0
143.0,143,782,150.44620356996194,575.1536916632514,12.311150689306297,4.0,1.0
143.0,143,783,164.67227804561364,704.0862383184951,14.09274953626919,6.0,1.0
143.0,143,786,476.04777810387117,828.9227629625556,7.755538950942392,1.0,1.0
143.0,143,787,741.9439304916137,860.8491279833302,11.185422719499032,3.0,1.0
143.0,143,788,1128.3428885259216,405.883385669023,7.755538950942392,1.0,1.0
143.0,143,789,396.8891417827677,965.9317285320437,13.261785059625714,5.0,1.0
143.0,143,790,712.1020502884994,915.9505038981785,11.185422719499034,3.0,1.0
143.0,143,791,919.9569056809478,948.5020580427437,12.311150689306299,4.0,1.0
143.0,143,792,567.6759347967886,768.7736441958106,15.511077901884784,8.0,1.0
143.0,143,795,244.24996351032655,837.9013083741064,11.185422719499032,3.0,1.0
143.0,143,796,242.8145203861685,315.64891185311626,7.755538950942392,1.0,0.9999999999999999
143.0,143,799,39.90780681040871,201.91883119169535,7.755538950942392,1.0,1.0
143.0,143,800,348.5368909733689,725.3380492604045,9.77136677757192,2.0,1.0
143.0,143,805,717.7935149579044,976.0069264058885,9.77136677757192,2.0,1.0
143.0,143,806,383.88014028336084,683.9611960122018,9.771366777571922,2.0,1.0
143.0,143,809,1196.1317178438185,472.5849744374577,9.77136677757192,2.0,1.0
143.0,143,811,822.1191239693334,555.8400198394733,16.132171110904203,9.0,1.0
143.0,143,812,43.36762981560122,408.7900375855255,7.755538950942392,1.0,1.0
143.0,143,815,470.1905628285581,564.247039277421,9.77136677757192,2.0,1.0
143.0,143,817,1189.3870333674413,727.6521092319693,9.77136677757192,2.0,1.0
143.0,143,818,275.5752935278093,1016.0591712077542,7.755538950942392,1.0,1.0
143.0,143,819,1030.225830784279,943.1449126018041,7.755538950942392,1.0,1.0
143.0,143,820,1107.6837766309477,577.2271080845345,7.755538950942392,1.0,1.0
143.0,143,821,1311.5663503600347,36.4320974534788,14.09274953626919,6.0,0.9999999999999999
143.0,143,823,465.18837214757843,686.5015176049475,7.755538950942392,1.0,1.0
143.0,143,826,982.3479658749089,831.9165285513558,9.771366777571922,2.0,1.0
143.0,143,828,148.59333362953868,813.175945655556,9.77136677757192,2.0,1.0
143.0,143,829,783.9231254509123,140.6117443881168,9.77136677757192,2.0,0.9999999999999999
143.0,143,830,436.0575764273746,749.8924353400812,9.771366777571922,2.0,1.0
143.0,143,831,825.6401180659925,614.4387091292026,9.771366777571922,2.0,0.9999999999999999
143.0,143,832,1041.7299173951885,460.29252524626924,14.09274953626919,6.0,0.9999999999999999
143.0,143,833,448.66414562873535,328.93851448053204,12.311150689306299,4.0,1.0
143.0,143,837,954.0171814679214,638.5946094097709,11.185422719499034,3.0,1.0
143.0,143,838,298.4941967751226,309.88166093177205,7.755538950942392,1.0,0.9999999999999999
143.0,143,839,970.6725161793199,93.31475799907346,7.755538950942392,1.0,0.9999999999999999
143.0,143,840,755.1720977111192,680.1220463552997,7.755538950942392,1.0,1.0
143.0,143,841,893.2826154958461,589.3252207437317,12.311150689306297,4.0,1.0
143.0,143,842,41.764636245948815,506.9172906127538,7.755538950942392,1.0,1.0
143.0,143,843,930.9156966931336,904.4431270691452,7.755538950942392,1.0,1.0
143.0,143,845,1335.5617269553054,628.6231706384701,7.755538950942392,1.0,0.9999999999999999
143.0,143,846,687.6565247779192,440.2457214792441,9.77136677757192,2.0,1.0
143.0,143,848,596.7023750747646,626.9414941140112,14.09274953626919,6.0,1.0
143.0,143,851,1320.2383339695725,657.0615868953823,14.09274953626919,6.0,1.0
143.0,143,853,471.8128232460835,801.5256533331751,13.261785059625714,5.0,1.0
143.0,143,855,591.023884371197,600.557076132959,7.755538950942392,1.0,0.9999999999999999
143.0,143,857,749.6846573309366,888.7634099021179,9.771366777571922,2.0,1.0
143.0,143,859,892.4227840041234,777.8896239857294,9.771366777571922,2.0,1.0
143.0,143,861,1000.3035001192616,70.43502230920345,7.755538950942392,1.0,1.0
143.0,143,862,310.89156773300056,577.6818554885243,9.771366777571922,2.0,1.0
143.0,143,865,841.9865867332034,101.33175082133413,9.771366777571922,2.0,0.9999999999999999
143.0,143,866,934.4316943313744,12.44946657166849,9.77136677757192,2.0,0.9999999999999999
143.0,143,868,1299.3711337532814,806.7124716586615,14.092749536269187,6.0,1.0
143.0,143,869,1326.3247888884912,121.45056600196327,11.185422719499034,3.0,1.0
143.0,143,870,229.92988535578934,178.98026960540435,7.755538950942392,1.0,1.0
143.0,143,871,701.4970422208605,759.3237155873911,13.261785059625714,5.0,0.9999999999999999
143.0,143,873,61.32158304065397,399.0513852792635,7.755538950942392,1.0,1.0
143.0,143,877,174.25150637856962,431.2221400369085,7.755538950942392,1.0,0.9999999999999999
143.0,143,879,702.7336266574769,331.0338852010625,11.185422719499034,3.0,1.0
143.0,143,882,293.53096376601985,634.4106765418809,7.755538950942392,1.0,0.9999999999999999
143.0,143,883,11.004540574451175,140.41356259959625,9.77136677757192,2.0,1.0
143.0,143,884,661.9269297598964,339.9341987630792,11.185422719499034,3.0,1.0
143.0,143,886,76.9860689265554,647.21573898192,9.77136677757192,2.0,1.0
143.0,143,887,434.6211861319717,235.2292595839589,12.311150689306299,4.0,1.0
143.0,143,890,1265.592511854177,246.46307515534716,11.185422719499032,3.0,0.9999999999999999
143.0,143,892,340.46703556404555,48.94578597620372,7.755538950942392,1.0,1.0
143.0,143,894,1189.6050197616587,1020.6650776797056,12.311150689306299,4.0,1.0
143.0,143,896,231.23951010752856,925.7937664629396,7.755538950942392,1.0,0.9999999999999999
143.0,143,897,737.3879319326795,580.3804178644796,9.77136677757192,2.0,1.0
143.0,143,898,1073.6803530463148,288.94830599426183,11.185422719499034,3.0,1.0
143.0,143,899,1196.601875808291,836.9728627967064,13.261785059625714,5.0,0.9999999999999999
143.0,143,901,1058.049572937135,1017.4664274316151,11.185422719499032,3.0,1.0
143.0,143,903,281.6126941610387,370.8577362956415,16.708802155803774,10.0,0.9999999999999999
143.0,143,905,711.6293518771839,876.6938808006196,12.311150689306299,4.0,1.0
143.0,143,907,1164.8047157560798,921.9056405698647,9.771366777571922,2.0,0.9999999999999999
143.0,143,910,1272.3157575626883,786.9857232068032,9.77136677757192,2.0,1.0
143.0,143,912,430.1072084561748,897.2177369600998,7.755538950942392,1.0,1.0
143.0,143,913,302.6996919597427,737.5481144871757,7.755538950942392,1.0,1.0
143.0,143,914,864.914042853944,375.19762041301647,12.311150689306297,4.0,1.0
143.0,143,915,36.5624156436529,58.48550623956325,7.755538950942392,1.0,1.0
143.0,143,916,836.6734318033039,302.59551028696256,7.755538950942392,1.0,1.0
143.0,143,921,1228.39012373082,472.8486846085582,7.755538950942392,1.0,1.0
143.0,143,925,908.455969556878,347.11625523654584,12.311150689306299,4.0,1.0
143.0,143,926,235.57187387295056,85.29619838848704,14.092749536269185,6.0,0.9999999999999999
143.0,143,927,1253.4218109191406,85.68882385824092,14.835812298463562,7.0,1.0
143.0,143,932,1279.6856474316605,533.436782874328,13.261785059625714,5.0,1.0
143.0,143,933,1021.4210830229263,194.8448028766769,7.755538950942392,1.0,1.0
143.0,143,934,309.7950788581264,26.344579815937518,14.09274953626919,6.0,1.0
143.0,143,936,529.0099228831671,403.4128366839763,9.77136677757192,2.0,1.0
143.0,143,937,929.321058470996,1007.347431301586,9.77136677757192,2.0,1.0
143.0,143,939,1160.9157163268808,139.8062253288888,9.77136677757192,2.0,1.0
143.0,143,941,56.33671001587405,950.0540372150355,11.185422719499032,3.0,1.0
143.0,143,947,418.7129808134886,64.99516016958329,7.755538950942392,1.0,1.0
143.0,143,949,1213.0656397690907,37.840093692913776,11.185422719499032,3.0,1.0
143.0,143,950,388.30510648368363,633.6794933562127,13.261785059625712,5.0,1.0
143.0,143,951,97.39965040822875,324.8585529509947,13.261785059625714,5.0,1.0
143.0,143,952,188.82975075936596,185.98606492537633,7.755538950942392,1.0,1.0
143.0,143,953,584.5235487805581,137.11979910108835,9.77136677757192,2.0,1.0
143.0,143,955,474.0720251398763,415.1035203919006,11.185422719499034,3.0,1.0
143.0,143,956,1062.98365384845,612.091329525872,9.77136677757192,2.0,1.0
143.0,143,957,267.79967842198823,532.9684661902397,12.311150689306297,4.0,1.0
143.0,143,959,189.6718258588336,908.1978024581298,9.77136677757192,2.0,1.0
143.0,143,961,278.3813228610741,177.54302088279164,9.77136677757192,2.0,1.0
143.0,143,962,1307.5259778597276,855.518816451197,16.132171110904203,9.0,1.0
143.0,143,965,860.824728628197,483.74612426712304,7.755538950942392,1.0,0.9999999999999999
143.0,143,969,442.91750553673063,468.33218493625003,9.77136677757192,2.0,0.9999999999999999
143.0,143,971,1168.4027077090566,823.2334409361457,7.755538950942392,1.0,1.0
143.0,143,972,495.9234210643221,586.9971320639019,11.185422719499032,3.0,1.0
143.0,143,975,40.93254204947917,725.7291315088587,7.755538950942392,1.0,1.0
143.0,143,977,1031.0153223254752,145.20590953550453,7.755538950942392,1.0,1.0
143.0,143,980,340.72105242261784,752.3605714409081,9.771366777571922,2.0,1.0
143.0,143,981,986.5420374019526,404.7993617539324,9.771366777571922,2.0,1.0
143.0,143,983,923.0681948870555,525.3476226320612,7.755538950942392,1.0,1.0
143.0,143,985,1246.2549436895106,941.7849169944711,13.261785059625712,5.0,1.0
143.0,143,986,1161.6623583091016,783.3665914036085,13.261785059625714,5.0,1.0
143.0,143,987,1166.351625950106,875.0939749935916,7.755538950942392,1.0,1.0
143.0,143,988,1127.749456961313,602.5691212928324,7.755538950942392,1.0,0.9999999999999999
143.0,143,989,533.3835230860471,947.3750727692933,12.311150689306297,4.0,1.0
143.0,143,995,35.51253165608475,19.368491109556143,14.092749536269185,6.0,1.0
143.0,143,996,259.14374492708566,856.8589202050904,9.77136677757192,2.0,0.9999999999999999
143.0,143,998,6.588529476755657,976.6507995162254,7.755538950942392,1.0,1.0
143.0,143,1000,173.95757720644733,872.5091295974285,9.77136677757192,2.0,1.0
144.0,144,1,98.88154025554235,936.6045996458728,7.755538950942392,1.0,0.0
144.0,144,3,951.8006709126241,301.95418791162876,13.261785059625714,5.0,0.0
144.0,144,6,457.21388098376684,101.56695427903027,7.755538950942392,1.0,0.0
144.0,144,8,343.7706196955259,207.90312645070028,16.708802155803774,10.0,0.0
144.0,144,9,1077.0905128405132,417.62710359311365,9.77136677757192,2.0,0.0
144.0,144,10,1150.3029489867868,301.36800313884675,7.755538950942392,1.0,0.0
144.0,144,11,853.4271359837276,945.4264944966286,9.77136677757192,2.0,0.0
144.0,144,15,1015.5243162332058,297.7352044746049,7.755538950942392,1.0,0.0
144.0,144,17,199.822335424304,272.1575791409451,7.755538950942392,1.0,0.0
144.0,144,18,643.3913839373365,653.6429820166528,7.755538950942392,1.0,0.0
144.0,144,20,350.9469094644081,965.5788421607401,9.77136677757192,2.0,0.0
144.0,144,22,141.57846341586665,460.60967960853276,11.185422719499032,3.0,0.0
144.0,144,23,1339.3820868426658,820.0162139735905,13.261785059625712,5.0,0.0
144.0,144,28,907.4584763690281,897.2174882423549,7.755538950942392,1.0,0.0
144.0,144,29,1104.3940687369316,6.30716635739219,13.261785059625714,5.0,0.0
144.0,144,31,959.0330837618798,154.04822104404255,7.755538950942392,1.0,0.0
144.0,144,35,193.38016879542633,744.4979924760995,9.771366777571922,2.0,0.0
144.0,144,37,861.4032775011583,913.5772318970857,9.771366777571922,2.0,0.0
144.0,144,38,965.8387822591885,724.4371156465734,7.755538950942392,1.0,0.0
144.0,144,39,1330.5672136335995,998.9142605642157,11.185422719499034,3.0,0.0
144.0,144,40,961.692630543833,929.1055774306325,9.77136677757192,2.0,0.0
144.0,144,41,432.14445187133293,288.16195714032716,11.185422719499034,3.0,0.0
144.0,144,43,774.9142507392953,818.3256696306522,7.755538950942392,1.0,0.0
144.0,144,44,740.3723294304564,61.370613410648275,12.311150689306299,4.0,0.0
144.0,144,45,885.1257772734389,957.5523014014688,7.755538950942392,1.0,0.0
144.0,144,46,1147.549833035492,355.534576063459,7.755538950942392,1.0,0.0
144.0,144,51,1316.4727232377834,210.53754624702756,13.261785059625712,5.0,0.0
144.0,144,53,134.18771111820436,121.11131745240883,7.755538950942392,1.0,0.0
144.0,144,55,1247.5163833077,606.3288576321647,7.755538950942392,1.0,0.0
144.0,144,57,1056.626562764548,723.5592485391071,13.261785059625714,5.0,0.0
144.0,144,59,37.983754559900994,144.92842923520314,7.755538950942392,1.0,0.0
144.0,144,60,51.474740422801894,237.30374438395407,9.77136677757192,2.0,0.0
144.0,144,61,879.9797229547502,1003.2141674394595,9.771366777571922,2.0,0.0
144.0,144,62,580.4141367272877,1.5991112999942954,7.755538950942392,1.0,0.0
144.0,144,63,1134.3341499576202,635.3284058447848,7.755538950942392,1.0,0.0
144.0,144,65,692.3086857337211,836.4289807991611,7.755538950942392,1.0,0.0
144.0,144,66,971.5574763405921,1006.7084601368913,9.771366777571922,2.0,0.0
144.0,144,67,1083.5601413595448,252.92377067058325,13.261785059625712,5.0,0.0
144.0,144,68,1242.7662950798995,666.9711264783382,7.755538950942392,1.0,0.0
144.0,144,70,1152.5614980072487,478.6072500224914,7.755538950942392,1.0,0.0
144.0,144,71,776.4899362490995,785.5792442224491,11.185422719499034,3.0,0.0
144.0,144,73,531.5172642291323,302.8078298105737,7.755538950942392,1.0,0.0
144.0,144,77,429.80074446758607,836.6292334747974,13.261785059625714,5.0,0.0
144.0,144,79,828.8504900519526,227.1630279625285,9.77136677757192,2.0,0.0
144.0,144,80,1017.3415425170924,356.3899693743467,9.771366777571922,2.0,0.0
144.0,144,81,632.9313499567804,7.65842787036245,13.261785059625712,5.0,0.0
144.0,144,83,1191.5678741913634,423.2542499998964,7.755538950942392,1.0,0.0
144.0,144,85,111.59020009348568,792.185714407063,7.755538950942392,1.0,0.0
144.0,144,86,1031.8756176006862,514.0703486060855,9.77136677757192,2.0,0.0
144.0,144,87,703.8204628266244,131.1685432449958,7.755538950942392,1.0,0.0
144.0,144,88,65.05800634962867,496.74991654005277,9.77136677757192,2.0,0.0
144.0,144,90,821.39220813587,416.88788320751786,7.755538950942392,1.0,0.0
144.0,144,92,1099.1089783758025,699.3143994011496,7.755538950942392,1.0,0.0
144.0,144,93,288.4038019277182,279.766503907407,9.77136677757192,2.0,0.0
144.0,144,94,656.9655237898031,873.5231118158702,12.311150689306299,4.0,0.0
144.0,144,97,939.6576503368705,69.11125008910689,12.311150689306297,4.0,0.0
144.0,144,100,366.7849578536764,813.3576310974312,7.755538950942392,1.0,0.0
144.0,144,103,217.14600318283925,11.833647722633044,7.755538950942392,1.0,0.0
144.0,144,104,376.7712695567203,578.258849786378,9.771366777571922,2.0,0.0
144.0,144,107,443.94277303425497,132.54556905326814,7.755538950942392,1.0,0.0
144.0,144,110,649.3595153736304,615.4372601133894,7.755538950942392,1.0,0.0
144.0,144,116,1159.6551538410693,59.80879341323696,11.185422719499032,3.0,0.0
144.0,144,118,276.1535369975711,441.01930966808123,9.77136677757192,2.0,0.0
144.0,144,119,1043.6912939675724,563.7914549440092,11.185422719499032,3.0,0.0
144.0,144,121,110.56554084917299,226.95237078629097,14.09274953626919,6.0,0.0
144.0,144,122,852.19160335167,261.5837110958886,15.511077901884784,8.0,0.0
144.0,144,125,413.26953634310155,996.7934913422013,12.311150689306299,4.0,0.0
144.0,144,126,1342.8993598299721,468.13184316342,7.755538950942392,1.0,0.0
144.0,144,129,782.6751105332893,670.3403858811797,7.755538950942392,1.0,0.0
144.0,144,130,1202.158739495961,437.4473962466175,7.755538950942392,1.0,0.0
144.0,144,131,1240.4700287458447,310.5694855213562,9.771366777571922,2.0,0.0
144.0,144,132,1288.4153180937142,176.98111250752407,13.261785059625714,5.0,0.0
144.0,144,134,116.43899014268871,833.4648911404036,11.185422719499034,3.0,0.0
144.0,144,138,475.7509009769131,1016.747441045299,7.755538950942392,1.0,0.0
144.0,144,142,1296.117288933771,292.8075576550998,7.755538950942392,1.0,0.0
144.0,144,143,606.7539112593545,111.89788553546443,14.835812298463564,7.0,0.0
144.0,144,144,1277.1686766357984,978.63040676784,9.77136677757192,2.0,0.0
144.0,144,145,128.3008023870041,863.2641070756171,9.77136677757192,2.0,0.0
144.0,144,146,1059.596361941757,527.3390370739717,7.755538950942392,1.0,0.0
144.0,144,148,555.3633239749021,159.33484868650424,12.311150689306299,4.0,0.0
144.0,144,149,169.75422771696967,980.150046743348,7.755538950942392,1.0,0.0
144.0,144,150,698.7124077544789,379.46501310024735,12.311150689306299,4.0,0.0
144.0,144,151,471.79760352482805,665.2527396507874,7.755538950942392,1.0,0.0
144.0,144,152,1165.2447154473894,668.4306216439275,7.755538950942392,1.0,0.0
144.0,144,153,53.458507412160564,556.6054289633389,11.185422719499034,3.0,0.0
144.0,144,156,876.2910847613424,812.2170652583962,7.755538950942392,1.0,0.0
144.0,144,163,65.08379425545729,59.366370006228486,7.755538950942392,1.0,0.0
144.0,144,164,359.4231840599101,67.99544519263539,9.771366777571922,2.0,0.0
144.0,144,165,137.49187824670048,6.333768058629152,12.311150689306299,4.0,0.0
144.0,144,166,508.52731743384777,89.15540507641624,13.261785059625714,5.0,0.0
144.0,144,170,984.7226291614783,684.4193351077332,7.755538950942392,1.0,0.0
144.0,144,172,818.8255959465254,816.4751007117829,7.755538950942392,1.0,0.0
144.0,144,173,1341.956323119466,69.38485978870001,13.261785059625712,5.0,0.0
144.0,144,174,971.727355942272,746.8337776112857,9.771366777571922,2.0,0.0
144.0,144,181,474.87528838180225,937.5924976653592,11.185422719499032,3.0,0.0
144.0,144,186,228.77322187142954,612.3057624525796,12.311150689306297,4.0,0.0
144.0,144,187,606.7491229173331,903.9206672447452,7.755538950942392,1.0,0.0
144.0,144,188,592.9749037848704,282.2245815412353,9.771366777571922,2.0,0.0
144.0,144,189,814.9816956508097,919.0651555554784,7.755538950942392,1.0,0.0
144.0,144,191,1073.7654064938836,760.4865052820176,11.185422719499032,3.0,0.0
144.0,144,193,352.9148258205142,107.33848786440349,11.185422719499032,3.0,0.0
144.0,144,199,204.79419924286032,541.9094117413514,16.708802155803774,10.0,0.0
144.0,144,201,151.30961505984934,438.58232315089765,9.77136677757192,2.0,0.0
144.0,144,208,1035.9714543314117,281.9371037817568,9.77136677757192,2.0,0.0
144.0,144,210,104.67364580029427,1008.2942182972984,16.708802155803774,10.0,0.0
144.0,144,213,481.02897792710735,751.9676768060376,7.755538950942392,1.0,0.0
144.0,144,214,28.14342047993361,249.2638565949149,7.755538950942392,1.0,0.0
144.0,144,215,348.2399070493205,423.2840886313391,12.311150689306297,4.0,0.0
144.0,144,218,671.9170274144088,304.71515872361215,9.77136677757192,2.0,0.0
144.0,144,219,304.58367344894924,97.23752178535125,7.755538950942392,1.0,0.0
144.0,144,220,313.2373241775773,918.0419363633665,12.311150689306299,4.0,0.0
144.0,144,221,112.18316167974162,187.81265706586487,15.511077901884784,8.0,0.0
144.0,144,224,561.1697738778097,252.8862439929651,9.771366777571922,2.0,0.0
144.0,144,228,897.604833273387,25.409913194738543,12.311150689306299,4.0,0.0
144.0,144,230,1132.9174488737574,733.5187305491226,7.755538950942392,1.0,0.0
144.0,144,231,743.2887103969946,317.11487789616785,11.185422719499032,3.0,0.0
144.0,144,232,501.1915460356165,234.5559702678188,7.755538950942392,1.0,0.0
144.0,144,238,906.2882149529242,858.7471765365966,7.755538950942392,1.0,0.0
144.0,144,241,1217.0903083510398,510.3614854693923,14.83581229846356,7.0,0.0
144.0,144,242,742.0305201365154,34.336270161556655,7.755538950942392,1.0,0.0
144.0,144,243,81.56856361829676,688.3017925994035,11.185422719499034,3.0,0.0
144.0,144,245,733.6486892088818,804.8617147576862,11.185422719499034,3.0,0.0
144.0,144,247,387.33750171134375,212.44411047734513,7.755538950942392,1.0,0.0
144.0,144,248,463.2914192653423,200.6508039486009,9.77136677757192,2.0,0.0
144.0,144,250,510.10195893970297,805.92715635901,7.755538950942392,1.0,0.0
144.0,144,256,921.1392322824242,720.7105129378598,7.755538950942392,1.0,0.0
144.0,144,259,749.8004219204814,166.8013567740762,13.26178505962571,5.0,0.0
144.0,144,260,1089.5446458629535,796.0438945715374,7.755538950942392,1.0,0.0
144.0,144,261,256.36481303843254,425.33712520769814,7.755538950942392,1.0,0.0
144.0,144,262,853.3865329168551,984.3977406411119,13.261785059625712,5.0,0.0
144.0,144,263,99.28880412198433,146.76835250416562,12.311150689306299,4.0,0.0
144.0,144,264,944.2781309149209,814.8068677711151,7.755538950942392,1.0,0.0
144.0,144,265,6.464525842880329,445.85654123475655,7.755538950942392,1.0,0.0
144.0,144,268,1015.7932421041537,230.8186813708289,7.755538950942392,1.0,0.0
144.0,144,269,108.59827734085329,384.87540927082307,11.185422719499032,3.0,0.0
144.0,144,273,623.802332149065,585.5165425354447,7.755538950942392,1.0,0.0
144.0,144,274,793.3843169019293,850.8185538417894,7.755538950942392,1.0,0.0
144.0,144,275,1176.1214552635713,388.9817402820466,7.755538950942392,1.0,0.0
144.0,144,276,1098.4209565307035,528.1830240260587,7.755538950942392,1.0,0.0
144.0,144,278,1248.6478040254372,357.90532527436756,14.092749536269187,6.0,0.0
144.0,144,279,122.67717912041259,634.6742677952983,13.261785059625714,5.0,0.0
144.0,144,283,682.5053255405379,581.265299844622,14.09274953626919,6.0,0.0
144.0,144,284,86.68045095166784,802.5977772425086,7.755538950942392,1.0,0.0
144.0,144,285,856.761524143287,637.8403963325485,7.755538950942392,1.0,0.0
144.0,144,286,1134.048033918799,257.09710738321127,7.755538950942392,1.0,0.0
144.0,144,287,103.47378959475392,715.6068011077308,7.755538950942392,1.0,0.0
144.0,144,289,1230.528919645875,818.6238539507509,13.261785059625714,5.0,0.0
144.0,144,291,507.766978947842,363.5443688344036,9.771366777571922,2.0,0.0
144.0,144,294,625.5739470169806,420.90071224588746,7.755538950942392,1.0,0.0
144.0,144,295,50.66354810310818,753.9019752259211,12.311150689306297,4.0,0.0
144.0,144,300,338.2415610042743,659.731905870091,11.185422719499034,3.0,0.0
144.0,144,301,1108.9655322147973,44.498064237491455,9.77136677757192,2.0,0.0
144.0,144,302,647.1540349360945,985.9720867726949,7.755538950942392,1.0,0.0
144.0,144,304,715.4779230200365,409.7370814517686,7.755538950942392,1.0,0.0
144.0,144,307,981.6558324021646,489.06190401471576,12.311150689306297,4.0,0.0
144.0,144,309,820.9829728636661,196.13888332486718,7.755538950942392,1.0,0.0
144.0,144,314,172.66186948322368,148.9882961938254,7.755538950942392,1.0,0.0
144.0,144,318,1212.4718649782562,610.9632047698094,11.185422719499032,3.0,0.0
144.0,144,320,1239.580930165634,113.33698410041573,9.77136677757192,2.0,0.0
144.0,144,323,73.67433341076709,431.69711735679545,9.77136677757192,2.0,0.0
144.0,144,325,210.27970536932602,931.7358103315772,7.755538950942392,1.0,0.0
144.0,144,326,194.6545565606914,485.0939858424266,9.77136677757192,2.0,0.0
144.0,144,327,921.241893873005,471.8860899477315,7.755538950942392,1.0,0.0
144.0,144,330,408.11509967932454,853.4166035817713,11.185422719499034,3.0,0.0
144.0,144,331,133.09724186608813,723.2633987476711,15.511077901884784,8.0,0.0
144.0,144,333,622.6669447583679,33.425672125673636,9.77136677757192,2.0,0.0
144.0,144,334,1137.8752368080463,831.115548356372,7.755538950942392,1.0,0.0
144.0,144,337,593.7825798094375,937.1962248861233,9.77136677757192,2.0,0.0
144.0,144,339,827.045957193054,88.7050559706362,7.755538950942392,1.0,0.0
144.0,144,340,890.027835105672,665.0139249426327,9.771366777571922,2.0,0.0
144.0,144,341,998.3280094863253,605.2448166901149,14.09274953626919,6.0,0.0
144.0,144,342,874.877677072169,137.72709823041635,9.77136677757192,2.0,0.0
144.0,144,344,733.0348645111744,356.58678916287624,7.755538950942392,1.0,0.0
144.0,144,346,1190.5424483732422,633.6908542260121,7.755538950942392,1.0,0.0
144.0,144,348,408.76840787607415,665.0830475254744,7.755538950942392,1.0,0.0
144.0,144,350,1237.4899975125725,166.08433383662793,9.77136677757192,2.0,0.0
144.0,144,354,477.1325668573622,234.74786155625506,7.755538950942392,1.0,0.0
144.0,144,355,96.99028132215174,492.87095240267,7.755538950942392,1.0,0.0
144.0,144,356,678.3975002874555,1017.2516741359649,7.755538950942392,1.0,0.0
144.0,144,360,676.9457674711111,329.6355764948286,7.755538950942392,1.0,0.0
144.0,144,361,25.71854180554934,632.7149222457289,11.185422719499032,3.0,0.0
144.0,144,362,999.2559431024307,705.1170532410276,7.755538950942392,1.0,0.0
144.0,144,363,599.0393109170416,509.07742827464324,9.771366777571922,2.0,0.0
144.0,144,364,1329.372473508517,422.07115498735266,7.755538950942392,1.0,0.0
144.0,144,365,117.9977870865945,73.80782825567263,7.755538950942392,1.0,0.0
144.0,144,366,843.9590522026025,153.73613438865158,7.755538950942392,1.0,0.0
144.0,144,367,1180.0982641650721,992.030321845331,7.755538950942392,1.0,0.0
144.0,144,368,1329.798870588581,173.29397170731772,14.09274953626919,6.0,0.0
144.0,144,370,37.41443043029393,996.6326292539617,9.771366777571922,2.0,0.0
144.0,144,371,580.4245076822481,424.3624462971553,9.771366777571922,2.0,0.0
144.0,144,373,877.9231923166196,192.967912487797,7.755538950942392,1.0,0.0
144.0,144,374,879.217126324999,75.90459452668425,12.311150689306299,4.0,0.0
144.0,144,380,853.4145923028358,21.007380719823157,9.771366777571922,2.0,0.0
144.0,144,381,818.5817875692193,331.7692208406276,9.77136677757192,2.0,0.0
144.0,144,382,1338.2985737627232,272.45119043203397,13.261785059625714,5.0,0.0
144.0,144,383,934.0198931291383,505.4495899896282,9.771366777571922,2.0,0.0
144.0,144,385,698.2031995171358,546.8372434176258,9.771366777571922,2.0,0.0
144.0,144,387,819.8307526606832,262.47953627677373,9.77136677757192,2.0,0.0
144.0,144,388,180.71903035173221,649.8050475306349,7.755538950942392,1.0,0.0
144.0,144,390,369.860874193735,182.20155710571404,14.83581229846356,7.0,0.0
144.0,144,391,753.31004887587,493.6389056617573,16.132171110904203,9.0,0.0
144.0,144,393,268.93715216377876,905.3309385201802,7.755538950942392,1.0,0.0
144.0,144,396,1038.4464428293468,355.8728652551507,9.77136677757192,2.0,0.0
144.0,144,399,526.222676161859,614.2248590536276,11.185422719499032,3.0,0.0
144.0,144,400,225.0694502955518,374.8014805240444,7.755538950942392,1.0,0.0
144.0,144,403,642.4476043565529,540.5643585995157,7.755538950942392,1.0,0.0
144.0,144,405,761.9469430367693,375.74972556857216,12.311150689306297,4.0,0.0
144.0,144,406,257.2944367868272,792.3954000814978,14.092749536269183,6.0,0.0
144.0,144,409,579.007690686315,872.6344777795697,12.311150689306299,4.0,0.0
144.0,144,410,570.2814908395569,540.409303476366,9.771366777571922,2.0,0.0
144.0,144,412,752.8526364623931,645.7223491845785,9.77136677757192,2.0,0.0
144.0,144,415,1136.9660867698465,691.1898338620605,7.755538950942392,1.0,0.0
144.0,144,416,407.3519049064722,736.6017158773922,7.755538950942392,1.0,0.0
144.0,144,417,906.8414414802891,509.6829240876799,11.185422719499034,3.0,0.0
144.0,144,418,537.2640349130476,683.3845396569085,9.77136677757192,2.0,0.0
144.0,144,419,333.5716679624134,894.5129890265828,9.771366777571922,2.0,0.0
144.0,144,420,691.849892214112,962.7090592917913,9.771366777571922,2.0,0.0
144.0,144,421,984.4829451419602,332.1746167372925,11.185422719499034,3.0,0.0
144.0,144,422,158.18046804897952,671.922100028443,7.755538950942392,1.0,0.0
144.0,144,428,1064.1116725723668,188.00419649035385,9.77136677757192,2.0,0.0
144.0,144,431,266.64493797747474,588.3534201501053,7.755538950942392,1.0,0.0
144.0,144,432,353.20847560832027,772.3780784425184,11.185422719499034,3.0,0.0
144.0,144,433,286.05458047843297,596.2307135767483,11.185422719499034,3.0,0.0
144.0,144,435,889.2400522814876,226.37873962938036,7.755538950942392,1.0,0.0
144.0,144,436,305.57439152826106,658.9198615441891,9.77136677757192,2.0,0.0
144.0,144,438,872.2556042035254,711.5992944221873,7.755538950942392,1.0,0.0
144.0,144,439,526.0723562115411,861.9873705308872,12.311150689306299,4.0,0.0
144.0,144,441,953.8561695529788,430.9346666864044,12.311150689306297,4.0,0.0
144.0,144,442,503.30364265969973,326.55743055084497,7.755538950942392,1.0,0.0
144.0,144,443,212.59737633554272,746.0110601220657,7.755538950942392,1.0,0.0
144.0,144,445,1049.632136584711,31.396815216424134,7.755538950942392,1.0,0.0
144.0,144,446,326.94821722865004,260.24069806479406,7.755538950942392,1.0,0.0
144.0,144,449,1200.4001058539407,125.56613516587107,7.755538950942392,1.0,0.0
144.0,144,451,1337.6749301609295,509.3293229858302,7.755538950942392,1.0,0.0
144.0,144,453,187.49862861013662,1013.2262333816906,7.755538950942392,1.0,0.0
144.0,144,455,851.4998261068212,206.25745476318048,12.311150689306299,4.0,0.0
144.0,144,456,304.06410640406284,808.0485282215086,11.185422719499032,3.0,0.0
144.0,144,459,1306.4592112205642,349.0383918547849,11.185422719499034,3.0,0.0
144.0,144,461,149.22397572326352,62.62989993695555,9.77136677757192,2.0,0.0
144.0,144,462,1096.3848822876673,310.6644143711902,7.755538950942392,1.0,0.0
144.0,144,465,799.8368303737348,183.76496298918175,7.755538950942392,1.0,0.0
144.0,144,468,1206.4498613039552,914.1732444364777,11.185422719499032,3.0,0.0
144.0,144,469,1132.468326319738,883.7868110086584,7.755538950942392,1.0,0.0
144.0,144,470,80.41140002294706,406.35596531576135,7.755538950942392,1.0,0.0
144.0,144,472,306.73638875458727,133.13078930955479,7.755538950942392,1.0,0.0
144.0,144,473,399.7034710365092,917.5778214452148,7.755538950942392,1.0,0.0
144.0,144,476,492.4563269031219,146.12982892219608,15.51107790188478,8.0,0.0
144.0,144,477,273.04072905904087,931.1493939693707,13.261785059625714,5.0,0.0
144.0,144,479,359.43638791750647,927.6616470127872,7.755538950942392,1.0,0.0
144.0,144,481,590.4415019794811,978.1183018027419,11.185422719499034,3.0,0.0
144.0,144,485,1047.380394844001,679.1347782576723,7.755538950942392,1.0,0.0
144.0,144,486,409.74294449793695,124.84421946702678,7.755538950942392,1.0,0.0
144.0,144,487,1065.1742955161606,944.5928026929129,16.132171110904203,9.0,0.0
144.0,144,489,652.9728853276275,152.33054857065918,9.77136677757192,2.0,0.0
144.0,144,490,453.06782272391945,906.8268375776419,9.77136677757192,2.0,0.0
144.0,144,491,647.1435782964417,747.7836903915154,14.835812298463562,7.0,0.0
144.0,144,494,813.3971586842557,764.122208163151,9.77136677757192,2.0,0.0
144.0,144,496,688.3811476889315,515.6420572157268,9.771366777571922,2.0,0.0
144.0,144,497,1198.4166375492712,773.0440098480939,9.771366777571922,2.0,0.0
144.0,144,498,415.0857952763029,485.8051831410373,7.755538950942392,1.0,0.0
144.0,144,500,534.5976950388297,187.03206937244246,7.755538950942392,1.0,0.0
144.0,144,501,516.9134019781969,990.4628683124304,13.261785059625714,5.0,0.0
144.0,144,503,548.5310906950009,40.55419943568825,16.132171110904203,9.0,0.0
144.0,144,504,987.4963054274164,207.37696077955422,7.755538950942392,1.0,0.0
144.0,144,506,107.92439306109839,750.3077055588204,7.755538950942392,1.0,0.0
144.0,144,507,1340.1823090039463,309.3577135663188,7.755538950942392,1.0,0.0
144.0,144,508,1178.3711073380407,529.4205279561163,16.70880215580377,10.0,0.0
144.0,144,509,1066.032209362757,865.5321531581545,9.77136677757192,2.0,0.0
144.0,144,510,603.0287645372828,224.82367863666198,13.261785059625714,5.0,0.0
144.0,144,511,519.6292876384865,505.00274479826936,9.77136677757192,2.0,0.0
144.0,144,512,197.65575015919816,871.398433687536,11.185422719499034,3.0,0.0
144.0,144,513,1265.0134051029715,584.1807374926191,17.248164218530714,11.0,0.0
144.0,144,516,1224.1483087974216,386.35115177706194,11.185422719499032,3.0,0.0
144.0,144,517,902.5311191801692,837.3717058897272,9.77136677757192,2.0,0.0
144.0,144,518,125.84279360094837,527.9684089628427,12.311150689306299,4.0,0.0
144.0,144,519,824.1623418794474,385.26485120451315,14.835812298463564,7.0,0.0
144.0,144,520,807.2988341413126,1015.9861413689746,11.185422719499034,3.0,0.0
144.0,144,521,840.5855311691629,49.03186305400672,14.09274953626919,6.0,0.0
144.0,144,522,988.217091881937,984.9970566832789,7.755538950942392,1.0,0.0
144.0,144,523,970.3572902894467,190.91519365468537,7.755538950942392,1.0,0.0
144.0,144,524,862.1638426064071,874.790537827679,9.77136677757192,2.0,0.0
144.0,144,529,776.2152530419564,562.564135056241,7.755538950942392,1.0,0.0
144.0,144,530,119.35841169535887,681.0305787464268,9.771366777571922,2.0,0.0
144.0,144,533,833.5870606494647,875.728451761459,11.185422719499034,3.0,0.0
144.0,144,535,838.0420985058014,133.38594590569585,7.755538950942392,1.0,0.0
144.0,144,536,346.06814128634016,493.4187646215884,7.755538950942392,1.0,0.0
144.0,144,538,550.1697575117291,457.4517331344027,11.185422719499032,3.0,0.0
144.0,144,539,970.6077397698358,231.36409817742836,9.771366777571922,2.0,0.0
144.0,144,540,304.79719441498116,549.7004121719405,7.755538950942392,1.0,0.0
144.0,144,543,901.9575705928708,399.11344455371545,11.185422719499034,3.0,0.0
144.0,144,546,1035.6820137936547,832.1995767941231,9.77136677757192,2.0,0.0
144.0,144,547,495.8179194335028,255.1312948356708,7.755538950942392,1.0,0.0
144.0,144,548,894.1996033372948,446.0910183087487,12.311150689306299,4.0,0.0
144.0,144,551,1249.1321606801187,759.367900123746,7.755538950942392,1.0,0.0
144.0,144,555,155.23266457652917,191.71719521354336,12.311150689306299,4.0,0.0
144.0,144,556,265.57680363976124,474.12113866621354,7.755538950942392,1.0,0.0
144.0,144,557,601.3705285759862,316.28130104082913,12.311150689306299,4.0,0.0
144.0,144,559,1078.8400025151602,84.10290170274145,7.755538950942392,1.0,0.0
144.0,144,561,1313.626904552462,890.3657756026279,7.755538950942392,1.0,0.0
144.0,144,562,177.95651777124806,234.7868157191805,11.185422719499032,3.0,0.0
144.0,144,563,440.04935981511755,412.3929582787992,7.755538950942392,1.0,0.0
144.0,144,564,354.0823407569059,463.67375027633193,11.185422719499032,3.0,0.0
144.0,144,565,1212.8250283834464,755.4314765885313,9.771366777571922,2.0,0.0
144.0,144,568,1106.5738066329868,167.8076884755557,11.185422719499032,3.0,0.0
144.0,144,569,329.4292275064754,340.25068266137623,7.755538950942392,1.0,0.0
144.0,144,570,1305.4739141352122,557.0867355660089,11.185422719499034,3.0,0.0
144.0,144,573,483.7916426203546,963.6453646679638,7.755538950942392,1.0,0.0
144.0,144,574,187.4727137775133,792.2860710088733,7.755538950942392,1.0,0.0
144.0,144,575,675.5244544676942,674.7034266601489,7.755538950942392,1.0,0.0
144.0,144,576,826.3046036865337,154.14186133369543,7.755538950942392,1.0,0.0
144.0,144,581,609.9909096449342,827.2970627984458,13.261785059625714,5.0,0.0
144.0,144,582,551.7563064854426,277.72950702099325,12.311150689306299,4.0,0.0
144.0,144,583,1226.1653173420566,256.5773204081509,11.185422719499034,3.0,0.0
144.0,144,584,1080.927506052858,780.0190169998725,7.755538950942392,1.0,0.0
144.0,144,586,394.35811493473284,5.9175375215138235,7.755538950942392,1.0,0.0
144.0,144,587,1074.3276354912662,824.3510780741968,9.77136677757192,2.0,0.0
144.0,144,592,887.9507027687556,304.28992648228086,9.77136677757192,2.0,0.0
144.0,144,593,698.6430149317074,790.0196669342346,9.77136677757192,2.0,0.0
144.0,144,594,526.232458884479,896.4504422266457,11.185422719499034,3.0,0.0
144.0,144,598,588.2113699854253,449.0423952226878,11.185422719499032,3.0,0.0
144.0,144,600,533.4806436395046,526.8572971773706,12.311150689306297,4.0,0.0
144.0,144,602,163.17176507621159,314.580157566728,7.755538950942392,1.0,0.0
144.0,144,605,795.6626225355935,37.49529335722454,14.835812298463564,7.0,0.0
144.0,144,606,1215.140558045612,632.7825174465596,9.771366777571922,2.0,0.0
144.0,144,607,1160.4432079397643,176.09974453244746,12.311150689306297,4.0,0.0
144.0,144,608,936.7463682550602,705.9667021637108,11.185422719499034,3.0,0.0
144.0,144,609,1000.338688694708,853.023321609951,7.755538950942392,1.0,0.0
144.0,144,612,347.6680116869764,316.49019841932477,14.09274953626919,6.0,0.0
144.0,144,613,1257.3369215534535,724.6339833901234,7.755538950942392,1.0,0.0
144.0,144,614,395.28605695878014,763.8092129748003,12.311150689306299,4.0,0.0
144.0,144,619,642.6495338843843,249.2312300880385,7.755538950942392,1.0,0.0
144.0,144,621,184.86675733573338,43.99395993437065,7.755538950942392,1.0,0.0
144.0,144,622,262.66613217553817,46.53408870699951,7.755538950942392,1.0,0.0
144.0,144,625,575.4113514917142,745.2109984155918,7.755538950942392,1.0,0.0
144.0,144,626,898.8303211888475,179.1408992137701,7.755538950942392,1.0,0.0
144.0,144,627,1252.9765304224895,18.950288070260616,14.09274953626919,6.0,0.0
144.0,144,629,805.5797586850093,879.7672750873617,12.311150689306299,4.0,0.0
144.0,144,632,407.64990258023937,707.5161680693575,9.771366777571922,2.0,0.0
144.0,144,633,1108.4022669675037,83.27261632634887,9.77136677757192,2.0,0.0
144.0,144,636,678.9395493913311,932.0420116157227,12.311150689306299,4.0,0.0
144.0,144,638,72.48807693633793,227.56839219921014,7.755538950942392,1.0,0.0
144.0,144,640,40.71209953892539,450.60479202035236,7.755538950942392,1.0,0.0
144.0,144,641,154.08490576359958,924.1118144079427,7.755538950942392,1.0,0.0
144.0,144,646,375.0230446214854,892.7678517093669,13.261785059625714,5.0,0.0
144.0,144,647,175.70429569873735,281.7628274114083,9.771366777571922,2.0,0.0
144.0,144,649,1116.8030998949966,114.32101787474153,9.77136677757192,2.0,0.0
144.0,144,654,1294.4828989744274,123.4572095720141,11.185422719499034,3.0,0.0
144.0,144,655,578.0676323648848,701.5480191779208,7.755538950942392,1.0,0.0
144.0,144,658,575.1256824492789,344.70378632587267,14.835812298463564,7.0,0.0
144.0,144,659,1292.1699329226424,961.0515362608718,9.771366777571922,2.0,0.0
144.0,144,662,1133.8223708164003,967.1764188620664,7.755538950942392,1.0,0.0
144.0,144,665,1037.3601016357618,112.64234900880666,11.185422719499032,3.0,0.0
144.0,144,666,1232.4153117493636,1004.6071212065713,13.261785059625714,5.0,0.0
144.0,144,667,185.39600608560858,88.57036736217071,7.755538950942392,1.0,0.0
144.0,144,668,235.5940241531929,948.8747632563897,7.755538950942392,1.0,0.0
144.0,144,671,1025.872180080873,85.32611320597552,7.755538950942392,1.0,0.0
144.0,144,672,808.2588479060563,986.2753370439316,7.755538950942392,1.0,0.0
144.0,144,674,1061.2107176450884,642.574640373347,7.755538950942392,1.0,0.0
144.0,144,675,393.82848271323337,496.6292155795569,7.755538950942392,1.0,0.0
144.0,144,682,1216.8142706187919,86.07888672288972,7.755538950942392,1.0,0.0
144.0,144,684,1306.7709921179653,939.9961446330351,11.185422719499034,3.0,0.0
144.0,144,687,1210.6931266669187,285.2211814110605,12.311150689306297,4.0,0.0
144.0,144,688,237.95085633819392,491.96568804754713,7.755538950942392,1.0,0.0
144.0,144,689,434.4191117567242,614.171099888731,7.755538950942392,1.0,0.0
144.0,144,694,1107.3994905858276,881.3331702808988,7.755538950942392,1.0,0.0
144.0,144,698,669.250985480282,95.59411277171169,9.771366777571922,2.0,0.0
144.0,144,700,448.1005368663773,508.70489374088635,12.311150689306299,4.0,0.0
144.0,144,702,694.0267629953107,38.44032377442695,7.755538950942392,1.0,0.0
144.0,144,704,146.06727071281324,253.59103873414597,9.771366777571922,2.0,0.0
144.0,144,705,412.40340783946993,414.8019398847599,12.311150689306299,4.0,0.0
144.0,144,706,306.96085122662697,203.92128509342092,11.185422719499032,3.0,0.0
144.0,144,707,253.0088107391897,253.62996447301163,11.185422719499032,3.0,0.0
144.0,144,710,810.2596954958185,673.556865336038,9.771366777571922,2.0,0.0
144.0,144,717,522.0324029803116,655.8004860335365,15.511077901884784,8.0,0.0
144.0,144,718,429.6381170830006,161.66482336517575,9.771366777571922,2.0,0.0
144.0,144,720,639.3508447196654,836.068436013638,9.77136677757192,2.0,0.0
144.0,144,722,1004.3931908063971,787.6688436313415,13.261785059625714,5.0,0.0
144.0,144,723,430.8765055190524,587.0019670762763,11.185422719499032,3.0,0.0
144.0,144,724,890.6104634544696,625.0961025420651,7.755538950942392,1.0,0.0
144.0,144,726,1265.3837318093922,54.820934034223924,9.771366777571922,2.0,0.0
144.0,144,728,1029.7420409053461,395.5905901544122,7.755538950942392,1.0,0.0
144.0,144,729,570.7682206006057,100.32688345853987,11.185422719499034,3.0,0.0
144.0,144,730,693.6745684450788,465.6588664247794,9.77136677757192,2.0,0.0
144.0,144,733,242.54131368393362,290.6851367416536,12.311150689306297,4.0,0.0
144.0,144,734,1332.3080869106348,24.45489944969202,7.755538950942392,1.0,0.0
144.0,144,735,720.6558148014335,3.232300599634492,7.755538950942392,1.0,0.0
144.0,144,737,1101.6246851754531,489.12029338971274,14.09274953626919,6.0,0.0
144.0,144,746,1269.8636753163807,385.1501804595179,9.77136677757192,2.0,0.0
144.0,144,750,786.0747507831435,247.2825823565753,9.77136677757192,2.0,0.0
144.0,144,752,1300.5306430077494,702.6372765693254,9.771366777571922,2.0,0.0
144.0,144,753,641.6828845420437,477.8411152837946,9.771366777571922,2.0,0.0
144.0,144,754,548.5044729709762,719.0314865382558,7.755538950942392,1.0,0.0
144.0,144,755,938.0894442726959,131.30761318379427,9.771366777571922,2.0,0.0
144.0,144,758,649.8413469322172,405.4082372566734,9.77136677757192,2.0,0.0
144.0,144,759,57.09486106536459,617.6261412199032,12.311150689306299,4.0,0.0
144.0,144,760,153.578997555284,1020.5765401286825,11.185422719499034,3.0,0.0
144.0,144,762,992.0788064471391,47.811941996883874,13.261785059625714,5.0,0.0
144.0,144,764,212.57142237282238,667.7344868933834,7.755538950942392,1.0,0.0
144.0,144,765,725.326833719344,467.26079883612283,11.185422719499034,3.0,0.0
144.0,144,766,356.8870495685594,5.125938232579069,11.185422719499034,3.0,0.0
144.0,144,767,365.16732546942364,604.6530993528936,7.755538950942392,1.0,0.0
144.0,144,768,711.9098999304026,637.3764744596168,15.511077901884784,8.0,0.0
144.0,144,769,7.854763493176105,689.2108222502009,12.311150689306299,4.0,0.0
144.0,144,772,1033.3746777196868,910.5488548837585,7.755538950942392,1.0,0.0
144.0,144,773,927.7540643503272,652.2764072250978,9.771366777571922,2.0,0.0
144.0,144,774,67.54317587150977,837.0527367543453,11.185422719499034,3.0,0.0
144.0,144,776,1069.1544952653946,150.99463148186157,14.092749536269187,6.0,0.0
144.0,144,777,386.101873868144,335.79741709683054,9.771366777571922,2.0,0.0
144.0,144,780,237.75418229566748,688.3257135566423,11.185422719499032,3.0,0.0
144.0,144,781,428.2726440607009,202.6182105856781,7.755538950942392,1.0,0.0
144.0,144,782,149.44867648329736,575.2239747435087,12.311150689306297,4.0,0.0
144.0,144,783,165.55021087576122,703.607454499064,14.09274953626919,6.0,0.0
144.0,144,786,476.5946632010199,829.7599706372198,7.755538950942392,1.0,0.0
144.0,144,787,740.946894338893,860.9260624370418,11.185422719499032,3.0,0.0
144.0,144,788,1129.3002552738988,406.17226091868525,7.755538950942392,1.0,0.0
144.0,144,789,396.7969254552763,966.9274675284399,13.261785059625714,5.0,0.0
144.0,144,790,711.1222901273023,916.1506788879528,11.185422719499034,3.0,0.0
144.0,144,791,919.1689472773921,949.117786517208,12.311150689306299,4.0,0.0
144.0,144,792,568.227484726204,767.9395023161751,15.511077901884784,8.0,0.0
144.0,144,795,243.569886026325,837.1681681312101,11.185422719499032,3.0,0.0
144.0,144,796,243.3763175143434,314.82163681615793,7.755538950942392,1.0,0.0
144.0,144,799,40.74551603525195,201.3727146706007,7.755538950942392,1.0,0.0
144.0,144,800,348.02210758735856,724.4807289786617,9.77136677757192,2.0,0.0
144.0,144,805,718.6572135017933,975.5029176507222,9.77136677757192,2.0,0.0
144.0,144,806,383.11555460262764,683.3166739126445,9.771366777571922,2.0,0.0
144.0,144,809,1196.7034949947977,473.4053834145039,9.77136677757192,2.0,0.0
144.0,144,811,822.5276151823822,556.752782091575,16.132171110904203,9.0,0.0
144.0,144,812,42.40521039326902,409.06160499063475,7.755538950942392,1.0,0.0
144.0,144,815,469.8585911250577,565.1903286222538,9.77136677757192,2.0,0.0
144.0,144,817,1188.9817749519361,728.5663114069079,9.77136677757192,2.0,0.0
144.0,144,818,274.9496300310767,1016.839264271982,7.755538950942392,1.0,0.0
144.0,144,819,1029.9425814503275,944.1039589066382,7.755538950942392,1.0,0.0
144.0,144,820,1107.293676387236,576.3063356914557,7.755538950942392,1.0,0.0
144.0,144,821,1312.566274826964,36.44438811807376,14.09274953626919,6.0,0.0
144.0,144,823,464.3698528573588,687.0759966485499,7.755538950942392,1.0,0.0
144.0,144,826,982.378322452765,830.9169894184646,9.771366777571922,2.0,0.0
144.0,144,828,149.55268217000094,813.4581696409168,9.77136677757192,2.0,0.0
144.0,144,829,783.419445773256,139.7478538960311,9.77136677757192,2.0,0.0
144.0,144,830,436.9702022871107,749.4836394984426,9.771366777571922,2.0,0.0
144.0,144,831,825.902818509747,615.4035865705656,9.771366777571922,2.0,0.0
144.0,144,832,1042.6780381680333,459.97461488138555,14.09274953626919,6.0,0.0
144.0,144,833,449.4403226842986,328.3079994700706,12.311150689306299,4.0,0.0
144.0,144,837,954.3860698653217,637.6651357144661,11.185422719499034,3.0,0.0
144.0,144,838,298.4715395144465,310.8814042230917,7.755538950942392,1.0,0.0
144.0,144,839,970.2578874740157,92.404767319595,7.755538950942392,1.0,0.0
144.0,144,840,755.0273366576959,679.1325797123998,7.755538950942392,1.0,0.0
144.0,144,841,894.2826138562591,589.3234098954766,12.311150689306297,4.0,0.0
144.0,144,842,42.64765358267915,507.3866309828837,7.755538950942392,1.0,0.0
144.0,144,843,929.972282453378,904.7747436734137,7.755538950942392,1.0,0.0
144.0,144,845,1334.7088716114854,628.1010233771372,7.755538950942392,1.0,0.0
144.0,144,846,688.4673729977472,439.66046498470365,9.77136677757192,2.0,0.0
144.0,144,848,597.2262642887629,626.0897077021353,14.09274953626919,6.0,0.0
144.0,144,851,1319.668063678258,657.8830440122449,14.09274953626919,6.0,0.0
144.0,144,853,471.21228137922407,802.3252466461468,13.261785059625714,5.0,0.0
144.0,144,855,590.0392666776071,600.7317987630604,7.755538950942392,1.0,0.0
144.0,144,857,748.6856831688127,888.808693711685,9.771366777571922,2.0,0.0
144.0,144,859,891.4580448857838,777.6264160193884,9.771366777571922,2.0,0.0
144.0,144,861,1001.0007501768523,69.71819432621892,7.755538950942392,1.0,0.0
144.0,144,862,311.36599379154416,576.8015601318543,9.771366777571922,2.0,0.0
144.0,144,865,842.7105829865861,102.02155472469201,9.771366777571922,2.0,0.0
144.0,144,866,934.7402315178391,11.49825429012013,9.77136677757192,2.0,0.0
144.0,144,868,1298.3821261522019,806.5646069738748,14.092749536269187,6.0,0.0
144.0,144,869,1327.3246846220775,121.46500629129609,11.185422719499034,3.0,0.0
144.0,144,870,228.9327379449387,178.90479085982744,7.755538950942392,1.0,0.0
144.0,144,871,700.506274516793,759.1881451017505,13.261785059625714,5.0,0.0
144.0,144,873,60.48534791552169,398.50301422286554,7.755538950942392,1.0,0.0
144.0,144,877,174.83683875844937,430.4113465952328,7.755538950942392,1.0,0.0
144.0,144,879,703.6466186030278,330.62590761913054,11.185422719499034,3.0,0.0
144.0,144,882,293.42202007697,633.4166286191848,7.755538950942392,1.0,0.0
144.0,144,883,10.286254460921901,141.1093104412106,9.77136677757192,2.0,0.0
144.0,144,884,662.7232726750852,340.5390441659952,11.185422719499034,3.0,0.0
144.0,144,886,76.07994013894371,646.7927370667218,9.77136677757192,2.0,0.0
144.0,144,887,433.8875992194129,234.54966393820885,12.311150689306299,4.0,0.0
144.0,144,890,1265.5070745796097,247.45941870659567,11.185422719499032,3.0,0.0
144.0,144,892,340.3425583843154,47.95356350532009,7.755538950942392,1.0,0.0
144.0,144,894,1189.9226145207033,1019.7168511408304,12.311150689306299,4.0,0.0
144.0,144,896,231.58424551163097,924.8550665635264,7.755538950942392,1.0,0.0
144.0,144,897,736.5470987870495,580.9217122586958,9.77136677757192,2.0,0.0
144.0,144,898,1073.441983330249,289.91948047830823,11.185422719499034,3.0,0.0
144.0,144,899,1195.6422552635588,837.2541605217734,13.261785059625714,5.0,0.0
144.0,144,901,1058.0118441813045,1016.4671394145832,11.185422719499032,3.0,0.0
144.0,144,903,280.62461631656464,371.0116913970819,16.708802155803774,10.0,0.0
144.0,144,905,711.0653888968714,875.8680807298779,12.311150689306299,4.0,0.0
144.0,144,907,1164.957083788378,922.8939643946982,9.771366777571922,2.0,0.0
144.0,144,910,1272.1004726759875,787.9622744945286,9.77136677757192,2.0,0.0
144.0,144,912,429.3243018637537,897.8398762271,7.755538950942392,1.0,0.0
144.0,144,913,302.0298838091829,738.2906486893802,7.755538950942392,1.0,0.0
144.0,144,914,865.2665269442584,376.13343821904243,12.311150689306297,4.0,0.0
144.0,144,915,37.56234300665924,58.497558986601945,7.755538950942392,1.0,0.0
144.0,144,916,836.3879241758151,301.63713385014574,7.755538950942392,1.0,0.0
144.0,144,921,1227.6237775588552,473.49111246031646,7.755538950942392,1.0,0.0
144.0,144,925,908.8323177181218,346.1897769251276,12.311150689306299,4.0,0.0
144.0,144,926,234.75863542504538,85.87812899160807,14.092749536269185,6.0,0.0
144.0,144,927,1253.8590514967727,84.78947927618573,14.835812298463562,7.0,0.0
144.0,144,932,1279.3832803995156,534.3899744489192,13.261785059625714,5.0,0.0
144.0,144,933,1021.8031323844708,195.76894479507658,7.755538950942392,1.0,0.0
144.0,144,934,310.5154213256122,27.038198392344217,14.09274953626919,6.0,0.0
144.0,144,936,529.9436362731442,403.7708580595636,9.77136677757192,2.0,0.0
144.0,144,937,930.0972873258705,1006.7169800625038,9.77136677757192,2.0,0.0
144.0,144,939,1161.9029277032603,139.6468085846403,9.77136677757192,2.0,0.0
144.0,144,941,56.51891379815478,951.037298005326,11.185422719499032,3.0,0.0
144.0,144,947,417.738689262979,65.22045103625472,7.755538950942392,1.0,0.0
144.0,144,949,1212.2619100318414,38.435088238654295,11.185422719499032,3.0,0.0
144.0,144,950,387.53097437996144,633.0464692761125,13.261785059625712,5.0,0.0
144.0,144,951,96.8725452940334,324.008752857685,13.261785059625714,5.0,0.0
144.0,144,952,187.8301131039323,185.95914731331484,7.755538950942392,1.0,0.0
144.0,144,953,585.0748975904114,136.28552427234578,9.77136677757192,2.0,0.0
144.0,144,955,473.2510504730477,415.67448501114217,11.185422719499034,3.0,0.0
144.0,144,956,1063.688400069069,612.8007890134563,9.77136677757192,2.0,0.0
144.0,144,957,268.13857695997143,533.9092891177627,12.311150689306297,4.0,0.0
144.0,144,959,190.2080261694018,909.0418932275063,9.77136677757192,2.0,0.0
144.0,144,961,277.38181016055,177.51180611880181,9.77136677757192,2.0,0.0
144.0,144,962,1307.2478260094292,854.5582793367785,16.132171110904203,9.0,0.0
144.0,144,965,861.5586618839674,484.4253458628297,7.755538950942392,1.0,0.0
144.0,144,969,442.3096411913303,467.5381440446135,9.77136677757192,2.0,0.0
144.0,144,971,1168.1396318858085,824.1982160971145,7.755538950942392,1.0,0.0
144.0,144,972,495.9468267901858,587.9968581123755,11.185422719499032,3.0,0.0
144.0,144,975,41.40871454392241,726.6084834040267,7.755538950942392,1.0,0.0
144.0,144,977,1031.89955588353,144.7388645539347,7.755538950942392,1.0,0.0
144.0,144,980,339.7278775548798,752.2439366172341,9.771366777571922,2.0,0.0
144.0,144,981,987.5101391785201,405.0499190332254,9.771366777571922,2.0,0.0
144.0,144,983,923.0013030401769,524.3498623999307,7.755538950942392,1.0,0.0
144.0,144,985,1245.2696963846274,941.6137803583571,13.261785059625712,5.0,0.0
144.0,144,986,1161.3967478016712,784.3306718247055,13.261785059625714,5.0,0.0
144.0,144,987,1166.305790636244,876.0929240033029,7.755538950942392,1.0,0.0
144.0,144,988,1126.784944480988,602.3050840316405,7.755538950942392,1.0,0.0
144.0,144,989,532.9252140197561,946.4862798801704,12.311150689306297,4.0,0.0
144.0,144,995,34.65453881398659,18.85482946712181,14.092749536269185,6.0,0.0
144.0,144,996,259.25257829651537,857.8529802121818,9.77136677757192,2.0,0.0
144.0,144,998,6.748153772643687,975.6636216780614,7.755538950942392,1.0,0.0
144.0,144,1000,173.0558466459161,872.941428101016,9.77136677757192,2.0,0.0
