
===== STAGE 1 =====
Evaluated: 120 candidates
Best score: 10.625  |  NND RMSE: 9.302  |  Penalty: 1.323
Best params:
  -      merge_prob: 0.85993
  -        adhesion: 0.976702
  -   fragment_rate: 0.0117688
  -   heading_sigma: 0.703713
  -          dist_s: 0.822062
  -      dist_scale: 3.44155
  - init_n_clusters: 1004
