
===== STAGE 6 =====
Evaluated: 160 candidates
Best score: 1.384  |  NND RMSE: 0.702  |  Penalty: 0.683
Best params:
  -      merge_prob: 0.728984
  -        adhesion: 0.685847
  -   fragment_rate: 0.00161377
  -   heading_sigma: 0.780944
  -          dist_s: 0.607145
  -      dist_scale: 2.1842
  - init_n_clusters: 779
