
===== STAGE 2 =====
Evaluated: 120 candidates
Best score: 2.034  |  NND RMSE: 1.500  |  Penalty: 0.534
Best params:
  -      merge_prob: 0.847164
  -        adhesion: 0.780852
  -   fragment_rate: 0.00190163
  -   heading_sigma: 0.665358
  -          dist_s: 0.572175
  -      dist_scale: 2.05365
  - init_n_clusters: 789
