
===== STAGE 5 =====
Evaluated: 120 candidates
Best score: 23.220  |  NND RMSE: 8.456  |  S0 RMSE: 13.776  |  Penalty: 0.988
Best params:
  -      merge_prob: 0.91804
  -        adhesion: 0.825723
  -   fragment_rate: 0.000359855
  -   heading_sigma: 0.446605
  - init_n_clusters: 974
  -          dist_s: 0.665194
  -      dist_scale: 3.48741
