
===== STAGE 6 =====
Evaluated: 160 candidates
Best score: 7.218  |  NND RMSE: 5.224  |  Penalty: 1.994
Best params:
  -      merge_prob: 0.864704
  -        adhesion: 0.933345
  -   fragment_rate: 0.000317667
  -   heading_sigma: 0.437786
  -          dist_s: 0.839801
  -      dist_scale: 3.40744
  - init_n_clusters: 916
