
===== STAGE 1 =====
Evaluated: 120 candidates
Best score: 15.286  |  NND RMSE: 8.057  |  Penalty: 7.229
Best params:
  -      merge_prob: 0.781509
  -        adhesion: 0.918531
  -   fragment_rate: 0.000640255
  -   heading_sigma: 0.144335
  -          dist_s: 0.799986
  -      dist_scale: 3.21856
  - init_n_clusters: 981
