
===== STAGE 5 =====
Evaluated: 1000 candidates
Best score: 22.744  |  NND RMSE: 11.453  |  S0 RMSE: 10.646  |  Penalty: 0.645
Best params:
  -      merge_prob: 0.71916
  -        adhesion: 0.681608
  -   fragment_rate: 0.00026363
  -   heading_sigma: 0.563697
  - init_n_clusters: 1016
  -          dist_s: 0.695466
  -      dist_scale: 3.68727
